1 0.1078125 0.78984375 0.14296875 0.26484375
1 0.4953125 0.89140625 0.16171875 0.21640625
1 0.61796875 0.70859375 0.146875 0.228125
1 0.684375 0.36015625 0.078125 0.090625
2 0.175 0.50390625 0.07578125 0.16640625
1 0.6390625 0.51171875 0.1125 0.13359375
1 0.48046875 0.465625 0.08046875 0.12578125
1 0.22265625 0.3734375 0.04921875 0.0890625
1 0.83984375 0.421875 0.09375 0.08515625
1 0.85078125 0.48828125 0.11796875 0.10546875
1 0.45078125 0.371875 0.06328125 0.0796875
1 0.33671875 0.35546875 0.05234375 0.09453125
3 0.76953125 0.30859375 0.15625 0.1484375