1 0.6558946473344329 0.06583447189974162 0.026091138558944314 0.03851867193911027
1 0.6704656126946968 0.07581430836358834 0.03086956677218957 0.04183467292769345
1 0.45064354301951326 0.2381538463868595 0.08522209765100222 0.08618685079830275
1 0.6961332024281403 0.08077106380079581 0.029170674452321778 0.03708350593149905
1 0.7184401114410557 0.06681865174751729 0.027380853919208192 0.02920733893530465
1 0.7038464140274805 0.057620065283670564 0.022647889812585476 0.02745383794672147
1 0.7394573050937072 0.04342757269804438 0.027335389812585476 0.02764483893530466
1 0.7352184344814515 0.08158148870565558 0.032613923198680436 0.048148339923887826
1 0.7311841523489979 0.11270415471326681 0.03757420783841638 0.057714340912471004
1 0.7065933293086021 0.09762298277415654 0.029261602665567033 0.04020850593149905
1 0.5692033264056081 0.22264820459953608 0.05089256175762476 0.08634867688202616
1 0.517820334323167 0.13373294323082957 0.031187815518548413 0.05277217292769345
1 0.60296221245727 0.1645783780215211 0.04565949247815269 0.06740767589344294
1 0.7090219958433649 0.14856340026464251 0.045523100158284535 0.06272017589344299
1 0.7707862099499876 0.149515746614321 0.046994671945039104 0.05965884288963737
1 0.5770505818158845 0.11424545558811924 0.03582985141192587 0.05140067391627658
1 0.8097434098708453 0.18160800501727797 0.05544366943775678 0.0818521778706093
2 0.7663056469387216 0.2228577461200294 0.07496655925034226 0.10917868182494202
1 0.5720281126946969 0.07180328760334168 0.027608174452321776 0.03701983893530465