1 0.228125 0.020549274648943773 0.03125 0.018825243102595035
1 0.653125 0.7568850808442363 0.215625 0.2784879274079056
2 0.2546875 0.4485038562861495 0.1109375 0.21050148801421234
2 0.315625 0.025134955336209873 0.034375 0.018989017412854546
1 0.28828125 0.28542068012143923 0.0796875 0.11042624491161739
2 0.3984375 0.05056872455808673 0.0453125 0.05862472749876282
1 0.1921875 0.16085337008095948 0.053125 0.07778416327441158
2 0.421875 0.043203281885033 0.04375 0.04448034034363305
1 0.40234375 0.08358594244591111 0.0453125 0.0601872274987628
1 0.21484375 0.8966962765715374 0.175 0.20660744685692514
1 0.1765625 0.06081574852966196 0.0375 0.050402791723114036
2 0.071875 0.3451730591359686 0.0875 0.1827106806872661
1 0.4984375 0.17377825248639084 0.075 0.07736808344622811
1 0.659375 0.1720563794647553 0.0828125 0.07465251922187681
2 0.0984375 0.03172139077317437 0.034375 0.054926517412854536
1 0.1171875 0.01786028663473139 0.025 0.024747694482076026
1 0.02265625 0.16681236374938138 0.0359375 0.0800084045679843
1 0.02265625 0.0457186137493814 0.0296875 0.05936835594746529
1 0.96875 0.2898325361804462 0.0625 0.10327548620519007