1 0.9964397045258725 0.45963867472643116 0.0071205909482550565 0.05199914764263518
1 0.49133262811375317 0.9370955473521849 0.13522040339440444 0.12580890529563007
1 0.3248718359592754 0.9315668312649157 0.14296018052176757 0.13686633747016863
1 0.14180480590504613 0.8805865281217624 0.15086358411256368 0.15542386228216215
1 0.02295026677563051 0.8570869079817174 0.03661018657189171 0.11729881596343468
1 0.5192843904103933 0.78726048304138 0.11350902985783762 0.17867727171162162
1 0.3816525802037388 0.7582000676160645 0.11664312021691714 0.18038532092583334
1 0.2402372398446592 0.7500514656729844 0.13703743344863373 0.19539389081820957
1 0.08241564948557957 0.7411387303552928 0.14640334308955413 0.19426803846084476
1 0.04749977312034231 0.646568938998964 0.0884726684215191 0.171262877997928
1 0.4432662701934761 0.6087673019002988 0.10404312626704133 0.1626156240689866
1 0.310644667734148 0.635393960296301 0.10238972267624522 0.14691784946188075
1 0.17461171896381206 0.6126563194780914 0.12450107201231528 0.18856169396136266
1 0.35549355942108757 0.5578169239023708 0.08504768657189174 0.11955482878371626
1 0.26165720100983114 0.5386066974760194 0.08819086729005096 0.12282537799792799
1 0.3817015354169825 0.4981165922231704 0.07403746369925468 0.10654540653397522
1 0.31279245413308915 0.4675707595105127 0.07399201190385671 0.0987329065339754
1 0.4204640535673551 0.4483734574008169 0.0613829275949012 0.07940070967712849
1 0.34456917407885984 0.4253126389561828 0.05824883723582168 0.07769266046291676
1 0.4256646379745064 0.40253441852568733 0.051953385440423536 0.0695890620344933
1 0.3638640747427898 0.38559732154500603 0.05198065651766246 0.07427656203449332
1 0.3910669241770557 0.36265212716935846 0.051953385440423536 0.0695890620344933
1 0.41434988807270223 0.33718124627594637 0.04411361436318462 0.06453768899896399
3 0.4619697766363838 0.33315087179267505 0.08676472267624522 0.1461901033908221
3 0.14405608967170855 0.4620548519430801 0.28483965007475476 0.3616097038861602
3 0.27309362899751594 0.3563763943328663 0.13862720452587265 0.20015416542531544
3 0.3360612616092691 0.30541751592065347 0.10397040339440444 0.15011562406898663
3 0.4014362767345796 0.2655052994190995 0.10863063231716552 0.1456464478903042
3 0.481232861043535 0.28796680438149824 0.06783291549465283 0.11406680810555195
0 0.9689096021647405 0.4083651191020786 0.06218079567051902 0.08267125889134022
1 0.9580095053627531 0.4812204222452318 0.05353406615858276 0.07278683664159917
3 0.2733976351458359 0.2743815316364192 0.13681017447164337 0.15633139081820957
1 0.6256277556573406 0.27126095553879004 0.03147725897699054 0.040517992142117085