1 0.13203125 0.83046875 0.16015625 0.26640625
1 0.72734375 0.17421875 0.02890625 0.04609375
1 0.696875 0.2140625 0.034375 0.059375
1 0.3375 0.76171875 0.12421875 0.21640625
2 0.64453125 0.21640625 0.03359375 0.0703125
1 0.80703125 0.19453125 0.03828125 0.05390625
1 0.25390625 0.41328125 0.071875 0.1015625
1 0.0984375 0.471875 0.09765625 0.11640625
1 0.79375 0.2484375 0.04375 0.0609375
1 0.33125 0.2890625 0.04609375 0.06640625
1 0.27734375 0.27109375 0.053125 0.078125
1 0.38359375 0.22578125 0.0375 0.05546875
1 0.87578125 0.2609375 0.05 0.06875
1 0.89140625 0.409375 0.075 0.09609375
1 0.51484375 0.19921875 0.03046875 0.0515625