1 0.5122511996600689 0.6729989298982268 0.15302112290951406 0.2709033130679506
1 0.5805349530785413 0.36021213957535536 0.08103440729444458 0.12863873035529289
1 0.4854406586256247 0.346397888541898 0.0761650693385418 0.12060790653397531
1 0.7167789647620483 0.4877828296077766 0.1043277433504862 0.1905950748547749
1 0.6100614117597567 0.2341055578961549 0.056796820288472286 0.09317211124870503
1 0.694127287234722 0.2513166366798712 0.05686955547083343 0.09629711124870503
1 0.6359894385452429 0.16179606430629567 0.048438806420763925 0.06937073821317571
1 0.9632396567257636 0.3154691437091845 0.057233231382639006 0.11192211124870503
1 0.6432940986894791 0.1167746627347191 0.04029899810013902 0.05494436517764645
1 0.6972003486894791 0.11928538667987118 0.03731946846486114 0.06104881596343472
3 0.5279775700041318 0.13173822911243857 0.15083906743868064 0.17715331306795062