1 0.61875 0.21484375 0.03359375 0.0515625
1 0.1828125 0.715625 0.13125 0.18671875
1 0.67578125 0.209375 0.03515625 0.05390625
1 0.7328125 0.21953125 0.03828125 0.05546875
2 0.10390625 0.421875 0.11328125 0.190625
1 0.7703125 0.184375 0.03515625 0.0484375
1 0.63046875 0.28125 0.04453125 0.078125
1 0.359375 0.25390625 0.04140625 0.05703125
1 0.3 0.26171875 0.04296875 0.059375
1 0.8375 0.30703125 0.05546875 0.071875
1 0.77578125 0.4390625 0.06875 0.09453125
1 0.43984375 0.2109375 0.034375 0.05546875
1 0.49921875 0.20703125 0.03125 0.05390625
1 0.45859375 0.17890625 0.03203125 0.0484375