1 0.3421875 0.48671875 0.11171875 0.159375
1 0.21640625 0.0640625 0.03046875 0.03515625
1 0.26640625 0.06015625 0.03046875 0.04296875
1 0.3109375 0.05859375 0.03203125 0.03671875
1 0.31328125 0.03828125 0.03125 0.03359375
3 0.22890625 0.228125 0.13828125 0.228125
1 0.42890625 0.33203125 0.09375 0.109375
2 0.39140625 0.08203125 0.04453125 0.0484375
1 0.146875 0.440625 0.08671875 0.13515625
1 0.33671875 0.1203125 0.04453125 0.04453125
1 0.3796875 0.1109375 0.04609375 0.0515625
1 0.50234375 0.16484375 0.06484375 0.0703125
1 0.6015625 0.16640625 0.06796875 0.06484375
1 0.69609375 0.21015625 0.084375 0.071875
1 0.09765625 0.1140625 0.03515625 0.0484375
1 0.15390625 0.1015625 0.034375 0.04609375
1 0.04140625 0.121875 0.034375 0.0484375
1 0.68671875 0.165625 0.07890625 0.06484375
1 0.10078125 0.05703125 0.03046875 0.04453125
1 0.875 0.41328125 0.15390625 0.128125
1 0.9609375 0.38359375 0.078125 0.1015625