1 0.6719771121670093 0.11344733095588999 0.037974843878220456 0.0512549651536097
1 0.7357531106841344 0.1041789691603249 0.039728344866803766 0.05599702885594056
1 0.6363062090109792 0.17884664166299596 0.046551347832553346 0.07027778366526398
2 0.7175243755128822 0.17522807914179145 0.05206651878308044 0.09075397477225655
1 0.7870291092012598 0.09534711698340666 0.042662343878220634 0.05141865626060227
2 0.09633376091159597 0.4441468148834572 0.134202539543327 0.19191965988879928
1 0.7633170365775774 0.14702866807186576 0.0544911818249421 0.07367560217691826
1 0.3639921517103362 0.31196919882672286 0.06775518577927464 0.09286211179556503
1 0.8484414530794802 0.14327369629483414 0.052292011862998325 0.05799603847458741
1 0.6979652450942652 0.348030662081416 0.07607702174882984 0.1056349303072194
2 0.8449330869953193 0.3835812377646464 0.10193386760421674 0.16582838584218215
1 0.35899429250907644 0.18931294882672284 0.04141817885919252 0.059176592558271415
1 0.8483087322798649 0.6776313381274661 0.14552204152049342 0.20167660580511537
1 0.965550698630856 0.3337672323223508 0.06889860273828816 0.1307986214142119
2 0.48804778114036995 0.13082334783093097 0.03236151384016441 0.06666171034428628