1 0.05625 0.81015625 0.11015625 0.259375
1 0.26953125 0.88046875 0.17421875 0.2390625
1 0.78046875 0.21484375 0.04375 0.0609375
1 0.29609375 0.334375 0.065625 0.09453125
1 0.65234375 0.26796875 0.03984375 0.07578125
2 0.74453125 0.27109375 0.05390625 0.10703125
1 0.85078125 0.2109375 0.04296875 0.05703125
1 0.87890625 0.31875 0.07109375 0.09609375
2 0.32734375 0.253125 0.04921875 0.09296875
1 0.71953125 0.5109375 0.084375 0.1515625
1 0.96875 0.47109375 0.0625 0.11640625
1 0.97421875 0.340625 0.05078125 0.078125