1 0.24032798174264602 0.8374901076525114 0.1973421988616142 0.30650614718563746
1 0.13588376380301298 0.6382419945971538 0.20331946347211086 0.29124516823232477
1 0.08751622200011808 0.4970030735928187 0.15626145697928912 0.1886060156438411
1 0.694905576705931 0.24302310196731652 0.04319662094116268 0.06026964206513989
1 0.06991525933549084 0.3950842578219206 0.13983051867098167 0.16113346302712275
1 0.391478793427748 0.3770670890954856 0.09267051542127547 0.12246580517696729
1 0.525877112826783 0.3387542889684287 0.07356595941492117 0.10106124203690499
1 0.46459078531007314 0.26558282850155474 0.06235572402541774 0.0847992052052021
1 0.7068952877457051 0.36259214932236317 0.07194891233702042 0.09784523677523324
1 0.37730897362167587 0.24798653384793118 0.07677278003177213 0.10593075256024873
1 0.5582141002448813 0.23349764157102976 0.05278980925276535 0.07331567363517104
1 0.9168958047918337 0.4733608622788987 0.09088982710967279 0.10987479991529554
1 0.5365260608776184 0.17670931527678793 0.04478639448011279 0.06192314732681181
1 0.9773929740287131 0.4573333148532649 0.033050053570722326 0.10494510523343692