1 0.020973596117085522 0.8626909147726524 0.023220418682362916 0.11600682954530477
1 0.07560545743154093 0.7246102621748646 0.13721128803308938 0.2460955243497292
1 0.16163276941435992 0.5995750803560836 0.11141130935708983 0.17690914772652383
1 0.5410230141231307 0.9109722763783242 0.1599760786919079 0.17805544724335148
1 0.3840184887809947 0.8487195125786064 0.15143742003499838 0.2604034862002823
1 0.16375144211485834 0.8487801935866084 0.18383174936345315 0.2250387305182393
1 0.4254140060868597 0.6471394216692159 0.120877216024817 0.18488528896022577
1 0.5580548781030862 0.7689616489410445 0.13047039202736244 0.20379893019392786
1 0.24533451273072435 0.4760614882288772 0.1175158586887262 0.16451824188232517
1 0.2579997867599957 0.6918637662320544 0.16050333736472577 0.23400462743398442
1 0.043726559396860716 0.4686369517042833 0.07821700135263548 0.1435239034085667
1 0.19153570870463463 0.28297396144351594 0.077544292011454 0.08571140340856669
1 0.08887433271004345 0.32101765787279357 0.08869996801399935 0.10465231818121908
1 0.7265652367122707 0.34855151176453225 0.08248633068109008 0.10766822402541773
2 0.4069879860359529 0.2718939598186629 0.06518974267981754 0.09799321509696393
2 0.2335226666931806 0.19934898376465032 0.05401588534372674 0.07748980032431155
1 0.8195259907304061 0.48374076379312714 0.09355110001590852 0.11879663879807012