1 0.651034738292535 0.20601873548503064 0.03781816256778665 0.05577863855894431
1 0.7328069130587659 0.24816311988733988 0.0441045240041051 0.06221049498543509
1 0.764361440087933 0.19491008775488625 0.04249657220870695 0.05435253087881238
1 0.8230506388582691 0.17679893375653571 0.042551114363184796 0.06372753087881237
1 0.30886892242853986 0.4807736607287751 0.08980790944452863 0.13071645407749272
1 0.39188997980652396 0.5767788310244617 0.10250789734428026 0.1654551669304743
1 0.6677177233636162 0.2922373803121811 0.05201701795398091 0.07962531551854841
1 0.7612222836684666 0.3316970339148203 0.06615224082661779 0.0925344924781526
1 0.2911188619272978 0.3094442300082473 0.06458065046753818 0.09092652837152997
1 0.8687580485973854 0.24186399261116662 0.05189884328594587 0.0593128155185485
1 0.8530325337666624 0.3938584016240821 0.06774201190385654 0.09726745658477523
1 0.7038178080653552 0.5317712417532368 0.08824540944452863 0.13067098997087018
1 0.9063377783057135 0.7641194258389769 0.15435219847574827 0.2153929824490227
1 0.7515724893726896 0.9162538903413111 0.1585306383672897 0.12802937476889084