1 0.6993171053071375 0.23383011249066024 0.04916475334181776 0.0653211631118273
1 0.6927040259786829 0.19748308881313692 0.039735209341181486 0.060087631541796235
2 0.7305847392982289 0.3013207203549332 0.07322041868236298 0.11981124203690499
1 0.817446750596776 0.5628035229010645 0.12531017735518085 0.1681269156720761
1 0.25726213391154956 0.6669878918533785 0.1908817280394528 0.30154563140062185
1 0.21123366060632093 0.4571354787415511 0.11744313335454448 0.1629843893637169
1 0.29599901193509387 0.49568901550266686 0.13152381468808994 0.1653659367187636
1 0.4366620166295472 0.2990554811606255 0.07460110534690845 0.1042772472985769
1 0.4138881353039559 0.24065915223554776 0.06342724801081764 0.08332771046687401
1 0.49315801197486486 0.21400491794997617 0.05390679734245403 0.07028167889684286
1 0.5350995166295471 0.30478881264595203 0.07307496801399935 0.10731124203690508
1 0.4545227733131828 0.17501103640817992 0.04287839067472703 0.06183214206513989
1 0.5250989026495917 0.1564500231834131 0.03964430267345413 0.052275131541796235
1 0.5687125426480009 0.1707169205102249 0.03971702800763595 0.05852513154179624
2 0.495793210654046 0.121908423211648 0.04460452267663584 0.07598564732681176