1 0.9688323341125636 0.36852136910207867 0.062335331774872674 0.05610875889134022
1 0.5616178570365143 0.934372961744043 0.10714994554888228 0.13125407651191381
1 0.3992042154477707 0.9452686893085502 0.12103972872636941 0.10946262138289953
1 0.21556501365237252 0.9331261001857516 0.1258181323171656 0.13374779962849673
1 0.057834326884089106 0.94375 0.10534200585373246 0.1125
1 0.5558986012809777 0.7710019363083676 0.08215903590796181 0.16003427956950453
1 0.4207650771786767 0.768613182793711 0.08528403590796181 0.16017982878371625
1 0.28575427292395056 0.7873181792790543 0.10410675878059869 0.17355312406898663
1 0.1335696042078439 0.8075664050862332 0.11345448770335986 0.1693022717116218
1 0.058900881433402816 0.726765861248705 0.11022040339440445 0.15040672249741008
1 0.4511014960911751 0.6130374249358281 0.07581813231716553 0.14411818114108108
1 0.33033045383850157 0.6628661428851241 0.07573631908544902 0.13005568114108107
1 0.19679579117251905 0.6668001639775734 0.09157948770335986 0.1682834272121397
1 0.3587458244482022 0.5798374731165825 0.06466246369925477 0.10610875889134022
1 0.2650140051663614 0.5785959966902311 0.06779655405833437 0.10781680810555194
1 0.3716589149054777 0.5171748072769823 0.05677724082661788 0.09324488585581073
1 0.3012646016737611 0.4998374499572188 0.05674087939029935 0.08699488585581072
1 0.39945666197861146 0.46223475020488775 0.04882838544042354 0.06944351282028158
1 0.3236481409013726 0.45401768176025376 0.044131795081343926 0.06766268899896417
1 0.3960680415653025 0.4167767009906761 0.040970433645025485 0.06126713978475244
1 0.3335544060266831 0.41152196670644176 0.040988614363184794 0.06439213978475226
1 0.3560515747427898 0.3852334485094767 0.040970433645025485 0.06126713978475227
1 0.37306181274073724 0.3555652191876411 0.03313975292686626 0.05777826674922295
3 0.4167254543294809 0.34275915818660513 0.06168290944452863 0.1309632096771284
3 0.13975038475305251 0.5274615281217625 0.2267635296614458 0.3136045434232434
3 0.24211179459036464 0.4010146521907491 0.10412493949875792 0.17667812406898661
3 0.2925203398681003 0.3393173269216895 0.07887040944452864 0.13176373035529282
3 0.3468987676593933 0.28873943817039444 0.0850931383672898 0.12736732878371626
3 0.4266044483775525 0.29557594313279323 0.04745678298109546 0.10218323821317572
0 0.8894589723816576 0.378054726836127 0.05677724082661797 0.09324488585581081
1 0.6738379966803503 0.2344544683590716 0.022020445745273776 0.026018844499481997
1 0.5942777617074649 0.25261796339667286 0.025181807181592398 0.03241439371369372
1 0.5527715177575891 0.23350193630836769 0.018895445745273954 0.02587329528527036
1 0.7556515989432866 0.3351137479285762 0.034629530054229286 0.045351041356328815
1 0.9777033400644921 0.4720466294411609 0.04459331987101578 0.07093323821317572
3 0.37232094847574837 0.2282214691876411 0.051953385440423536 0.0695890620344933