1 0.65546875 0.39609375 0.08046875 0.15390625
1 0.5859375 0.31171875 0.06875 0.11640625
2 0.62109375 0.22890625 0.05546875 0.12578125
1 0.90625 0.8046875 0.1875 0.334375
1 0.5609375 0.21171875 0.05625 0.0796875
1 0.79765625 0.41171875 0.11328125 0.20390625
1 0.61171875 0.16015625 0.05 0.07421875
2 0.703125 0.19453125 0.05546875 0.11484375
1 0.78359375 0.065625 0.03125 0.05
1 0.6640625 0.140625 0.04140625 0.071875
1 0.84296875 0.08125 0.04140625 0.059375
1 0.80390625 0.11484375 0.04609375 0.0609375
1 0.66015625 0.10546875 0.03515625 0.04609375
1 0.59609375 0.0765625 0.03125 0.0484375
1 0.90546875 0.2015625 0.065625 0.08359375
1 0.95234375 0.35703125 0.09453125 0.1390625
1 0.975 0.26796875 0.05 0.0859375
3 0.45859375 0.5765625 0.21875 0.66875