1 0.6978370154198981 0.2700666366798712 0.04567611436318479 0.06461046360606985
1 0.791705190087933 0.25412061310622264 0.042478391490547905 0.05196491439185813
1 0.762421690186129 0.3176180328747643 0.05353406615858276 0.07278683664159917
1 0.6826751028521115 0.32406277791236554 0.05353406615858276 0.07278683664159917
1 0.1670359464326449 0.43680229487098554 0.13385789129415607 0.18587334160399785
1 0.8657830395221989 0.2817961569437509 0.050354524004104916 0.06326628742738745
1 0.8326114703385542 0.34198664019452785 0.05822156615858276 0.07300516046291676
1 0.6891472957687149 0.4204840136443419 0.07085792154477702 0.09702485731976349
1 0.795374569871016 0.42933893692754027 0.07552724082661796 0.09411818114108109
1 0.44130521428842995 0.3065691011145105 0.06455337939029934 0.08735875889134022
1 0.2939307654198981 0.25125440074300703 0.06457156010845858 0.09048375889134012
1 0.4284830274219507 0.22704426695411078 0.055105656517662284 0.07442211124870504
1 0.5422319100337039 0.28626306327283835 0.056704517953980904 0.0807448858558109
1 0.9105501179774219 0.37765662054982074 0.0613647468767418 0.0762757096771284
1 0.7061206514494969 0.5924146716260592 0.10390677088084707 0.1391781240689866
1 0.38258017496262264 0.19208491604448802 0.048801114363184794 0.06475601282028158
1 0.5058995002945876 0.21814661000585073 0.04567611436318479 0.06461046360606985
2 0.8791985613850049 0.7966227903183624 0.15597833098930564 0.22907968610347992