1 0.40390625 0.7765625 0.18203125 0.22421875
1 0.18828125 0.575 0.10390625 0.13671875
1 0.0734375 0.47578125 0.06875 0.09453125
3 0.07109375 0.3546875 0.13984375 0.140625
1 0.140625 0.4359375 0.07890625 0.08671875
3 0.36640625 0.546875 0.4125 0.4109375
3 0.80625 0.7859375 0.3875 0.428125
1 0.60546875 0.525 0.1375 0.1109375
3 0.29375 0.3296875 0.16328125 0.1609375
1 0.44296875 0.40546875 0.09453125 0.09296875
1 0.58828125 0.46015625 0.12265625 0.11484375
1 0.77265625 0.528125 0.153125 0.1390625
3 0.909375 0.45703125 0.18125 0.2109375
1 0.66953125 0.43125 0.121875 0.10390625
1 0.50390625 0.38046875 0.090625 0.09296875
3 0.38203125 0.31328125 0.16796875 0.1484375
1 0.02109375 0.41484375 0.03984375 0.08515625
1 0.95 0.59609375 0.1 0.1203125