1 0.7494642535433791 0.23024455323045928 0.034449411069925696 0.04725680800445433
1 0.7004637583527025 0.2245672652371408 0.03606647477225664 0.048837489337999786
1 0.2648436506486706 0.7348995219605473 0.1786061827542901 0.23948176535645355
1 0.7092559157944311 0.2635115865690954 0.04911211179556503 0.06460794000636332
1 0.8004811165200705 0.2452695692234596 0.04064484736759475 0.045767033338636055
1 0.7542856735989794 0.2934439872295048 0.05229167549789597 0.06620680267345432
1 0.6877157324919868 0.2989041939051862 0.05234623920022674 0.06776930267345423
1 0.8150594824919868 0.2974224152212324 0.05051092068857273 0.05993862133990877
1 0.8583928202409348 0.26411901921550546 0.04387897477225664 0.04892839600572696
1 0.6919543099893157 0.401157037237459 0.07196925843752044 0.09298747867599957
1 0.505456303998866 0.32991947859645776 0.07358632213985139 0.09456816000954502
1 0.8507935966498046 0.3922803818825963 0.06986112141421189 0.07734429734245411
1 0.796465705998299 0.4944337752228233 0.09800596878180663 0.12296588001272664
1 0.9212152240544664 0.3883372218730513 0.07778274881887341 0.0805602040101813
1 0.5142360816736802 0.21267743459582142 0.0504563569862416 0.05837612133990877
1 0.9160316723330351 0.5367747218730513 0.1069990228654909 0.11213746801399935
1 0.6697717089087059 0.8574797625716407 0.16556054573098145 0.2237113146880901
2 0.8413986830479903 0.9296712938813236 0.09013890507947586 0.12131247334499946
1 0.9666318730586745 0.5190054191995971 0.03279763103285873 0.08940794533736351