1 0.22063445941821636 0.3817296159691378 0.0865296095770769 0.124419292011454
3 0.028776016235349682 0.7027431919955457 0.057552032470699364 0.4820136160089087
1 0.16480365057248816 0.6268608499761374 0.13972852191409726 0.21876927601845358
1 0.17401146063932765 0.9048222179742286 0.22355805113509047 0.18850106802990751
1 0.23704248376794562 0.24719098396722877 0.06723413879807012 0.09295111600890867
1 0.3002379590111793 0.20661998062541098 0.05613299756436803 0.08344884667409058
1 0.5161317402607674 0.14396379726291234 0.041525026785361165 0.05203521467218155
1 0.34782997930371873 0.2544938592855022 0.06564436525911974 0.0913704346753633
1 0.4152862605533068 0.1935649026098208 0.0496102621748646 0.06775112133990882
1 0.5878879634754062 0.19468086525304915 0.059394365259119654 0.09129770934118145
1 0.33366411363756193 0.17108192262095664 0.04341480925276535 0.07080339600572705
1 0.42774139610496603 0.15124104260822996 0.03691934740221221 0.05666817067154524
1 0.37967208888079557 0.13071091394813875 0.03522047970746058 0.048837489337999786