1 0.4914886133434086 0.0999313167107421 0.047511346674090585 0.057144114653892554
1 0.2178447647199066 0.4033650966752111 0.10032835868872621 0.16765889077317447
2 0.5202986974060876 0.5628783740376884 0.18755673337045292 0.2831001843053107
1 0.5269721273472265 0.12989877770116148 0.0521988466740904 0.057389776119281775
1 0.4576408720162265 0.14344229929788757 0.06008407200827222 0.06404921189493056
1 0.6291982460216353 0.1922526927845954 0.06796929734245402 0.07070864767057934
1 0.4879465373567717 0.19812315524535284 0.0710579346753633 0.06774742198083886
1 0.3715499253659985 0.25995036861062143 0.07770792401336309 0.10244997060135788
2 0.27371186203054404 0.23920742141501194 0.08928177068745358 0.15771068068726607
1 0.17094030334977198 0.1299785063315781 0.04605793467536325 0.0664372274987628
1 0.2301243993475448 0.11668396822650866 0.04286020934118149 0.06002345318850333
1 0.9458948500159083 0.35028203527593504 0.10821029996818332 0.13862648801421235