1 0.16041442622015917 0.9798740534443546 0.11268180718159235 0.034523415676833126
1 0.17457185410964804 0.8614733944314391 0.19838399960721653 0.2651034774344577
1 0.22673327604720855 0.694302614806268 0.1229476623713949 0.18792120031656906
1 0.7190621974937897 0.8385979032734348 0.17632719242562409 0.23321697994174037
1 0.5361724294416129 0.8306359537482884 0.16720672247985355 0.27669419530200445
1 0.32795592934341716 0.9015491619824164 0.19947380093507644 0.18389894154108077
1 0.49588273096586466 0.6208350564138555 0.13393061416679294 0.19605194906292792
1 0.6696793001495095 0.6775072905787379 0.14342378883482798 0.21663723370266402
1 0.25552537567786626 0.539532546780437 0.12756243949875792 0.17555759263643722
1 0.3551400771786767 0.739012058063208 0.17485559601642037 0.24879651583511767
1 0.04678215563389963 0.6542184870678762 0.0647806383672898 0.12530152837152997
1 0.11562201746300156 0.3990476022698556 0.08967155405833438 0.10727895407749291
1 0.041912327571460156 0.488707147334433 0.07880677693097132 0.11946070533113406
1 0.6253823159621911 0.18183708940423887 0.07871587334017516 0.10383570533113406
2 0.3236476200205255 0.29532189403572773 0.07720791549465282 0.11316524122451135
2 0.12516012304558757 0.29250208557680824 0.059865879390299345 0.08610263605166182
1 0.7508004724798535 0.25007496087442443 0.09127041549465283 0.11357441818411544