0 0.22265625 0.13984375 0.1375 0.12421875
1 0.28515625 0.228125 0.06484375 0.06484375
1 0.20078125 0.209375 0.06328125 0.07421875
3 0.41640625 0.165625 0.22421875 0.171875
1 0.40859375 0.2609375 0.08359375 0.078125
2 0.31171875 0.26015625 0.06640625 0.09609375
1 0.94609375 0.346875 0.10703125 0.11640625
1 0.91328125 0.38515625 0.096875 0.11328125
1 0.38359375 0.33828125 0.08828125 0.0984375
1 0.57890625 0.40390625 0.11171875 0.109375
1 0.82421875 0.26015625 0.084375 0.08515625
1 0.71796875 0.25625 0.06328125 0.07421875
3 0.75859375 0.33671875 0.27578125 0.28359375
1 0.48515625 0.45390625 0.10625 0.121875
1 0.76015625 0.59921875 0.14765625 0.15703125
1 0.75390625 0.2140625 0.06015625 0.06875
1 0.64375 0.18359375 0.05546875 0.071875
1 0.71171875 0.18125 0.05546875 0.06484375
1 0.703125 0.76171875 0.159375 0.2015625
1 0.94140625 0.86640625 0.11640625 0.23515625