1 0.1844634469684669 0.5307513480141386 0.13154432835784546 0.16043669396136268
1 0.20593673450770944 0.6728125694780914 0.18333255766563053 0.2563699321745386
1 0.7063639439162491 0.25812956285855365 0.040202276119281774 0.05330909057054054
1 0.5052938461093842 0.4365862408992628 0.08410276232447185 0.11770123035529281
2 0.4222080291714995 0.3680309859368641 0.10941702283992143 0.1843450748547749
2 0.43074314620024123 0.2632172074008169 0.05228619629109836 0.07569351282028158
2 0.4801566480092635 0.31383794561399253 0.06124511646291495 0.0979323858558109
1 0.5714433893028363 0.30094414743323816 0.05360303482570909 0.07107878742738745
1 0.5049618962002412 0.26667400123834506 0.04694359905006031 0.062975188998964
1 0.4866346200809595 0.21438375516728653 0.04357293758467105 0.058142139784752266
1 0.43433513568479165 0.1979196931327932 0.04546298620519007 0.06446491439185813
2 0.7797537720469521 0.8404549686709124 0.1975455438708206 0.3190900626581751
1 0.5988856365893029 0.22974338957535528 0.041928550429541286 0.0565068651776464
1 0.5499568136585243 0.21811237675507372 0.03699538896415202 0.051601041356328814