2 0.73125 0.10734773387445876 0.046875 0.07405823821317573
1 0.76328125 0.18007460442878867 0.05625 0.08230738585581085
1 0.74296875 0.41539567432116475 0.121875 0.180676419354257
1 0.3421875 0.4731248610438172 0.1328125 0.19681084160399784
1 0.3078125 0.3536321524001461 0.115625 0.14601032092583352
1 0.459375 0.2575105155108779 0.0796875 0.11152400496239867
1 0.4203125 0.19839238068852438 0.06875 0.09382708271265772
1 0.52109375 0.14604216853019655 0.053125 0.07591183664159917
1 0.5609375 0.23793641604899718 0.06875 0.10632708271265771
2 0.4828125 0.10641889640429007 0.0640625 0.11704625889134013
1 0.5546875 0.09447751447742062 0.040625 0.06126713978475229
1 0.61328125 0.07143596671095097 0.0375 0.054871590570540564
1 0.5765625 0.05205241997793862 0.034375 0.05003854135632886