1 0.64296875 0.1296875 0.03359375 0.05390625
1 0.584375 0.11328125 0.028125 0.05
1 0.696875 0.121875 0.03515625 0.05
1 0.65859375 0.1703125 0.040625 0.07421875
1 0.60234375 0.20859375 0.05078125 0.078125
1 0.74296875 0.20546875 0.05234375 0.071875
1 0.6171875 0.3046875 0.06015625 0.10546875
1 0.72890625 0.30546875 0.065625 0.10703125
1 0.8078125 0.49375 0.12109375 0.18125
1 0.93671875 0.44375 0.12578125 0.159375
1 0.8046875 0.87734375 0.190625 0.2453125
1 0.32578125 0.228125 0.05234375 0.071875
1 0.14140625 0.63828125 0.15 0.2
2 0.359375 0.36328125 0.078125 0.159375
1 0.425 0.71171875 0.13046875 0.2515625
1 0.37109375 0.18203125 0.06796875 0.05390625
1 0.5046875 0.26953125 0.05 0.09296875
1 0.45234375 0.16875 0.03984375 0.05703125
1 0.51328125 0.15390625 0.03828125 0.0703125
1 0.515625 0.115625 0.03046875 0.04296875