2 0.12369985583592365 0.6256401606622681 0.18490170171816525 0.22379651583511767
1 0.16462582824630378 0.5016403710079671 0.14758540818602892 0.13690426959604132
1 0.7872499372459868 0.19191396232425603 0.04513543758467105 0.057477530878812425
1 0.9214301854369644 0.24432957165374064 0.05228619629109836 0.07484688730530316
1 0.650837724446545 0.2716659953146395 0.06420634215265544 0.09391513605166182
1 0.3772397721625529 0.28170125870898166 0.06634869629109837 0.07525606426490725
1 0.562672661126705 0.2370205591838353 0.06281426051544958 0.06735263605166182
1 0.6986024378118136 0.39042200699312196 0.09035276232447202 0.11651756175762476
1 0.8087310323393183 0.45387440472326634 0.08796474672063966 0.1304891335443795
1 0.25793325644717907 0.9097590963973609 0.24568207146044047 0.18048180720527823
1 0.6000708418139711 0.15047530542291163 0.04694359905006031 0.06221049498543509
1 0.6486721161242306 0.14875969272821474 0.041601001809022264 0.049574102665567034