1 0.4087632830537503 0.309375 0.11853440729444457 0.125
1 0.768444141526875 0.1546875 0.07416615824437507 0.0984375
1 0.8771827086812154 0.12734375 0.05508884992375016 0.084375
2 0.6403931831300002 0.225 0.10643445079743082 0.1421875
2 0.2695001080918752 0.2671875 0.12827308320625014 0.140625
2 0.3607063363403822 0.25859375 0.098512848023889 0.1375
1 0.37791006050482656 0.15859375 0.07198540919430556 0.071875
1 0.5715139369297223 0.11875 0.0641001740119446 0.06875
1 0.5158451651782292 0.11015625 0.06747974715020835 0.0796875
1 0.5786848844961117 0.7625 0.23387238582729192 0.3140625
1 0.7965094705521535 0.8234375 0.19927918028020847 0.3046875