1 0.577141221502084 0.8131284181176085 0.1779483877271529 0.26593855172849495
1 0.3280438791777782 0.5092064815910928 0.11660953780340293 0.17983591567683313
1 0.48084287727791714 0.566741499933493 0.11446515634451408 0.1547904515702104
1 0.5881455777910073 0.5144325053437694 0.11631859707395834 0.16733591567683312
1 0.6751708394745142 0.39595294147457355 0.0878649823325695 0.08531302586424747
1 0.8135982130496184 0.43979753285736944 0.0956774823325695 0.08554034639736088
1 0.4173947070656948 0.3900138638818311 0.06780705547083343 0.0956594924781525
1 0.5397243019554517 0.4130913141984003 0.08197865824437507 0.10075616943775678
1 0.18521798670097253 0.377012444048363 0.06791615824437507 0.1003469924781526
1 0.33930542144649334 0.35573214060400843 0.0583229526972918 0.09069920783841656
1 0.958808089332344 0.6518836588799015 0.08238382133531204 0.14018238229073815
3 0.7955184006449307 0.3338741417911426 0.1718061840799308 0.20330215940862698