3 0.19255893722496842 0.79765625 0.38511787444993684 0.4046875
3 0.07790352962031419 0.72734375 0.15580705924062838 0.4359375
3 0.2889378942216003 0.5015625 0.23106690517037737 0.340625
0 0.41494593178776096 0.3234375 0.10244320357377176 0.175
1 0.16184485912689764 0.66796875 0.1400705375661606 0.178125
1 0.3668532830803553 0.23828125 0.0477318458553869 0.059375
1 0.56452943771926 0.2953125 0.07818334980971961 0.078125
1 0.6958232000765496 0.23671875 0.07824701680591399 0.0796875
1 0.6160256121298282 0.25859375 0.071997016805914 0.0796875
1 0.699002596806789 0.33125 0.09157468775644109 0.1
1 0.2122002751716899 0.27578125 0.05717051285158128 0.0609375
1 0.361269127947159 0.18359375 0.0378475098858317 0.046875
1 0.9130903186321685 0.46484375 0.14211319863085592 0.1515625