1 0.29921875 0.5777004753739526 0.13125 0.19058973201781731
3 0.08515625 0.7150533826782268 0.1703125 0.4644817653564536
1 0.29296875 0.2682527500397709 0.0671875 0.09140679734245412
1 0.36328125 0.2620396600493159 0.0640625 0.1007454346753632
1 0.3671875 0.39646011338317955 0.0921875 0.12763519867918127
1 0.471875 0.3273657627307244 0.075 0.11181020401018138
1 0.37890625 0.22940897338477034 0.05 0.08495680267345422
1 0.46484375 0.24681519672976987 0.0578125 0.08036020934118149
1 0.4109375 0.18525044072245198 0.0453125 0.0692772586728179
1 0.4703125 0.17891008139717887 0.0453125 0.0661522586728179
3 0.36328125 0.13938341004931593 0.0796875 0.13373974801081764