1 0.26171875 0.03984375 0.02578125 0.03515625
1 0.17109375 0.04609375 0.03125 0.03515625
1 0.60859375 0.73828125 0.20625 0.26484375
1 0.5546875 0.465625 0.134375 0.15
1 0.19765625 0.4359375 0.09609375 0.15
1 0.33046875 0.10078125 0.04375 0.05390625
1 0.22421875 0.19375 0.05546875 0.07578125
1 0.15546875 0.834375 0.178125 0.33125
1 0.1484375 0.121875 0.03984375 0.05
1 0.59296875 0.17890625 0.075 0.06640625
1 0.51796875 0.22421875 0.08125 0.08671875
1 0.70546875 0.19296875 0.07734375 0.06875
1 0.05859375 0.09609375 0.03359375 0.0484375
1 0.95 0.27578125 0.1 0.08515625