1 0.790625 0.1390625 0.03203125 0.0484375
1 0.7328125 0.13984375 0.03359375 0.04609375
1 0.59140625 0.678125 0.11171875 0.22421875
1 0.61484375 0.36875 0.06328125 0.11484375
1 0.61484375 0.284375 0.05546875 0.08671875
1 0.91171875 0.228125 0.05234375 0.0703125
1 0.63359375 0.18984375 0.03984375 0.0609375
1 0.5765625 0.13828125 0.03046875 0.05390625
1 0.53203125 0.134375 0.028125 0.0515625
1 0.625 0.125 0.02890625 0.04609375
3 0.7546875 0.084375 0.05390625 0.08515625
3 0.84453125 0.125 0.09296875 0.15546875