1 0.04375 0.9328125 0.0875 0.134375
1 0.09765625 0.76953125 0.13671875 0.20390625
1 0.17734375 0.6359375 0.07890625 0.15390625
1 0.5890625 0.89453125 0.12421875 0.2109375
1 0.42734375 0.83203125 0.10234375 0.23125
1 0.21796875 0.8890625 0.14453125 0.221875
1 0.4359375 0.63203125 0.08984375 0.1609375
1 0.58203125 0.71875 0.09453125 0.18515625
1 0.23671875 0.50078125 0.08828125 0.140625
3 0.0875 0.45 0.17265625 0.3
1 0.18515625 0.3296875 0.03984375 0.06484375
1 0.2703125 0.25 0.04765625 0.059375
1 0.175 0.28828125 0.04453125 0.05