3 0.11228000580598774 0.2585008713909027 0.1566090158351176 0.1769651563445141
1 0.15735447657652799 0.35673769642902764 0.10479045157021036 0.11330139342673622
3 0.3670430283050229 0.5238485419843747 0.53540658339873 0.5308604078631254
3 0.7617407290173034 0.7890663131671869 0.4659625984424249 0.39808296903354207
3 0.33644493151195065 0.2783003058520831 0.21381376207419392 0.21108688962701408
1 0.4749427933487177 0.3899982592149649 0.12376777210332382 0.12155030452090294
1 0.6166649435861445 0.4781677935998953 0.15900659012915472 0.15203789152687505
1 0.7934213233696003 0.5881934909788535 0.19741587226160817 0.1841607137152085
3 0.9149359928738641 0.5444772457285062 0.17012801425227195 0.2636300081681252
1 0.7069944268930971 0.46590222331142306 0.15551787727617333 0.1394651563445141
1 0.5449370446023589 0.3774242176118398 0.1190348079967011 0.1198787017473613
3 0.4318938238318187 0.2807693827900691 0.21501254922121243 0.19862325721819457
1 0.9519361685133199 0.6892624156563881 0.09292694906292809 0.1348854526972918