1 0.9338461566615681 0.8359375 0.10814333116686256 0.2875
1 0.4023010653418453 0.13671875 0.04780230032431163 0.053125
1 0.315636862419746 0.13359375 0.047747753246410875 0.05
1 0.35369064691904023 0.5046875 0.13485010714144482 0.20625
1 0.33502997037526494 0.27578125 0.07046823295387146 0.0984375
1 0.5371067134754062 0.2015625 0.07000458279171565 0.071875
2 0.6801572840922572 0.196875 0.09234323295387145 0.0984375
1 0.12095383360578982 0.2765625 0.06095686525911974 0.090625
1 0.6147583806836906 0.2734375 0.11114778003177221 0.1015625
1 0.7962089780859027 0.2171875 0.09198867694751697 0.078125
1 0.21181638717651224 0.1734375 0.04971935633066593 0.0734375
1 0.8134122946455641 0.3953125 0.14269778896022559 0.11875