3 0.4942501074262851 0.5026438356747921 0.1296563580918752 0.27006053970326394
1 0.7773256722995147 0.9467906131258683 0.1856491721120836 0.10641877374826336
1 0.586692833774931 0.5493025897588547 0.06137521751493065 0.08731946846486131
2 0.6192851685967018 0.43996461056041714 0.03419446846486114 0.060138719414791805
1 0.6786465572737853 0.6755942924561464 0.09822190729444458 0.12721842306201392
3 0.5784958612260074 0.398412236985313 0.060030923062014095 0.09665810087368065
1 0.6094010223201739 0.41787140501333386 0.024310322188333445 0.03804551386770836
1 0.6569851903481949 0.4494311827487506 0.04197060087368065 0.058758057370694415
1 0.6145340783596882 0.8989875863403821 0.15810735999173636 0.20202482731923582
1 0.6047856042921531 0.3873117360353825 0.020967116641249995 0.028597778685347207
1 0.6333106477951392 0.40515385267663245 0.024237587005972294 0.03492051386770836
3 0.5483531131258683 0.3446144365484727 0.039100174011944586 0.06962282218833335
1 0.5843269807170489 0.3470133911456255 0.019368249050069508 0.026998911094166723
1 0.5260598858272919 0.32613654027194483 0.019331881458888846 0.025436411094166722