1 0.11900206639184097 0.8222305867469984 0.1537471683123613 0.2367704998588259
1 0.7255676169255905 0.26773467563072245 0.06112064437666671 0.07845819994353027
2 0.1708866490294102 0.5709102814288567 0.1876857572181946 0.2200226156156063
1 0.13058830413965322 0.5490583972562246 0.13753898043270843 0.143763952503779
1 0.7826540715227432 0.306948365050909 0.06446384992375016 0.08801521046687402
1 0.8854153956109378 0.297329712321251 0.05657861474138883 0.08443518415851478
1 0.6075307042159032 0.4925765099586464 0.12344011284152785 0.14138240514873246
1 0.37004562195958357 0.3117837233387049 0.07674564437666671 0.07936825256024882
1 0.4700819895507641 0.3191705600857032 0.08321384992375017 0.08910727360693613
1 0.5823631307932988 0.2827996915569123 0.06577177678548622 0.07716871572854575
1 0.689891875378056 0.6456097756730748 0.166101697947639 0.23124854195220051
1 0.8026341436141674 0.9527576983457635 0.141608231382639 0.09448460330847297