1 0.013384232814288074 0.9602380660009544 0.026768465628576148 0.07952386799809119
1 0.05649350294067608 0.8212306573440451 0.11298700588135216 0.22977950135263542
1 0.12013444256151207 0.6760277926877718 0.09774253844375372 0.16666133601209018
1 0.5454742000247439 0.9100948047024074 0.1424751843053107 0.17981039059518517
1 0.37634574174785795 0.87365896005727 0.13020755766563052 0.24980110001590816
1 0.15863261929204928 0.9093391846753633 0.16583079715018098 0.1813216306492734
1 0.389580483380115 0.6658737320575883 0.10744508706427265 0.1730204240133631
1 0.5387372783825893 0.7582895934118146 0.11475962008095948 0.1934056493475449
1 0.18531678652318972 0.5360755020289532 0.10333744120271567 0.15423406134627218
1 0.22981265773580298 0.7460959393698164 0.14263231456303557 0.21871473201781733
1 0.004611177635048374 0.47049431333545444 0.009222355270096749 0.10036362667090888
1 0.044413984057483494 0.47886134400859054 0.08882796811496699 0.11360906134627217
1 0.1337077781554467 0.3275357486871354 0.06322369629109836 0.07412839067472685
1 0.05448062358746244 0.36257327267663586 0.06807497060135784 0.0773079346753632
1 0.7421919855278215 0.39637249077017706 0.10046474672063965 0.12921588001272663
2 0.3385014987568046 0.2533095500477251 0.04628185775648763 0.07861589600572697
2 0.16020940242027773 0.23950903735677165 0.041021147670579336 0.06762385200509069
1 0.9122677108788778 0.6266156161282214 0.11928998982323477 0.16066587468172652