1 0.7918229122510521 0.046653821017297536 0.030124009618646853 0.013018197240056461
1 0.7696750937393977 0.05408449147199278 0.0323958377489479 0.0333579707790068
1 0.615748996371803 0.09673782142433462 0.04598711179556503 0.06482615909060954
1 0.6788764789486078 0.07986001298234822 0.04593254809323426 0.06326365909060952
0 0.6328744981859015 0.054041806813838036 0.049166675497895974 0.06644320616851021
1 0.9095982000926671 0.12141013351647371 0.0649553666048888 0.07140344155801359
1 0.8269221093484944 0.11605838595210569 0.05579862141421188 0.07748980032431155
1 0.9011011646133047 0.20803342613014753 0.07196925843752063 0.09338753571381497
1 0.4297990834877787 0.18339056736714485 0.10467263103285873 0.09083528003177213
1 0.9305654314035277 0.34925844398705497 0.1206448606144388 0.14576824188232518
1 0.9833283328548065 0.3157834707724162 0.01621033175849824 0.10646818831160268