1 0.615625 0.1796875 0.02890625 0.0484375
1 0.671875 0.17421875 0.02890625 0.04296875
1 0.63203125 0.215625 0.03359375 0.05
1 0.2515625 0.659375 0.11796875 0.17578125
1 0.69765625 0.215625 0.0375 0.05546875
1 0.33828125 0.30546875 0.046875 0.06875
1 0.2328125 0.35390625 0.06328125 0.090625
1 0.47421875 0.35859375 0.05078125 0.08515625
1 0.38046875 0.23984375 0.03828125 0.05390625
1 0.50078125 0.27421875 0.0375 0.0609375
2 0.42734375 0.26015625 0.04921875 0.109375
1 0.77890625 0.21875 0.04140625 0.059375
1 0.31953125 0.24453125 0.03828125 0.05703125
1 0.66484375 0.36640625 0.05625 0.09296875
1 0.834375 0.315625 0.05703125 0.0796875
1 0.85 0.37890625 0.0625 0.0890625
1 0.45546875 0.21796875 0.03359375 0.05703125
1 0.91015625 0.30078125 0.05859375 0.0703125
1 0.47734375 0.18125 0.02734375 0.04296875
1 0.52265625 0.18671875 0.03046875 0.04609375
1 0.83203125 0.921875 0.15859375 0.15546875