1 0.6227178806058676 0.5494648586045688 0.1486959924005557 0.21668269780928676
1 0.8619161589099651 0.10061686698434599 0.04495013050895835 0.05283549498543509
1 0.7878551841768399 0.3978843235691213 0.12562086189159735 0.16448370031656917
1 0.6854237812507984 0.2369133828194636 0.08063436379145834 0.11008570533113407
1 0.8886416598598957 0.12638374511844908 0.05457970364722229 0.06404577962517118
1 0.8120077310982985 0.06459445044958315 0.03550239532659738 0.04943771034569897
1 0.8967821213909026 0.078522906638647 0.041752395326597025 0.049619566772189705
1 0.6833359108098263 0.1589020430860203 0.0580320119678472 0.07819920783841652
1 0.7699078840243401 0.22977082106183883 0.07405705547083344 0.09584134890464338
1 0.820364438545243 0.10807166580984706 0.044986498100139015 0.05439799498543509
1 0.9595892862847915 0.16413614621380573 0.05933993882958326 0.06730717194503918
1 0.9328079275273261 0.20785505397308 0.07060474715020817 0.08168792069139794
2 0.6924212765011457 0.1039872225529069 0.04520470364722229 0.0637729949854351
1 0.9596055104492358 0.26406795005387174 0.06922408510611149 0.08945495658477531
1 0.6986355621203472 0.07179684817972751 0.03695579255305557 0.04479567445232167
1 0.9513163125015968 0.4860338782671171 0.0770015239356944 0.1552618130112659
3 0.5588067298640276 0.24293972545590078 0.16919163677722243 0.2922282670887588