1 0.3139054433234471 0.5999481927116344 0.113648626022532 0.14814769334818118
1 0.584901219583406 0.36473958808081447 0.038909387305303154 0.04887385200509069
2 0.37971596291948845 0.4600413553866794 0.09315426959604131 0.14166133601209036
1 0.4353365109535667 0.7240589493952699 0.13160901583511767 0.17491018801718106
1 0.4737781999873647 0.5041191667329515 0.07947220282385156 0.10089088534372692
1 0.4805259566512824 0.40650837006681506 0.05503449247815269 0.06624316534054522
1 0.404858366917839 0.4017203253898611 0.04864810015828454 0.06148294000636341
1 0.4215745054767833 0.36440213872531546 0.046949207838416565 0.05677725867281787
1 0.49084734270294417 0.34723336740131505 0.038954851411925874 0.05043635200509069
1 0.597007448338012 0.6470071954169052 0.10993259263643722 0.12779883068109027
1 0.4437139299291051 0.32871008672817903 0.038954851411925874 0.05043635200509069
1 0.4866599478757937 0.3299913234006787 0.034085494985435005 0.04413180800445442