1 0.5939025558177683 0.1653692678511541 0.034595175893442943 0.045661110495108834
1 0.39425545251082655 0.6447474127588915 0.130440869581383 0.17906441567207593
1 0.5610927144110057 0.20183041261771714 0.044415844866803764 0.057144642065139896
1 0.650027880418617 0.2101427125330125 0.0561173488211363 0.07653167889684287
2 0.3037325646778358 0.5024318391660728 0.11724053262324477 0.1611488735787013
2 0.14806749650277787 0.42131980510638006 0.12399986859279988 0.17401289462538863
1 0.4380505093543591 0.37712727325400025 0.07783052273741298 0.1120897472985769
1 0.6106696086697871 0.3112200941453959 0.06906301779449713 0.08819722099021768
1 0.3059993547154544 0.31226957075022127 0.05905134783255317 0.07202618942018653
1 0.37991435718691235 0.30482806804879814 0.059178681824941924 0.07515118942018653
1 0.4528862835746469 0.26287505745486733 0.04942167984777566 0.06523015785015547
1 0.7651899653995888 0.20901909926589343 0.05898768083635879 0.07046368942018652
1 0.3345355315974805 0.2653791601986427 0.044543178859192525 0.06026964206513998
1 0.3833232000765497 0.25960657331047005 0.044415844866803764 0.057144642065139896
1 0.6792246546017237 0.49297759933648067 0.11067219764227279 0.152972352532014
1 0.837531903118849 0.5092458833961733 0.1284327006080222 0.1680359104104042
1 0.4518304609509646 0.21191179693152362 0.037911176882026075 0.050530621018452494