2 0.171875 0.51875 0.08515625 0.14609375
1 0.06953125 0.4984375 0.09140625 0.1296875
1 0.684375 0.18984375 0.03359375 0.05
1 0.28515625 0.58203125 0.09453125 0.1484375
1 0.31171875 0.34140625 0.05234375 0.078125
2 0.21640625 0.340625 0.053125 0.1
1 0.37109375 0.3640625 0.06171875 0.0984375
1 0.64453125 0.26875 0.03984375 0.06484375
1 0.49765625 0.26171875 0.03984375 0.06484375
2 0.43203125 0.23515625 0.04453125 0.10390625
2 0.41015625 0.18984375 0.02734375 0.05546875
2 0.4609375 0.20703125 0.03125 0.06328125
1 0.5203125 0.18828125 0.028125 0.05
1 0.47421875 0.175 0.02734375 0.04453125