1 0.674863066996892 0.10400052562880044 0.04382708271265763 0.07040534190105419
1 0.7246105099247975 0.1301518487467743 0.040410984284234175 0.06402800790866539
1 0.7174551354415261 0.17819010072394065 0.05036818114108108 0.07691000988583174
1 0.7721662142252423 0.26049592334762295 0.07667812406898662 0.10605368182494193
1 0.6974102708830522 0.3864310236516341 0.09434081306795043 0.1504403517868859
1 0.9179582113297583 0.36570339369012766 0.1049144400324213 0.1430735207602467
1 0.9382813657968189 0.6779341382529203 0.12343726840636222 0.29673703163466153
1 0.3400407648871962 0.22566059730108057 0.06003427956950454 0.08354201186299814
2 0.5174274801458958 0.6058853136892527 0.11208058477957224 0.26344968775644106
1 0.41245307402620535 0.38551841695901334 0.09190501778268026 0.1316266847906915
1 0.4190540227450791 0.19113174699706942 0.05051373035529281 0.08003500988583179
1 0.4497989086008899 0.2462357410655704 0.06686647642635143 0.09629667984777565
2 0.4828211162111037 0.1149565661607106 0.03616013192686936 0.0732120069200822
1 0.5421040709258335 0.09375538680722653 0.03684933664159917 0.05452567391627663