1 0.8901401662381442 0.6898085827344784 0.21971966752371158 0.3177733007211806
1 0.7203622177703164 0.8354880246981938 0.24603178493120836 0.2945540062682642
1 0.4194915883819202 0.14583133833715242 0.058541675497895976 0.06693423328250007
1 0.33123762023308556 0.14866735723885388 0.0567063569862416 0.0590853656913195
1 0.3149603781224519 0.4438168562889233 0.12987601687504097 0.18724803970326392
1 0.3116195793962455 0.25858787110656223 0.0720238221398514 0.0953501740119445
1 0.5779241364751544 0.2046945792190967 0.08263393992586607 0.08622974715020834
2 0.7234995313030113 0.1864504594437147 0.10856152286549073 0.11337412860909728
1 0.10723217975906521 0.2719457755512152 0.06404763103285878 0.0904808360560418
1 0.6925074808475242 0.2841255464496869 0.13232640507947585 0.12329464247680563
1 0.870275327582147 0.2025813396683326 0.10952382213985139 0.09622299620027785
1 0.18822423021455212 0.17310692562746513 0.05234623920022683 0.06835126291777782
1 0.9304935757680484 0.4074493712034714 0.1390128484639032 0.14248105357097246