1 0.84453125 0.09932115219734124 0.0359375 0.050627291395857824
1 0.95390625 0.10600575447081743 0.0234375 0.055096603084255104
1 0.0734375 0.536999393669334 0.121875 0.13806483603812653
1 0.46875 0.348849188314898 0.109375 0.11909664772652376
2 0.4515625 0.26477419724335177 0.09375 0.11882391233702042
1 0.7 0.2526252045502477 0.078125 0.09823867694751698
1 0.79453125 0.26972515544375214 0.0703125 0.09653980925276535
2 0.45859375 0.20840146631807518 0.0578125 0.06507162094116259
2 0.378125 0.24496230357401774 0.0796875 0.09045345048646736
2 0.6125 0.17524627273146673 0.0515625 0.08058752678536121
1 0.56796875 0.16508606859155142 0.05 0.055560253246410875
1 0.62578125 0.7343894476503889 0.1953125 0.2830966923687924