1 0.403125 0.10390625 0.03671875 0.04453125
2 0.8015625 0.80703125 0.28046875 0.38515625
1 0.32734375 0.35625 0.078125 0.10703125
1 0.4203125 0.31171875 0.08203125 0.10390625
1 0.54609375 0.146875 0.06171875 0.07421875
1 0.21015625 0.21640625 0.05078125 0.078125
1 0.26328125 0.18984375 0.04765625 0.06640625
1 0.04296875 0.225 0.04140625 0.0703125
1 0.11953125 0.20390625 0.04296875 0.06875
1 0.78203125 0.246875 0.109375 0.1
1 0.89921875 0.42421875 0.134375 0.128125
1 0.9671875 0.2734375 0.065625 0.08125