3 0.09377508263050166 0.26415145934680545 0.15517949069063525 0.18012652393569456
1 0.14570920528327502 0.36525871124666653 0.10129087468172657 0.11326502583555564
3 0.3703990279280942 0.5209229105254858 0.5342702907383603 0.5404172458190283
3 0.7711962698918231 0.7787093882053119 0.4094146467218156 0.4156692061157642
3 0.33116599462922897 0.26799858548736083 0.2117749360279987 0.21112325721819464
1 0.4822279606142752 0.37460899534725656 0.1232567813494537 0.12158667211208343
1 0.632781396602503 0.45780008900274255 0.1579772266868172 0.15207425911805572
1 0.8221609752546399 0.5603944928787146 0.19584085335772627 0.18419708130638918
3 0.9354427725970942 0.49058852631371447 0.11998742536599849 0.2433525693385418
1 0.7275217319382756 0.43763109973631886 0.1547067760184536 0.13950152393569457
1 0.5542938646165023 0.35652983615295086 0.1185692813494537 0.12147756933854179
3 0.43120235729631984 0.2625460596518052 0.2131738040260897 0.19709712480937522