1 0.35546875 0.709375 0.09140625 0.17421875
2 0.38984375 0.51484375 0.06796875 0.15546875
1 0.54453125 0.8953125 0.11796875 0.209375
1 0.50234375 0.55078125 0.06328125 0.1109375
1 0.47890625 0.4265625 0.040625 0.06640625
1 0.39921875 0.434375 0.03984375 0.059375
1 0.40390625 0.3953125 0.03203125 0.05546875
1 0.46875 0.35859375 0.02734375 0.04453125
1 0.6 0.49921875 0.05546875 0.08515625
1 0.41796875 0.34375 0.02890625 0.0484375
1 0.45703125 0.33515625 0.025 0.040625
1 0.79140625 0.8515625 0.14609375 0.19609375
1 0.9484375 0.81796875 0.103125 0.1703125