3 0.09687726984959491 0.31922724385167994 0.15720468610347987 0.15556017447164328
1 0.1674680597581817 0.4094573341125637 0.09044952564056316 0.09737496974937905
3 0.3954925140586267 0.5427794151018694 0.47579213606069864 0.4557702944921688
3 0.8097026015287954 0.7939101230455876 0.3805947969424093 0.4121797539088249
3 0.3261645095105127 0.31196977663638376 0.1879838052100677 0.17917039129415607
1 0.47796891211554654 0.4018913155694076 0.10949062406898662 0.10373405405833439
1 0.6271555829175455 0.4691475141433519 0.1402697431755744 0.12734427088084707
1 0.8162052743977088 0.5538184716942866 0.17439218610347992 0.15566016842151917
3 0.926592540942044 0.4912780859592754 0.14681491811591202 0.23220448770335994
1 0.7120014638109577 0.4462099838927308 0.13819782092583352 0.11639768052176755
1 0.5426114549196175 0.38117936065075153 0.10480312406898662 0.10370678298109555
3 0.41784258726077167 0.30156860782208117 0.1920891083532208 0.16669766237139488
1 0.9722111598414896 0.6344740949362658 0.05557768031702075 0.1223295179539809