2 0.21796875 0.04296875 0.028125 0.0484375
1 0.19375 0.0609375 0.028125 0.03125
1 0.30078125 0.04609375 0.025 0.03359375
1 0.509375 0.40625 0.109375 0.13359375
2 0.2921875 0.08046875 0.0375 0.05390625
1 0.3109375 0.0640625 0.03046875 0.040625
1 0.3515625 0.1109375 0.04140625 0.05
1 0.27734375 0.10390625 0.03359375 0.04296875
1 0.26796875 0.55546875 0.12109375 0.17578125
1 0.08984375 0.225 0.05390625 0.0703125
1 0.25234375 0.2046875 0.05 0.0703125
1 0.44453125 0.15546875 0.05703125 0.05546875
1 0.503125 0.14375 0.059375 0.05390625
1 0.5265625 0.21328125 0.07734375 0.06484375
1 0.584375 0.26953125 0.0875 0.0703125
1 0.09765625 0.11328125 0.034375 0.04609375
2 0.03203125 0.10859375 0.03046875 0.05546875
2 0.74140625 0.22890625 0.10234375 0.109375
1 0.9171875 0.265625 0.11484375 0.09609375