1 0.5232724536421098 0.7924378333987302 0.24707602966144576 0.31026286473976106
1 0.20350224990180416 0.07075408386094854 0.04547612646343317 0.029443459092057745
1 0.32716805064048887 0.38211278417751765 0.12743517447164338 0.15368259263643722
1 0.20512838241536144 0.08173704796757122 0.040888620413308985 0.0464945667721897
1 0.09814310509160669 0.22078752461060622 0.07242042154477706 0.09584134890464338
1 0.2974795088787946 0.1125444302583094 0.06289088544042354 0.06900606426490725
1 0.36220053903121974 0.09333744068315068 0.06447156615858277 0.07217652837152992
1 0.41442156918364487 0.0737667382550105 0.07231133723582168 0.07709134890464334
1 0.4431732830792914 0.04804532422753009 0.06757838544042354 0.06914245658477529
3 0.03838176483072292 0.15265363855894434 0.07572722872636942 0.12718227711788868
1 0.11566642749670542 0.14474786183676708 0.06133747579950315 0.07052310015828453
2 0.5997005390312198 0.1002479848897982 0.11002041549465283 0.11411998746358769
1 0.5854158461146162 0.19590982587688274 0.1193772347764936 0.11126777210332377
1 0.6813232437534841 0.16667461843417763 0.1288340480082102 0.12560305674305985