1 0.04375 0.9375 0.0875 0.125
1 0.096875 0.78203125 0.1375 0.21328125
1 0.17890625 0.64140625 0.07890625 0.15
1 0.58984375 0.89765625 0.1234375 0.2046875
1 0.43046875 0.84296875 0.1 0.23125
1 0.2203125 0.89609375 0.14609375 0.20703125
1 0.43828125 0.640625 0.08984375 0.16328125
1 0.58359375 0.7296875 0.09609375 0.18359375
1 0.2390625 0.50703125 0.08828125 0.1390625
1 0.28515625 0.71171875 0.11953125 0.20703125
1 0.02578125 0.46796875 0.05 0.10390625
1 0.13046875 0.3453125 0.06171875 0.078125
1 0.22578125 0.309375 0.05390625 0.0703125
1 0.24375 0.2546875 0.04609375 0.05703125
1 0.18828125 0.25703125 0.04296875 0.05703125
1 0.82890625 0.3609375 0.07421875 0.07578125