1 0.20720058910043765 0.19404549185939962 0.07704053482570909 0.07259869629109832
1 0.20324675147033805 0.16542584690235373 0.08904921189493056 0.06387879353213632
3 0.2683261968569252 0.11293161069716366 0.20630531094499088 0.13079405585660825
1 0.2639142565587207 0.24171502996446903 0.07950379353213632 0.08986808344622813
1 0.348081216644629 0.2263965671650273 0.08361808344622812 0.07917624491161739
1 0.3382691253964848 0.2946928657855463 0.09101450361804461 0.10137879353213633
1 0.4485891497067442 0.28579482134889883 0.09710072930778502 0.09858134215265535
1 0.44298320160662363 0.4076288777713339 0.1138721494796016 0.121275213703953
1 0.5644045002271426 0.3950326232487782 0.12160276232447184 0.12012214947960169
1 0.9301423648810353 0.3291188596811109 0.10581398801421216 0.11617827792830412
2 0.4704442175491401 0.19583156264247153 0.09405761646291495 0.09998006784239584
1 0.9177851277713339 0.41624704545675967 0.12266729534115868 0.1404346494796016
1 0.6661230512225108 0.5353942723896956 0.13294305404758583 0.15811347241038015
1 0.5212708966545265 0.5788244470840678 0.14478131275401313 0.17587418249628844
1 0.8395416983272632 0.25907303256646086 0.08838082654882307 0.1105900192218769
1 0.7805661680241099 0.20996382519408607 0.06980124491161739 0.08312676051544958
3 0.6794064597472239 0.17786837743264966 0.17182849163225705 0.21624687697836445
1 0.7445523456591583 0.4214302696761621 0.13706398801421232 0.11781602103089917
1 0.8375764908433467 0.8466206201965605 0.21121854025277606 0.22454405585660808