1 0.51640625 0.59609375 0.165625 0.209375
1 0.315625 0.059375 0.034375 0.040625
1 0.30546875 0.08359375 0.0375 0.04296875
3 0.38046875 0.04140625 0.0875 0.0796875
2 0.30234375 0.22578125 0.07109375 0.09453125
1 0.33359375 0.121875 0.046875 0.04296875
1 0.58046875 0.16328125 0.06953125 0.06484375
1 0.53515625 0.228125 0.075 0.06484375
1 0.55 0.19453125 0.07890625 0.06640625
2 0.14765625 0.10078125 0.0375 0.05546875
1 0.0828125 0.1046875 0.03125 0.0484375
1 0.0203125 0.1234375 0.03828125 0.0484375
1 0.81171875 0.25390625 0.10546875 0.09453125
1 0.1078125 0.071875 0.02890625 0.0390625
1 0.0578125 0.075 0.02890625 0.040625