1 0.08182121146632622 0.9587477439926821 0.06642663354437942 0.0819954346753633
1 0.1097606918702849 0.8177500266550005 0.1567286877801568 0.23299540802036275
1 0.18113192352788485 0.6653057319780464 0.09856919530200417 0.16671588001272664
1 0.6285538074679756 0.893772345918231 0.14318301332783517 0.19691245735199914
1 0.45712743685572 0.8574728612746846 0.12745036473976104 0.24671246268299923
1 0.2419714497878437 0.9029597259707287 0.16800115690134437 0.19095335868872637
1 0.449427282461658 0.64655354260823 0.10817151583511767 0.17463746801399935
1 0.6098539685924622 0.73456097792014 0.11349551332783517 0.1965670120146356
1 0.23014242187853223 0.5232813166375013 0.10436455423577744 0.15116360534690845
1 0.2964135942192828 0.7327375852960017 0.14404683135366608 0.22659995735199914
2 0.27210494985435074 0.43448189863145614 0.08864862602253201 0.1478567920114541
1 0.5708787336361569 0.6037200579249126 0.08625105172849494 0.1728204293443632
2 0.04694582548117133 0.4316312606620002 0.07252352084968253 0.13048747867599958
0 0.5115418714036786 0.3371325419319122 0.09687030298213628 0.16201019867918126
1 0.399186623910961 0.31655750728041154 0.050574313011266005 0.07400112133990877
3 0.34113478002088254 0.2015688539545021 0.1056088054894186 0.1402442866804539