3 0.060786188659921844 0.40313354332431856 0.12157237731984369 0.16560791335136288
1 0.12144834783093097 0.4804222019812281 0.09411707694917477 0.10105451734563572
3 0.36297859420273393 0.563514323281366 0.4964385566155728 0.4852691693984516
3 0.794231050285851 0.7373297998886416 0.37563498329459505 0.4698067067154524
3 0.26819191697555744 0.3482989506285927 0.1956101442797027 0.1896999413589988
1 0.4301809962869849 0.4057649106063209 0.11470239546082901 0.1091033746817267
1 0.5866294037287135 0.442991095918231 0.14687997840045347 0.13602950135263542
1 0.7834572745099534 0.4867758165579595 0.18229168874473983 0.16611699069063518
3 0.9009027240544665 0.3885735792091421 0.17833336424263563 0.23166926535645346
1 0.6685168099893157 0.40142975724064056 0.14337303248413757 0.12505563868554467
1 0.4915103658870983 0.3714711792648213 0.11001489546082902 0.10904883068109025
3 0.3582638454686783 0.3183563646165023 0.19829863466105593 0.17723630402608972
1 0.9500619319516819 0.5238838232018243 0.06659227767481432 0.11791475334181775