1 0.275 0.89921875 0.19375 0.2015625
2 0.42265625 0.40625 0.10078125 0.20390625
1 0.62734375 0.5390625 0.09765625 0.2
1 0.76484375 0.08515625 0.03359375 0.05546875
1 0.51875 0.1796875 0.0625 0.0703125
1 0.73515625 0.1234375 0.04296875 0.071875
1 0.60234375 0.15 0.04140625 0.06875
1 0.58671875 0.125 0.03671875 0.05703125
1 0.65859375 0.1890625 0.04609375 0.08359375
1 0.78828125 0.21953125 0.06015625 0.08671875
1 0.646875 0.1015625 0.03515625 0.05703125
1 0.96171875 0.34921875 0.07578125 0.13359375
3 0.4890625 0.121875 0.12734375 0.1515625