1 0.70546875 0.25374564878176775 0.0390625 0.054716674904859805
1 0.759375 0.28016091015047423 0.0390625 0.048466674904859806
1 0.69609375 0.2963323968046014 0.0453125 0.06278384288963731
1 0.809375 0.2931357540286948 0.0359375 0.04833934091247105
2 0.30234375 0.4779445637636147 0.1140625 0.18277269072219066
1 0.7046875 0.35996381528367055 0.05625 0.07729201186299814
1 0.76875 0.3672616621276406 0.0640625 0.08698534684397004
2 0.840625 0.3694090939525826 0.0578125 0.08516817885919252
2 0.53828125 0.3250582801889679 0.0578125 0.09454317885919253
2 0.35546875 0.24885924163422404 0.0578125 0.08204317885919252
1 0.8 0.5122850020515284 0.0890625 0.11925401878308026
1 0.9046875 0.39389444079655267 0.059375 0.0727318458553869
1 0.88515625 0.33684860334412275 0.059375 0.0711693458553869
2 0.71328125 0.7689077337627397 0.2078125 0.34440521049385386
1 0.85625 0.7403582639145265 0.1390625 0.1822288626613009
1 0.93984375 0.5617331982109265 0.1078125 0.12314302273741298
1 0.5203125 0.24073235973273235 0.0453125 0.06590884288963732
1 0.5796875 0.25721420558811925 0.04375 0.06115767589344294
1 0.47578125 0.21704285034119222 0.04375 0.05490767589344294