2 0.62578125 0.18125 0.03203125 0.059375
1 0.209375 0.7109375 0.11328125 0.178125
1 0.725 0.17421875 0.03125 0.04296875
2 0.22109375 0.4390625 0.084375 0.14296875
1 0.63671875 0.2515625 0.03984375 0.05703125
2 0.6921875 0.209375 0.040625 0.0703125
2 0.39765625 0.3296875 0.04765625 0.0984375
2 0.3703125 0.25390625 0.03671875 0.06640625
1 0.31953125 0.24140625 0.0375 0.05390625
1 0.77734375 0.38984375 0.06484375 0.09609375
1 0.44765625 0.24921875 0.03515625 0.0609375
1 0.41328125 0.2 0.03125 0.04609375
1 0.87890625 0.34375 0.06328125 0.09453125
2 0.36484375 0.19375 0.03046875 0.05703125
1 0.46171875 0.19453125 0.03203125 0.0484375
1 0.734375 0.69375 0.1 0.1703125