1 0.06332363343408628 0.7402777704184201 0.11213856269890761 0.24131945916315978
1 0.1359696980824053 0.6025297445577044 0.10510676535645347 0.17391370435383652
1 0.5402235827895853 0.8869716549098399 0.1521999413589988 0.19430061542376223
1 0.37860428278163105 0.8339979662499181 0.14046355736790747 0.25948910580511536
1 0.1514423461170855 0.8575619849390576 0.17589198002863507 0.21699407095872517
1 0.4097617340865415 0.6234498466498046 0.11618971602481701 0.18679565027015244
1 0.5517685154359953 0.7372891134400276 0.1257647106938169 0.20431053248413758
1 0.21569246606458795 0.4684424320364998 0.11119313335454448 0.1600694591631598
1 0.2393588747612684 0.6887995720550334 0.1542897000318167 0.239667679126093
2 0.27326806138604304 0.3788962931990928 0.10181813335454448 0.1597420769491748
1 0.5414929920830417 0.5930579638028473 0.0958044906906352 0.1798363221398514
0 0.571578839393679 0.42475190790506473 0.09943856802990769 0.2236954495445131
1 0.3202350627386785 0.5195014458314979 0.10014654535327186 0.15031251324684405
3 0.22621979137490716 0.298474672417853 0.19684082670272557 0.27239089908902614
1 0.4016095953612259 0.19152772405446633 0.04445907200827222 0.06246528366526398
1 0.2990385786919079 0.1755703965571374 0.053724984006999675 0.05341766587924912