1 0.7418538995001528 0.7682287582467632 0.16538967535011295 0.30128501834239996
1 0.665828361248705 0.07398701326132814 0.03008991439185813 0.04300585391920826
1 0.9096287498953014 0.7146360599752581 0.18074250020939714 0.2877680876218722
1 0.6129709966902311 0.2791996989964209 0.057637025640563166 0.09842077962517112
1 0.7561709948282044 0.48933688011266013 0.12660965756743253 0.17220527210332381
1 0.7167380438375283 0.09497311467325394 0.02696491439185813 0.04291492570596289
1 0.7607427549623986 0.10171485965868901 0.0330693651776464 0.03997178213245363
1 0.7251905527288683 0.1591947390464333 0.044734611248705036 0.055915030878812375
1 0.6024807987999269 0.1712280746232415 0.04339043507002245 0.06055706677218971
1 0.6525343027288685 0.15708065808847865 0.04077485731976367 0.07140363855894435
1 0.5394521058720215 0.1413072424116456 0.03223461124870504 0.05555131802583095
2 0.799283024192821 0.17539405205769934 0.05705482878371626 0.08592077962517117
0 0.5758947200162107 0.08619384507721264 0.03794095574818694 0.07756271034569898
1 0.6193728922659517 0.09838160800933636 0.030017139784752445 0.04144335391920826
1 0.9554870015501858 0.3704972665600334 0.08902599689962827 0.11688127461060623