1 0.517504540494729 0.20618390583029136 0.0774485207602467 0.09886474687674207
2 0.6757216753247892 0.7533275923039872 0.22605575300293063 0.41059310811666877
1 0.6735184826626134 0.48137532425181045 0.12556236859279987 0.16787836729005096
1 0.6090699579852151 0.202809441836449 0.061568852775469196 0.09252384328594587
1 0.8808414817112112 0.09186389323906363 0.043044345855386724 0.05961134933607006
1 0.7836030898867068 0.3687076734896847 0.1254350346004111 0.16475336729005097
1 0.6382600508748524 0.15765602312034233 0.04843218281352524 0.0768261204133089
1 0.7216946333843663 0.16204860733110185 0.05624468281352506 0.076871572208707
1 0.7496167035365908 0.22472586933315442 0.07126218775644108 0.10039088544042354
1 0.9019896284414506 0.1865405889843375 0.06268568380210837 0.08159543364502549
1 0.6375053171864747 0.08028954722264327 0.03979201186299797 0.05646816861791082
3 0.45614264026726764 0.5230896046988233 0.28328461566423135 0.5499555899662962