1 0.7424789458188803 0.8494592942418222 0.3238186054577369 0.2819899342511178
1 0.804313204091048 0.6662007349890569 0.2576841832079957 0.2699069456152035
1 0.2074104329985988 0.8103220710238881 0.21756860545773674 0.28013533360249454
1 0.6574936304791275 0.11597068425770822 0.0686815334984459 0.06677048863591431
1 0.23611739826180766 0.25155499716062624 0.09503001778268025 0.12967959172016935
2 0.4320891778313123 0.32945035186973437 0.13983740363849115 0.18666597727182851
1 0.6905993829603267 0.15526896347870142 0.07380568114108108 0.0762273092527653
1 0.6330972520669146 0.17972922118933918 0.09306510339082212 0.08749209172016936
1 0.8398973697257605 0.255089911125795 0.10458480024766885 0.10018300649282175
1 0.7057599642252425 0.2793240722449994 0.10280397642635145 0.09546823295387145
1 0.3761730099247974 0.15293844480771976 0.07424232878371625 0.08560230925276531
2 0.30097180272886837 0.13314018790786092 0.09212334160399785 0.1343125446422687