3 0.4734375 0.4890625 0.075 0.24609375
1 0.884375 0.8484375 0.1625 0.2390625
1 0.66640625 0.584375 0.06171875 0.1015625
1 0.5515625 0.44375 0.028125 0.0609375
2 0.56796875 0.37421875 0.01875 0.040625
1 0.61796875 0.48515625 0.04375 0.071875
3 0.5265625 0.3515625 0.02890625 0.06328125
1 0.55703125 0.36640625 0.01484375 0.02578125
1 0.596875 0.378125 0.021875 0.03671875
1 0.5890625 0.584375 0.05078125 0.10703125
1 0.54921875 0.34140625 0.01484375 0.028125
1 0.57578125 0.3453125 0.01484375 0.02421875
3 0.49453125 0.3203125 0.021875 0.059375
1 0.52109375 0.31484375 0.01171875 0.021875