1 0.634375 0.11875 0.03046875 0.05
1 0.65390625 0.15390625 0.03828125 0.05546875
1 0.590625 0.1390625 0.03359375 0.05546875
1 0.7125 0.1484375 0.03984375 0.05390625
1 0.67109375 0.20859375 0.05 0.08671875
1 0.6140625 0.2546875 0.06015625 0.0984375
1 0.76796875 0.2609375 0.06328125 0.08671875
1 0.640625 0.4 0.078125 0.128125
1 0.77109375 0.4015625 0.090625 0.13515625
1 0.9125 0.7296875 0.175 0.26875
1 0.96875 0.5796875 0.0625 0.171875
1 0.32578125 0.23046875 0.053125 0.071875
1 0.2296875 0.5 0.10546875 0.14296875
2 0.39453125 0.29140625 0.06484375 0.1296875
1 0.47421875 0.43671875 0.07578125 0.140625
1 0.39765625 0.1765625 0.05 0.05703125
1 0.51171875 0.21875 0.04375 0.07421875
1 0.45859375 0.14921875 0.03203125 0.05390625
1 0.51640625 0.1359375 0.03515625 0.059375
1 0.52109375 0.10390625 0.02578125 0.040625