1 0.5593220160581175 0.8722400275136002 0.31408459068231737 0.25551994497279973
1 0.21706367424414638 0.7402458814328083 0.1788221200809595 0.1970976235152495
1 0.05234545313273248 0.6311794553311341 0.10469090626546496 0.12827341567683312
1 0.006968215740117803 0.5881137654394062 0.013936431480235606 0.0981025308788123
3 0.0408352826780025 0.49603156551854843 0.081670565356005 0.17331313103709683
1 0.07738809984302983 0.5687392913036536 0.11050148801421238 0.11398359514371954
3 0.33558238014618313 0.6286755471096414 0.5640247942095049 0.5515316885715796
3 0.7768038444159628 0.7346242995504169 0.39742379240048253 0.49832045737619807
1 0.7505389948000756 0.5938030712580293 0.24106981456303558 0.22387072367353406
1 0.2758499332892579 0.4993995725781774 0.1201221494796016 0.11894387978345584
3 0.21267490389061577 0.4208821159934022 0.2234728787873867 0.21555811850068451
1 0.3841880557450666 0.4626473818285198 0.12982469810012062 0.1254666644231918
1 0.5481719906162041 0.48385009507721255 0.16575555404758582 0.15615437476889085
1 0.7541796511770823 0.509405339204718 0.20497518430531086 0.19005801332783498
3 0.8700270584586001 0.4040168087216169 0.23406954206179834 0.2689104390337981
1 0.626655516735486 0.43449260424841263 0.1604948439616777 0.1450804824490227
1 0.4426490089335699 0.42209658966693625 0.12505531094499087 0.12376777210332364
3 0.3000011635015542 0.38195365980433826 0.2228996687014785 0.2046206185006846
1 0.9323112952296171 0.5443212114663263 0.0882104081860291 0.1351766335443795