1 0.6691578622989856 0.1693426197302696 0.03422188730530316 0.049965766749223
1 0.7406775096334185 0.20502110049984723 0.040699207838416386 0.0580693651776464
1 0.7709022187254762 0.15836227026838887 0.03725595909205772 0.04698631596343472
1 0.07935708749052353 0.8559353227878603 0.15871417498104706 0.23336907981717375
1 0.6829642980340782 0.23111487365921102 0.0472674565847754 0.06929796360606985
1 0.7569413556350679 0.26277794251812986 0.05517088479802066 0.07278683664159917
1 0.15380668078703483 0.47889547973612034 0.11015991316955058 0.13932367328319833
1 0.8531775096334183 0.19978132878822552 0.04529577962517095 0.055162688998963996
1 0.8302053593959915 0.2921336486806016 0.05682431301126627 0.07598461124870504
1 0.6934662258516122 0.3796422648917054 0.07147784639736088 0.09695208271265772
1 0.8252808640148451 0.4881910113770488 0.1056088054894186 0.1437928494618806
1 0.7055784662847008 0.6068939696064352 0.11593855172849495 0.17704199710451576
1 0.40079430720527826 0.16857860215247708 0.03734688730530315 0.050111315963434724
1 0.5496493443522968 0.1741286271738677 0.03743781551854859 0.05323631596343468
2 0.458007413631769 0.1596723289931133 0.03931856426490725 0.06424659057054058
1 0.9599082651102018 0.5536982332552862 0.045779164423191784 0.12540241439185812