1 0.18203125 0.0484375 0.02890625 0.03125
1 0.24296875 0.05625 0.03125 0.03359375
1 0.53046875 0.61875 0.15625 0.2
1 0.23984375 0.075 0.03046875 0.0390625
1 0.19921875 0.26953125 0.06015625 0.0890625
1 0.29609375 0.10625 0.0375 0.0390625
1 0.3515625 0.1015625 0.04140625 0.05
1 0.4 0.09921875 0.04296875 0.0484375
1 0.4171875 0.078125 0.04296875 0.04296875
3 0.13828125 0.14140625 0.09140625 0.1609375
1 0.24921875 0.18984375 0.053125 0.06640625
2 0.51953125 0.13828125 0.06484375 0.06640625
1 0.0671875 0.2265625 0.053125 0.07578125
1 0.47421875 0.1984375 0.06484375 0.059375
1 0.540625 0.18984375 0.071875 0.07421875
1 0.7703125 0.29375 0.11171875 0.109375
1 0.89296875 0.290625 0.11640625 0.1015625