1 0.6137647653766896 0.38413717390688007 0.09996677973732648 0.15273120181924557
1 0.1428225808442363 0.6480671648061429 0.18325731456303554 0.22519270678164424
1 0.6783197518090223 0.01976442059711116 0.03198034034363317 0.03952884119422232
1 0.7172594210763277 0.016956193963617337 0.03650406603337366 0.03391238792723467
1 0.5621735306418376 0.1468940390845265 0.05244997060135788 0.07881851282028159
1 0.6503142605154496 0.03549631265817503 0.03847600180902226 0.050111315963434724
1 0.7274123490500604 0.02720646960643509 0.033051517412854635 0.03583049214211716
1 0.7257579958161285 0.07035715612419975 0.050232373360319826 0.06624573821317573
1 0.5700911719808388 0.043931704924126694 0.03222600180902226 0.04982021753501129
1 0.5156559774987628 0.021406041565725845 0.027047178878243726 0.040226893713693715
1 0.5129370912481442 0.04424422808349049 0.028691566033373483 0.041862168320799586
1 0.8492165072360892 0.15467003598415457 0.08279256784239593 0.0927012303552929
1 0.8911793571906607 0.238079695413614 0.11345606965141819 0.14244867328319835