1 0.5761039858479512 0.24477787258431363 0.043569468464861136 0.061094008897248565
1 0.6698715164331596 0.2814422258540743 0.04840243882958326 0.06753500988583169
1 0.6955086024892012 0.22149156429508743 0.04665810087368065 0.05965884288963732
1 0.7555018515392706 0.19734841015047427 0.04847517401194459 0.07066000988583174
1 0.2510610861529509 0.5693534723568522 0.10167421561506958 0.1430735207602467
1 0.35365744966006896 0.6634629111018764 0.11660953780340293 0.1811465237259963
1 0.6068799007418401 0.33361487950439583 0.05825021751493065 0.08822951186299814
1 0.7124207327138191 0.3684129852456145 0.07416615824437507 0.10136618182494202
1 0.20522517534312468 0.3884098784786317 0.07256729065319449 0.09974001482874754
1 0.8142033978920484 0.2622995895039583 0.057704703647222286 0.06479201186299814
1 0.8205774184092706 0.4252134249792219 0.07736389342673604 0.10461851581733086
1 0.6807485861529509 0.5868618963103098 0.100075348023889 0.14144735376405232
1 0.9147741747744439 0.8130091967280517 0.1396846683123613 0.23360036167271758
1 0.7891533128828464 0.9601309933642448 0.1692968202884723 0.0797380132715105