3 0.08864931534426217 0.2130204887172289 0.12028688296032675 0.17046091567683302
1 0.09983506431080488 0.30878762978345575 0.1049486732831983 0.10915970282385157
3 0.2938097344936313 0.4943627315910929 0.5706380632728384 0.5596169732113158
3 0.6719153480186478 0.794046831353666 0.5369821931327932 0.41190633729266785
3 0.2905007597199097 0.24627457257817748 0.22559512117350256 0.22033654671392994
1 0.41849086497275867 0.37047425369441667 0.13074919396136267 0.1270746285298145
1 0.5514060647250897 0.47291259507721267 0.16814218610347992 0.15937030298213611
1 0.7183858953708327 0.5998113788590189 0.20717045285270289 0.1932739415410804
3 0.8697514962804554 0.5580594510414849 0.22323640860089 0.270200154394062
1 0.643957437760619 0.4677824773679508 0.16287248924663303 0.14673391066226812
1 0.4899484880082879 0.36473037054574864 0.125988919354257 0.12537573620994644
3 0.3862670239879333 0.2561018651354724 0.22657542431665564 0.20788201082055266
1 0.8853849966947405 0.7094999305875138 0.13482026385373871 0.14747805674305994