1 0.2058307080967582 0.981899554697996 0.1167073389353046 0.029926843890078204
1 0.21390585186124805 0.8729420918450144 0.20055705140632513 0.24929662100796718
1 0.25454148623419764 0.7184531686463339 0.12256470258518863 0.17367684389007856
1 0.7243976828878873 0.8471378289793977 0.1745383794672147 0.2235691953020041
1 0.5536395139145265 0.8411559166012699 0.16819022037968595 0.25927937476889085
1 0.36240436026420497 0.9085122158224823 0.20043503460041112 0.16970004922121262
1 0.5049924723940332 0.6454629833734596 0.13551037155854928 0.18497805674305995
1 0.6745038177551285 0.6976295739648327 0.14727554250907654 0.2056088054894186
1 0.2743062050938277 0.5700467608870596 0.12524403361182798 0.16283027210332363
1 0.378103661633349 0.7563132183297648 0.17667388243296428 0.2376771594086268
1 0.07698819471370433 0.5265110242148948 0.10627385771838496 0.11858016693047428
2 0.3062844224705829 0.41424539027480395 0.09740819368794007 0.13080738229073816
2 0.11636241802195861 0.3986527971761484 0.0678188527754691 0.09405152837152989
1 0.47368548669130817 0.3186420705996204 0.06612901878308027 0.09088106426490725
2 0.21614490072175307 0.3136209161390514 0.07537668479069151 0.08802884890464338