1 0.17540456520930847 0.07864762893574218 0.042471342889637366 0.046967841901054186
1 0.12886514623594772 0.09146330532347673 0.037592841901054184 0.042089340912471004
1 0.12025680878351783 0.11131289030444869 0.04078150889724856 0.04377917490485981
1 0.23063323467696079 0.06313803406893848 0.03778384288963732 0.04677684091247101
1 0.2568628122435589 0.08936761163553661 0.047286176882026076 0.050283842889637366
2 0.374783846806789 0.3154287514456937 0.14781937056996633 0.18229252965749518
1 0.23012792140763763 0.3626605315974805 0.10509335969555131 0.1290746877564411
2 0.03902405482918513 0.3567792406084599 0.07804810965837027 0.18019151878308026
1 0.16211670353659077 0.21334096391671414 0.07556768577927472 0.09355368182494202
1 0.3586799802283365 0.07897925688290117 0.0537271778706093 0.05522601087441492
1 0.25050538289007485 0.1496830291260226 0.05522601087441492 0.0537271778706093
1 0.037738786046104825 0.22230874011416826 0.06743685079830275 0.08542284684397003
1 0.07003002121735721 0.6923055637264337 0.14006004243471443 0.21985619665368966
1 0.5454504683653385 0.1275255503433798 0.08800401878308044 0.09250051779449713
1 0.5072355439547702 0.16574047475394799 0.09438135277546902 0.09588018577927468
1 0.4903226165784525 0.21712656121779475 0.10082235376405232 0.10082235376405232