3 0.11356108016653185 0.2313312923508694 0.17241587226160832 0.18066016842151908
1 0.15663146707612358 0.33496937675802074 0.10644387978345575 0.11466246369925477
3 0.3562724512410059 0.5072160397185907 0.5547476167848251 0.5421986738824682
3 0.7220348774091873 0.7956638987190223 0.45851381129540625 0.4025998426967707
3 0.34468304803407823 0.2612313740275462 0.2202456185006846 0.2137453791939076
1 0.47638402593075446 0.3791950579671593 0.12698370031656908 0.1225931383672898
1 0.6126959474800822 0.47291726600907324 0.1638304824490227 0.15405221662612104
1 0.7834366933234472 0.5914349409716959 0.20228522868809903 0.18708288524403188
3 0.9074114024155049 0.5454088477839459 0.16026286473976087 0.24620335518980258
1 0.705133500066507 0.46378718482337583 0.15877926959604133 0.14152494554888212
1 0.5477960246771133 0.36784394662903663 0.12225073620994635 0.12100336729005097
3 0.4406176736608988 0.2661410669441497 0.21988190564770313 0.20124537919390767
1 0.9226462943396616 0.6929514682954506 0.07385870031656908 0.12228406615858275