1 0.6866882109881457 0.19437271542763832 0.046615014828747546 0.07133079255305556
1 0.39286254551200706 0.6023729322769789 0.13984504448624283 0.21399237765916687
1 0.35904466653908385 0.38654856373586777 0.0879695266917457 0.1284899823325695
1 0.8476893779843401 0.19218935353604097 0.05123884783255335 0.06987739532659729
1 0.16069073817418297 0.3356439464290276 0.08864068874502422 0.10665134992375007
1 0.7205114071475437 0.3335618487863883 0.07282468775644109 0.1016001740119445
1 0.8325803256266129 0.33955531601697847 0.07939302273741297 0.10955814437666671
1 0.5035547174139363 0.22913284118694405 0.05474584980971962 0.07932513050895836
1 0.46208745901097925 0.19021646476204823 0.05130251482874755 0.07143989532659725
1 0.8141485909868331 0.8083968882053119 0.1599320514063251 0.24724128875333343
1 0.96764240442894 0.7669328207666312 0.06471519114212007 0.23168771751493064