1 0.7231432979675713 0.1754643487467743 0.037483279625171305 0.05458934091247101
1 0.6708593839400908 0.20653527661738363 0.04901181301126591 0.07534750988583169
2 0.7612259711662517 0.22084317433620612 0.0539266335443795 0.08335101087441492
1 0.8167712775136001 0.19433241247320804 0.04359688730530316 0.05015650889724856
1 0.8425154235943918 0.16512507353790334 0.042125315518548236 0.053217841901054184
1 0.7016356739901033 0.3233898541839818 0.05388116943775678 0.08178851087441492
2 0.28114732924209507 0.38823619315646746 0.07091555674305985 0.1308626808363588
1 0.756886778305023 0.5018212603057612 0.0935179824490227 0.15675401878308043
1 0.8962434803374517 0.2912127296596828 0.06311977711788863 0.07748301285158128
1 0.5189391827655918 0.254180892244434 0.04423338479802066 0.07203150889724856
2 0.46997283386094857 0.1842159021302657 0.04165395407749273 0.0906541749048598
1 0.9658596468722145 0.599253381332838 0.06828070625557103 0.17375051779449713
1 0.9232510869617983 0.8704863941844193 0.1534978260764035 0.18104836463846716