1 0.7660077817367423 0.0897377543742622 0.0423071719450391 0.05946784190105418
1 0.7193229983506473 0.11192843076199674 0.05025606426490725 0.06447367688202613
1 0.6764435810909687 0.8346947687087182 0.19013222116625172 0.25901153855474385
1 0.5440535960681565 0.5037697153624079 0.12406930047485361 0.1876511917107738
1 0.5289550964638678 0.3522218028148377 0.0801996285298145 0.12811968281352523
1 0.567080885260239 0.22191487889856112 0.05723348997087019 0.08972834486680367
1 0.5536692546188535 0.17330096536240785 0.0474038489046432 0.07372134288963732
1 0.9133481314993155 0.1750319727396006 0.06955163354437914 0.08398768083635884
1 0.5604253714701855 0.10201621437382466 0.03743781551854859 0.05302684091247101
1 0.5285448856559505 0.0713219712939069 0.031096887305303154 0.04964717292769345
3 0.7363717575218474 0.04506584260531051 0.07496655925034226 0.09013168521062102
3 0.845300476643035 0.08714458395520773 0.1338534774344577 0.17428916791041546