1 0.7750597835374659 0.6079496453558759 0.14440521049385407 0.21176787727617316
1 0.6241233191264601 0.44379152012476675 0.08985036167271758 0.13683006175762474
2 0.5055337811031889 0.2326530948145152 0.10251218775644108 0.10286423871722894
1 0.614173952053716 0.20920357145755025 0.04655134783255317 0.0700229949854351
2 0.6116829634224226 0.15543371377741827 0.03405134783255335 0.06965928213245362
1 0.6507282173767552 0.13556984316516257 0.0347225098858317 0.0478297462390763
1 0.9486577455141948 0.38830943210718305 0.07314302273741333 0.10981292069139803
1 0.8782218646012862 0.22102865538500577 0.04798651384016424 0.06694345909205772
1 0.8077329510651328 0.20825352223633775 0.04310801285158128 0.06211956677218975
1 0.8091190375289795 0.19338704018302644 0.04923067885919252 0.05917642319868044
1 0.8100740424718953 0.16994954018302644 0.05222834486680341 0.056142351411925785
1 0.7747095454376449 0.1569327146353481 0.04109984387822045 0.051136602665567035
1 0.7900453853615328 0.12527353767574398 0.038165844866803765 0.05573317445232169
2 0.7600077168824637 0.1347311057015749 0.0383568458553869 0.06042067445232169
1 0.7454823018634356 0.12735051471449038 0.03484984387822045 0.050954746239076296
1 0.7282138888215739 0.11068585194065121 0.031279174904859805 0.03992631802583095
1 0.7626525558177683 0.10812314159495222 0.03284167490485963 0.03997178213245363
1 0.9418082262368227 0.4798066103204285 0.08047536167271759 0.13655727711788862
1 0.6351814718253795 0.11495346628470075 0.028281508897248564 0.04296038981258556