0 0.4662764581078587 0.8009424850238755 0.18446919072245188 0.398115029952249
1 0.5271935874044967 0.5424157447273404 0.08426700668363551 0.12789187622353532
1 0.5400924820575883 0.4429068180483181 0.06838746801399935 0.10547123920022675
1 0.9074601533656803 0.2698736336495655 0.055360209341181486 0.05972222958157998
1 0.11080497139558805 0.4622767999073328 0.099582924013363 0.10187501324684387
1 0.908714118037862 0.31052591550073094 0.07423747867599957 0.07131449400955017
1 0.6732953333863613 0.41397826459760634 0.077580654678545 0.09017362141421188
3 0.8304169427116342 0.36011419853302273 0.2123203760343621 0.26043653611233475
1 0.20596183537554352 0.3180034994518458 0.05387043467536321 0.06591766587924912
1 0.8394032334102237 0.5954887033423462 0.12183973201781732 0.13545140507947587
1 0.9719322807129069 0.3744272135939652 0.043187473344999464 0.08741071996293304
1 0.9771641260343621 0.6137079684032886 0.04567174793127578 0.14867560217691816