1 0.8302633504953381 0.21598616916538266 0.041900709677128486 0.06184668977951393
1 0.11072790818660513 0.4169712540840626 0.12551803846084475 0.14807643692972228
1 0.44179381761606457 0.3872175510055212 0.12591614474715113 0.12311280452090294
1 0.8693836625298313 0.2684033075581257 0.049713209677128486 0.062028527735416714
1 0.9301799214211716 0.33381140843180634 0.04851458271265798 0.06980466014423614
1 0.6972261803125116 0.39238240216354225 0.08939644789030421 0.10977634992375007
1 0.5769221807267965 0.23896450180295187 0.07616870181924576 0.09386040919430565
1 0.655229117244561 0.24468913136197967 0.06933650496239885 0.08121493882958344
1 0.9566385867440431 0.618822841277466 0.0867228265119138 0.18997299620027785
1 0.5559527868037056 0.7605660916587158 0.20219616252983136 0.25287434612402804
1 0.6112928726212445 0.1726498239912852 0.0510573858558109 0.05737739532659729