0 0.39185771343885883 0.7795708879745062 0.1831612293920882 0.4338488009350764
1 0.5177731340706331 0.5232895925985748 0.08424882535009015 0.12391928903121965
1 0.5542004353914519 0.4313202612164856 0.06680678668045381 0.10194429508134402
1 0.9484765993793616 0.3445576220636289 0.05377952800763595 0.05655907220870695
1 0.13464136604867957 0.3593527949831481 0.09798406134627213 0.09587610226293623
1 0.940328292051225 0.382788875088691 0.07421929734245439 0.06761474687674207
1 0.6885663447246791 0.43132078209733277 0.07599997334499946 0.08637383723582168
3 0.8531919187221337 0.4135298149802324 0.20757833203372583 0.24962833703942983
1 0.2598311753659985 0.2421203640685971 0.052289753341817756 0.06279998184962743
1 0.8058282120862235 0.6398014234896847 0.11869655068427179 0.13036927693097128
1 0.9820601640276806 0.4556996551429203 0.035879671944638855 0.08461134933607006
1 0.9548475147596776 0.6906650076022484 0.0845033640197265 0.14579428903121966