1 0.20318704991727446 0.23778436227904337 0.07943412986961632 0.07909435775648763
3 0.26899723620028226 0.1623992599496227 0.2698603068171333 0.16712770352718756
1 0.2866307954530476 0.23357157507848508 0.08571140340856669 0.08098440637700666
2 0.2645472897710047 0.2651967113291037 0.07194891233702042 0.09743492198083885
1 0.336005278406919 0.33450663330994257 0.09231595941492107 0.10162445499752568
1 0.4933774476437983 0.3622675424004826 0.1018273271096728 0.10992827792830404
1 0.9728586217519414 0.49690472975801103 0.054282756496117204 0.13288109905006032
3 0.5946887573036006 0.26376584463904623 0.21313874837514693 0.2265978787873868
1 0.40912122442915955 0.4093671924459111 0.10363528896022593 0.12407266508343398
1 0.6225076144450454 0.47128509554355735 0.1256193831160271 0.1314690852552504
1 0.9185177694784652 0.34786304217333996 0.09719437418757337 0.11280761646291486
1 0.8249041371732169 0.35076231286555487 0.10692393019392768 0.1336114393936934
1 0.8443029736183807 0.29948309588224165 0.08606595941492116 0.10129690637700665
1 0.521708773535655 0.5097124304601235 0.12583757142762977 0.14396908525525037
1 0.7722912004831721 0.6008984317033189 0.15590690097293472 0.16739994120271576
1 0.6775162629823482 0.7161339280852743 0.1500387305182395 0.18894739258219656
1 0.9343160933417272 0.8752034701470726 0.13136781331654568 0.24190861827193721
1 0.7674035085214166 0.23144906885844865 0.06704322402541756 0.08468926051544959
2 0.9577790925309483 0.5984296082067135 0.08444181493810347 0.21420634215265544
1 0.6935120409888207 0.24630942898978544 0.057668224025417734 0.08419793758467105