1 0.64140625 0.43828125 0.096875 0.1703125
2 0.61328125 0.26875 0.053125 0.13125
1 0.71015625 0.26015625 0.06953125 0.1015625
1 0.61484375 0.15859375 0.04296875 0.07578125
1 0.81484375 0.059375 0.03671875 0.04453125
1 0.76796875 0.06640625 0.03671875 0.04609375
1 0.77890625 0.090625 0.03984375 0.0515625
1 0.77734375 0.13125 0.04140625 0.071875
1 0.52265625 0.25078125 0.06328125 0.0984375
1 0.86328125 0.16328125 0.05859375 0.071875
1 0.65390625 0.09453125 0.03359375 0.05703125
1 0.59609375 0.06484375 0.02890625 0.04609375
1 0.94140625 0.21015625 0.06796875 0.0984375
1 0.88515625 0.28984375 0.08359375 0.11328125
1 0.95390625 0.16171875 0.0625 0.078125
3 0.5421875 0.06796875 0.05078125 0.13125