1 0.20141852379216307 0.9341999505708412 0.22267858656782158 0.12141337946721506
1 0.7196106063532695 0.035429597758191135 0.036175602176918176 0.052963173916276605
1 0.41166412006344955 0.4762734095446396 0.1311656983633867 0.1816558596955513
1 0.42571424029653515 0.3196732410655704 0.08841271397248321 0.11906301779449713
1 0.6114731471052914 0.4735927840317574 0.1261706635169965 0.2173386917107738
1 0.5210490768643568 0.20344872178819848 0.06075893992586625 0.08673067885919253
1 0.5492137715995463 0.1118050498490882 0.0444791754978958 0.06734400889724856
1 0.786929537208643 0.16296966593324913 0.06868056733052796 0.09017401384016441
1 0.5955629819438327 0.08027120695945086 0.039409729581580066 0.056215507908665384
1 0.532953854539171 0.08594288680722653 0.037847229581580065 0.05615184091247101
3 0.430054543832065 0.12836249155986196 0.1579464531727101 0.188988198630856