1 0.7073685227806727 0.2182213392789251 0.03768353847458741 0.05020907825883114
1 0.6541889590783418 0.2194747670702181 0.03768353847458741 0.05020907825883123
1 0.31563482433246803 0.7176066982793566 0.13532740870767296 0.20699540944452863
1 0.6693129620735668 0.2562889658405541 0.04598711179556503 0.06431703005422928
1 0.7642360816736802 0.22324063738533115 0.039191474772256464 0.04865566861791084
1 0.7254984746874384 0.2808395139469601 0.04426092068857255 0.05962043969514976
1 0.6552033328548065 0.3023099929679171 0.05100199400955034 0.07371930113146821
1 0.7911780383897693 0.2796588090283041 0.04604167549789597 0.06587953005422928
1 0.8293154446503717 0.23924743246667513 0.04091766587924894 0.05335225897699036
1 0.6746031188823232 0.41807134835411136 0.06906251324684387 0.09881929508134384
1 0.4785217817663474 0.32706857757146013 0.060704376223535306 0.08314884328594588
1 0.8429910203336022 0.38466901677563053 0.07002481252120418 0.08164088544042354
1 0.8020163015517954 0.5063303933372595 0.09326390507947586 0.12083065046753809
1 0.9193179073569105 0.369484899190992 0.07493056733052797 0.08791815651766247
1 0.4684151501853345 0.21370551433974358 0.041190484390903316 0.06116475897699045
1 0.9356546915703288 0.5282059142181066 0.0960615228654909 0.1114738311856975
1 0.728990452285284 0.9168390838179761 0.15594744355406326 0.16632183236404785