1 0.31015625 0.88125 0.10859375 0.21484375
1 0.33125 0.56953125 0.084375 0.11328125
1 0.39453125 0.4890625 0.05 0.08515625
1 0.54140625 0.80703125 0.11171875 0.1984375
1 0.5875 0.3703125 0.03515625 0.05390625
2 0.40234375 0.396875 0.040625 0.090625
1 0.48671875 0.484375 0.05 0.0796875
1 0.47734375 0.39453125 0.03828125 0.05703125
1 0.46484375 0.34375 0.025 0.04296875
1 0.40859375 0.359375 0.03046875 0.0390625
1 0.4125 0.3265625 0.02265625 0.03359375
1 0.46015625 0.31328125 0.021875 0.03359375
2 0.74296875 0.39609375 0.0375 0.06875