1 0.5434510599120669 0.23296354499807034 0.07243860226293641 0.09896634890464337
1 0.5970917487234537 0.8499020262599588 0.23307716217500313 0.3001959474800824
1 0.656705038834828 0.23157219272821475 0.06614315046753809 0.0909719924781526
2 0.5830907977136226 0.3333188976636373 0.09623971662612103 0.1621483105039836
1 0.8141221082148646 0.16819531749710553 0.048801114363184794 0.06390938730530311
1 0.7203044514026147 0.28810098904643333 0.07243860226293623 0.09896634890464337
1 0.8831629997054125 0.2201957381885035 0.05664997579950324 0.07038670783841657
1 0.8365516201187212 0.26414431498982305 0.06455337939029918 0.08623902837152997
1 0.6719664244716432 0.16952683379444156 0.0535795179539809 0.07967077962517113
1 0.7376959636010589 0.18940507627259415 0.051953385440423536 0.0686878155185485
1 0.9103027375069681 0.32018737800108904 0.08183178298109546 0.1023641335443795
1 0.7492056353422277 0.15380855707226426 0.04406816256778665 0.055960494985435094
1 0.7015039335468296 0.14460940182027246 0.0440954336450254 0.06064799498543509
3 0.5835079124695908 0.13648936177026005 0.16829652380771343 0.1954896594086269