1 0.7075885831987527 0.10647077302214644 0.043278441558013546 0.06274543969514967
2 0.7289317491892211 0.1370667880492611 0.05783186525911965 0.09095225292686626
1 0.7713356631510946 0.25920086328303016 0.07211255357072233 0.10353406615858277
1 0.7689069492752418 0.8453092570225781 0.23196266071216734 0.30938148595484377
1 0.08287515807795973 0.6083306504675383 0.16575031615591945 0.24630334913967822
1 0.3869276611224997 0.3483799753085238 0.10242734496658024 0.13964428298109555
1 0.3603981631510946 0.2568100988450907 0.09105346834337488 0.11458065046753826
1 0.4739072840922572 0.19965210469882322 0.0672614123370204 0.09413179508134398
1 0.43798205195245987 0.6463634782353902 0.17209673701106123 0.28222266842151916
1 0.4373345844165687 0.1463089360809124 0.057640950486467266 0.08001475292686626
1 0.5223368758124265 0.11086231547121175 0.048047762174864596 0.06746021077238851
1 0.5708056034912922 0.15411741178221972 0.05769549756436802 0.08313975292686626
2 0.48939769074723466 0.07316687275099996 0.05794095941492117 0.09720225292686624
1 0.5519522378251354 0.07040548711418468 0.04004434740221221 0.05647725897699045