1 0.6142655690892791 0.8642677474345488 0.2006498933073793 0.27146450513090237
1 0.7559170775665981 0.04496384792697981 0.02719916996194378 0.016243249050069464
1 0.6844944278334283 0.3584438132577089 0.12112953657757738 0.17609233415618064
1 0.854527107644023 0.6955295052214243 0.1880862263111851 0.2869220378034029
1 0.7237903270723065 0.04656206230777839 0.030769838935304605 0.02725348423243059
1 0.5748925706465159 0.07359407494121575 0.0383568458553869 0.060211454597152804
1 0.6374124752854206 0.13213457997520886 0.049612680836358794 0.06827852773541672
1 0.8177048117492675 0.12147310296097291 0.05092051285158128 0.062064895326597244
1 0.8792643942587812 0.12681587281260492 0.05579901384016424 0.06686149810013893
1 0.6415534886312935 0.06888969756638944 0.039728344866803766 0.05556032218833336
1 0.9063123725099516 0.23066822463621603 0.07706651878308043 0.09077177678548623
1 0.6228499095818206 0.048122602676632466 0.03322367688202625 0.04916485182361115
1 0.6820339085932374 0.054192071141493624 0.03309634288963732 0.046039851823611144
1 0.9447196620160974 0.43957175237163276 0.08241986364988421 0.14553201196784737