1 0.24140625 0.871875 0.17734375 0.25546875
1 0.70546875 0.21171875 0.034375 0.05703125
1 0.21875 0.35703125 0.06640625 0.090625
1 0.64375 0.21796875 0.034375 0.05546875
1 0.36640625 0.39921875 0.06640625 0.121875
1 0.765625 0.21953125 0.03984375 0.05546875
1 0.75546875 0.32109375 0.05078125 0.08125
1 0.81796875 0.19453125 0.040625 0.05703125
1 0.68203125 0.33984375 0.05859375 0.0796875
1 0.82109375 0.4203125 0.075 0.0984375
1 0.5125 0.26171875 0.040625 0.06875
2 0.88984375 0.35625 0.06484375 0.109375
1 0.76015625 0.66640625 0.10390625 0.16875
1 0.94921875 0.33046875 0.06328125 0.08125
1 0.47578125 0.196875 0.03125 0.0484375
1 0.4234375 0.1953125 0.03359375 0.0515625