1 0.5488998804791274 0.1399814879352435 0.07333480024766903 0.1000376740119445
1 0.5682812731593637 0.07019631800736159 0.059743181141081084 0.07630923328250003
1 0.6703553494618808 0.11705509384291721 0.08285534946188075 0.10338087955902786
1 0.8803618579389362 0.8126254330330911 0.2392762841221277 0.3255858007211806
1 0.7895184183207996 0.04490994975059094 0.06966183664159917 0.054688806420763944
1 0.5012393223735755 0.07175751158659764 0.053202082712657625 0.06991376291777782
2 0.5503103691065878 0.03622070829996574 0.04749573821317572 0.04792966014423615
1 0.6176798056243525 0.04169076472072968 0.057234611248705033 0.05596036569131949
1 0.8889940334984459 0.08624542419937574 0.09103172249741007 0.11137521751493062
1 0.48297731989237613 0.03153190187920179 0.040954639784752264 0.04153418977951392
1 0.5754366476426351 0.022758273554444926 0.044623295285270356 0.019768292553055594
1 0.4979473484284235 0.017833077791007363 0.03339469685684691 0.013263719414791698
3 0.5335040903611435 0.5969393495425004 0.4145123035529288 0.7900509570656947