1 0.37578125 0.8703125 0.090625 0.1796875
1 0.43515625 0.69296875 0.07109375 0.12421875
1 0.41484375 0.48984375 0.05234375 0.06328125
1 0.46484375 0.48515625 0.05390625 0.078125
1 0.359375 0.5453125 0.05234375 0.07421875
1 0.57890625 0.85390625 0.08203125 0.209375
1 0.4390625 0.5984375 0.07265625 0.09609375
1 0.5796875 0.61640625 0.05703125 0.10703125
1 0.71171875 0.81953125 0.10234375 0.1890625
3 0.5390625 0.46875 0.06953125 0.13671875
1 0.66796875 0.59453125 0.06171875 0.12578125
1 0.6296875 0.49296875 0.03828125 0.06640625
3 0.60234375 0.4234375 0.06171875 0.10546875
1 0.7046875 0.42109375 0.03359375 0.05546875
1 0.66953125 0.415625 0.03046875 0.0484375