1 0.10800287665982485 0.10409004758704869 0.036137487899751616 0.03521145459715282
1 0.13853071399384237 0.09464296561506955 0.03142271682251274 0.030414851823611144
1 0.1203756116327102 0.12625598831649315 0.04085225897699045 0.0400080573706945
1 0.604957606368153 0.6391651767648269 0.22964308996629618 0.2662471683123613
2 0.2158683561717612 0.5004039627652779 0.14180674668035032 0.20639808320625014
2 0.20571821399384235 0.09620677203583351 0.048782933645025485 0.06050239532659727
1 0.2050142320460191 0.08290733824024324 0.04085225897699045 0.04000805737069446
1 0.2089376210024841 0.3486596248093752 0.09598518657189174 0.11784342306201401
2 0.29706537665982485 0.10849052611989607 0.059747704722264317 0.06544446846486114
1 0.10079838895646498 0.2680070772223265 0.06608860831306052 0.08121493882958344
2 0.3198579820460191 0.08558035619201416 0.059756795081344016 0.06700696846486114
1 0.31405743393961305 0.14248431962288222 0.06131929508134393 0.06704333605604171
1 0.2738474651721927 0.871422364741389 0.2343305899662962 0.257155270517222
1 0.06379381352630416 0.1819780050339931 0.045612481849627386 0.05261716014423614
2 0.0426727924490653 0.4588307925530556 0.0853455848981306 0.17703658510611114
1 0.450421659935508 0.20660398385118092 0.09589428298109545 0.10221842306201401
1 0.6046642532214538 0.15237369158246578 0.10368860226293641 0.0992752610179168
1 0.0066449097391162466 0.1525074041603125 0.013289819478232493 0.039389808320625