1 0.7927436727004984 0.22163679847175236 0.03170453333863606 0.04015377404661713
1 0.45472243479467594 0.927472658538037 0.12632723734881743 0.11842759618646852
1 0.4999151140992682 0.7140897156169459 0.125564716024817 0.18712303248413775
1 0.3446463587682681 0.7367063039988659 0.13822834802672598 0.20162204210278462
1 0.42534073341022366 0.5517831777753306 0.11284654002227157 0.1679365228654907
1 0.21300546009704097 0.7076959049946578 0.1540351613621805 0.217792679126093
1 0.2980242554105419 0.5585738695152954 0.1125920013526355 0.14606152286549073
1 0.15453788474695085 0.5862499801297341 0.1331590400222717 0.16864585099579193
1 0.3585794000636334 0.4564186032732266 0.08724655601527206 0.11550100362819701
1 0.259342468730088 0.45832089837123596 0.09825678134945379 0.1221329495445131
1 0.4086333967218156 0.39214528294747375 0.072893154678545 0.0900099303072194
1 0.3264203333863612 0.37938487731984366 0.07292951734563582 0.0931349303072194
1 0.42360386871417965 0.3353496459241652 0.05550566000954493 0.07222222958157998
1 0.3640470553787252 0.3217980666127377 0.057140885343726744 0.07852679328391084
1 0.3942158133752254 0.29495282441728604 0.052326116008908664 0.06742560217691826
1 0.4157817307049528 0.2676264325846541 0.04445907200827239 0.06246528366526398
3 0.4649459367043164 0.26122017596123215 0.09387836401972649 0.14853175843752045
3 0.046779928747587185 0.5947023755905632 0.08381466271481597 0.3574702488188738
3 0.17394022338477036 0.37298608829710217 0.22823627737108917 0.2859821731356432
3 0.32258571403563474 0.25134172287334 0.12687267735518085 0.16530259618646853
3 0.4048164113621805 0.19844984664980464 0.11413632001909005 0.14455358656782158
3 0.4861845900302259 0.20576878412860014 0.06666133601209037 0.09135417549789597
1 0.9741658480267261 0.3918426271502077 0.051668303946547665 0.06602679328391084
0 0.49538686736154414 0.19059765191461497 0.08384883601209037 0.09195437622353535
1 0.8166373480664969 0.46152518849028584 0.09167951734563573 0.09378969473518968