1 0.04453125 0.94140625 0.0875 0.11640625
1 0.09765625 0.78125 0.13515625 0.2109375
1 0.17734375 0.64921875 0.078125 0.1515625
1 0.590625 0.90234375 0.121875 0.1953125
1 0.42890625 0.85 0.10078125 0.23125
1 0.21875 0.896875 0.146875 0.20546875
1 0.43671875 0.646875 0.08828125 0.159375
1 0.58203125 0.73984375 0.09609375 0.18359375
1 0.2375 0.51640625 0.08828125 0.140625
1 0.0359375 0.47890625 0.06953125 0.10703125
2 0.05859375 0.37421875 0.090625 0.13359375
1 0.32578125 0.58828125 0.09296875 0.1609375
1 0.18046875 0.30078125 0.05625 0.06640625
0 0.85078125 0.2765625 0.04765625 0.08125
1 0.65703125 0.28125 0.05234375 0.06328125
1 0.25546875 0.23203125 0.04296875 0.05390625