1 0.3051467452657758 0.49765625 0.1317419906906352 0.1765625
1 0.14693808732495492 0.06171875 0.03482953333863614 0.0390625
1 0.19937274399268218 0.05390625 0.034920440006363365 0.046875
1 0.24631137866009123 0.0484375 0.03797271467218159 0.040625
1 0.24730171399586381 0.03046875 0.034720445337363515 0.0296875
3 0.16916598130172872 0.2328125 0.16540901336727112 0.25
1 0.3868069199554566 0.328125 0.10923064401654461 0.121875
2 0.33279377132400045 0.06875 0.05063634667409058 0.0546875
1 0.09695298460377562 0.46328125 0.10328972668681727 0.1484375
1 0.276815943984728 0.1125 0.050581802673454225 0.05
1 0.32150173531986426 0.09921875 0.05223520934118149 0.0578125
1 0.45375970464672816 0.146875 0.0743465666772721 0.078125
1 0.5585108393141371 0.14140625 0.07585452267663584 0.0734375
1 0.6604091466422738 0.1796875 0.09471361067790855 0.0828125
1 0.025135265316682587 0.12265625 0.04124316534054513 0.053125
1 0.08313866931890976 0.10625 0.039662484006999676 0.0515625
1 0.6484454959818644 0.13359375 0.08837270401018138 0.075
1 0.024263655991409484 0.06328125 0.036501121339908786 0.0484375
1 0.8611978452816842 0.38046875 0.17356586401972648 0.1453125
1 0.9475807879535477 0.3421875 0.0841215560152719 0.1125