1 0.5744652926877718 0.18548039235505406 0.04792951734563573 0.09308161465389256
2 0.6782828253898611 0.45169961386092305 0.09858404535327167 0.1519520036180447
1 0.6787175353675894 0.2877599445936177 0.06669769867918127 0.09562676051544958
1 0.8816020134468129 0.8561226837394837 0.20694308004454348 0.2877546325210325
1 0.8055447593889065 0.4513421670039978 0.1256010786919081 0.1924065852552504
1 0.8695687073519991 0.18298831467457716 0.05069089067472703 0.06199538896415202
1 0.6717766446928624 0.22805739597309865 0.05392497867599957 0.07153416327441153
1 0.671140298018772 0.17336989597309865 0.0444954346753633 0.06635534034363308
1 0.7193050780155902 0.15247089778212097 0.04126134667409058 0.056816566033373574
2 0.5777175620225898 0.19658166666531357 0.08857269867918127 0.09677318068726608
1 0.6735016820098632 0.10790867028335818 0.036464758672817864 0.0471959045679843
1 0.9787175353675893 0.64020102837853 0.04256492926482132 0.17128850180902228
3 0.5248941960534521 0.4210184226582074 0.2174635040579064 0.4376991530976461