2 0.7930251549228118 0.8537922218445534 0.32947582655673635 0.2924155563108933
1 0.7335631552071522 0.6782864473071512 0.20756184612402784 0.20127033016686777
1 0.32734309678961804 0.05079005257724789 0.025618249050069507 0.027872694482076032
1 0.3153152222645833 0.06345714891377476 0.033758057370694414 0.042344630257724794
1 0.24182317087781247 0.06195220262267642 0.036810322188333355 0.0393834045679843
1 0.1938162030785414 0.34337594301173796 0.08230596656500007 0.1166762449116173
1 0.30191964380798586 0.33652615671569086 0.08702983415618064 0.11848440637700666
2 0.39171406810427084 0.0745008695151326 0.038700130508958354 0.05352779172311406
1 0.36566006117041666 0.08486848145549168 0.03397626291777787 0.05171963025772479
1 0.3039049435792361 0.0831964388278665 0.03379442496187508 0.04390713025772479
1 0.2241414423449651 0.25031866180407353 0.0676979526972918 0.09250176051544959
1 0.30764492657739567 0.22497118102595035 0.0723854526972918 0.09274742198083885
1 0.1831729098598957 0.16212926503800534 0.043533100873680564 0.06002345318850333
1 0.0953274177436804 0.17238733435073925 0.04829333605604171 0.06339411465389251
1 0.43515363715847216 0.15734434701389538 0.05120013050895835 0.05418288896415206
1 0.35027014409232626 0.1411627470593239 0.049455792553055565 0.04628850180902231
1 0.21126219547909714 0.131531040252776 0.04178876291777787 0.05212906603337357
1 0.03090189504225682 0.15102026741285454 0.034121733282500046 0.057969630257724794
1 0.454738785334861 0.18965888003058218 0.06082970364722229 0.0656117118949306
1 0.5617882191304513 0.19448690015697018 0.07013196846486114 0.0629780348257091
2 0.12904976073357632 0.10140977103089917 0.03895470364722229 0.06446529172311406
1 0.6523378711065622 0.3369001294647553 0.10995818787965277 0.09783771370395292