1 0.34765625 0.1234375 0.05390625 0.0515625
2 0.09375 0.48359375 0.09609375 0.21328125
1 0.35234375 0.409375 0.10078125 0.1390625
1 0.45859375 0.10546875 0.04921875 0.05546875
1 0.425 0.1265625 0.053125 0.05703125
1 0.5609375 0.11875 0.05390625 0.059375
1 0.4453125 0.34296875 0.09453125 0.11875
1 0.21484375 0.40625 0.07890625 0.12578125
1 0.5375 0.13984375 0.05859375 0.059375
1 0.27734375 0.28515625 0.07265625 0.0984375
1 0.46953125 0.18515625 0.06953125 0.06328125
1 0.50390625 0.1609375 0.059375 0.059375
1 0.12734375 0.2890625 0.07109375 0.11484375
1 0.12109375 0.21953125 0.05078125 0.071875
1 0.24296875 0.171875 0.04921875 0.06640625
1 0.90546875 0.334375 0.12734375 0.10546875
1 0.91171875 0.42421875 0.13359375 0.11484375