3 0.11903282345952008 0.2501891404229231 0.17646486282348772 0.17646486282348767
1 0.16499811404459902 0.3462322974849378 0.09546823295387141 0.10007391233702041
3 0.3518963218379623 0.5116685625024715 0.5198286736978108 0.5182934472367611
3 0.7086649245184755 0.7889484882354678 0.4866149788933864 0.40524797645775446
3 0.34187030560261267 0.2806640243530245 0.2050535129856435 0.20351828652459386
1 0.465674224028713 0.39174975446752214 0.119205741882325 0.11767051542127546
1 0.5914224720001181 0.4809332110430694 0.15253643912238174 0.14793075973923261
1 0.7519451404262185 0.591378012992234 0.18901940990138827 0.17980805113509035
3 0.8917576627473528 0.5459819180256538 0.2011569456152035 0.24874896590774292
1 0.6782639529253947 0.4723882796313255 0.1491932508107789 0.13537621266133187
1 0.5322304784929399 0.38199687906213275 0.11449096834337488 0.11602619480442451
3 0.4323862114468112 0.2853321590939048 0.2064250982129911 0.19260806006354417
1 0.9064905442418223 0.6863069090972 0.11481825081077872 0.13477619480442443