1 0.07011317016267254 0.8531346826295598 0.09630801332783515 0.19689436525911966
1 0.893790014052751 0.9748144082765353 0.16436402837152997 0.05037118344692928
1 0.5767459518994148 0.7409457430968459 0.17745036473976086 0.2482853157455871
1 0.18304846153283322 0.4943517922066366 0.11258623119538154 0.16594437418757338
1 0.44551736929210745 0.5247013599808186 0.13398986975432586 0.20379893019392803
1 0.7652495446023589 0.4030032325435391 0.08852895407749273 0.09056254464226861
1 0.5387445320659466 0.508369022317839 0.12798391066226814 0.15840460957707697
1 0.598568161453691 0.47115144033690226 0.10698944906292773 0.13461255357072233
1 0.8422212215619631 0.4184021359521057 0.09634145407749273 0.0906989123370204
1 0.35270408049573626 0.3942405182606493 0.09967705423577744 0.1516636858759708
1 0.5602892599626228 0.3900553989410446 0.09192673871722885 0.09999209172016936
1 0.41716974577685784 0.35554225689656355 0.07781877461060631 0.0981841298696164
1 0.8964122795586642 0.5364760259679917 0.13943823620994636 0.12268529788867966
1 0.21959005212420632 0.3278870409888207 0.09885870031656915 0.1235386858759707