1 0.4708524055840371 0.6882138144514938 0.19392922094004206 0.31089763568479184
1 0.8678923433958508 0.7981698320914911 0.2642153132082985 0.3302894448207603
1 0.5201076978729781 0.521902739711693 0.11600121551297526 0.161900213703953
1 0.8559300904551748 0.651581437134445 0.20011726594251655 0.22084584577069996
1 0.19115942503305655 0.3589611629357273 0.06757700361804461 0.10015048620519007
1 0.38427533921197926 0.4263965671650273 0.09281602103089917 0.1357537935321364
1 0.7043997314554916 0.33127998247560375 0.08567190637700647 0.08863313206674714
1 0.6581156309350933 0.4496482021724505 0.11288285956550989 0.13213082654882308
1 0.4911085153766896 0.38711165988350954 0.0989841338757694 0.13451884215265536
1 0.35198073835289667 0.3184136488022331 0.06050813206674714 0.08419793758467105
1 0.5169849406368888 0.32778424751360913 0.07481629353213641 0.08962242198083885
1 0.9392002377312989 0.4314559656285762 0.12159952453740211 0.12077724672063965
1 0.9308488271704208 0.481370756447179 0.1383023456591584 0.14166295680654795
1 0.4241456654221182 0.3052308960886997 0.06190685775648763 0.0811548247398008
3 0.9018667944366475 0.3014752165330873 0.1962664111267049 0.267140991632257