1 0.12062558741524884 0.3726172695672916 0.11338602076024666 0.10098323138263901
1 0.3886116530816679 0.844831882790069 0.2087170612921568 0.29520731648875015
3 0.19994567289051238 0.3606244562126734 0.20543555239490824 0.2529834488975696
1 0.29191831418354425 0.4786821655594789 0.11873936562705038 0.155743466565
1 0.3983367519399853 0.37630008833715245 0.09559102570316255 0.12398432028847228
1 0.2788466057040376 0.28229812804041643 0.064184516805914 0.08110583605604171
1 0.3472782707230656 0.2885104540284719 0.06899935079830274 0.08433993882958343
1 0.652801417453305 0.37584092097472166 0.10853669467652338 0.1352127610179168
1 0.40550194760509173 0.23876372074597185 0.059178681824941924 0.07318423328249998
1 0.3158001190499104 0.2182167910344442 0.04948534684397003 0.06515352773541672
1 0.34563219908796655 0.23313262300642332 0.05280134783255317 0.06991376291777777
1 0.4010173774528674 0.1764273749062844 0.04766817885919252 0.05886716014423614
1 0.352053295437645 0.17132295402847192 0.04135451186299814 0.05715918977951393