3 0.01821001017676531 0.4001704183627942 0.03642002035353062 0.16840916327441152
1 0.044311625113571305 0.47891953810506943 0.08862325022714261 0.11790455223856355
3 0.29535352781676244 0.5337896653105765 0.5622985198992454 0.5608179070543751
3 0.7604794815710927 0.6675716073062616 0.43203780981333717 0.5430837731786056
3 0.17935114880223307 0.32405721845365126 0.22191037878738676 0.22042976594251656
1 0.35341609057077567 0.36246021992398936 0.12974281094499088 0.12678158525525038
1 0.5200746460886997 0.378657350747541 0.16575555404758582 0.15983310266810485
1 0.7317181529861045 0.3987297540723299 0.20489329715018095 0.19304839439121899
3 0.8631086731124926 0.2851065880843848 0.24147260628614972 0.2666430246489438
1 0.6039040914752868 0.32518046868079387 0.16197545680654796 0.1471693283578454
1 0.4157014066041492 0.31868256445149384 0.12505531094499087 0.12653592378986112
3 0.27194144052534713 0.2818077634561257 0.22281778154634874 0.20801165309764622
1 0.7392651436023089 0.86423856739217 0.23015224672063966 0.1398348631835546
1 0.9248982649264637 0.4143160532586757 0.10876856965141819 0.14282266508343397