1 0.42565951035833427 0.5304262807416004 0.05204588479802066 0.07060339149054791
1 0.4786481180384662 0.5254297085328934 0.0617391335443795 0.08159543364502539
1 0.37492973614343944 0.5861995577707676 0.05861413354437941 0.08157725292686635
1 0.5071237736861693 0.7252978983262388 0.08493259263643722 0.12703519867214014
3 0.260746530350087 0.8244040605994378 0.46795099577685795 0.35110097521032807
1 0.6606903575471179 0.9275638593932151 0.11944398495630537 0.13192268657189174
1 0.6286290491547055 0.6581735099589491 0.0799723079967011 0.11763292759490121
1 0.4452505963308539 0.559223446432645 0.06606292069139812 0.06912270472226431
1 0.6055432386507219 0.562979184626984 0.056960705331134065 0.07844316256778647
3 0.47018240017091983 0.556734250687371 0.15099551332783517 0.19615790339440445
1 0.6649804231321734 0.511062160622879 0.05227320533113407 0.07841589149054791
1 0.5769204819868043 0.4654729255517978 0.06243781551854859 0.0519170240041051
1 0.6372214844940868 0.4432434015476927 0.04359688730530316 0.048682939695149585
1 0.5857499127073321 0.4466683833973201 0.05279003087881229 0.04248748184962743
1 0.6653321126281899 0.41573147990471976 0.03868206677218975 0.04084316861791084
1 0.30453466811760854 0.5569165787498106 0.09713106426490725 0.06305451190385654