2 0.13254750347788194 0.8941351257593058 0.20929794724210718 0.13750391926229177
1 0.43509492178079395 0.776789850492431 0.1606322050640278 0.21282992116215294
1 0.2856703164061826 0.6559655913743752 0.1479501945406841 0.2094139804327085
1 0.36251207941918795 0.5052038315907295 0.09634292093374786 0.1270729526972918
1 0.48042762151256274 0.49543140092927124 0.08798438936371689 0.11751611474138901
1 0.5668186897731224 0.32846341289711856 0.042065673635170955 0.05247168977951393
1 0.4089691214419756 0.4194488227570143 0.07237479991529536 0.09062630642076393
1 0.48993840038117076 0.412728003702813 0.06419827886860788 0.08419446846486114
1 0.58023717668953 0.40700664019569494 0.06218075256024882 0.07634560087368066
1 0.648494353026124 0.43049999800322974 0.06043624203690499 0.07318423328249998
1 0.6196420399566491 0.5229232341355214 0.09570588410204497 0.1161354526972918
1 0.45882417924977875 0.3290790491056601 0.0457367052052021 0.06191942496187508
1 0.5117594634506457 0.3201411134102088 0.04399219468185844 0.058758057370694415
1 0.7619227322900202 0.7664037432535771 0.16139106826055977 0.17227765634451392