1 0.7549580306333652 0.22767421827742992 0.057104522676635835 0.07474673328249999
1 0.11630132658341293 0.610408210296736 0.2113578600413617 0.30952438962701406
1 0.21388704061904767 0.3457079710303123 0.10292610001590834 0.11955139342673622
1 0.3826541272676848 0.4745564035916316 0.11104768268618095 0.14629573138263902
1 0.824198379296638 0.25105586046989514 0.052289753341817756 0.06370013050895836
1 0.6867887386219111 0.31361302469819385 0.06662497334499946 0.08746493882958344
1 0.8820290606301835 0.24814775959621455 0.050727253341817755 0.06366376291777787
1 0.3593813539545021 0.3267007850505205 0.09353291868236298 0.11777068787965286
1 0.7867705572883658 0.3128479988626382 0.06342724801081764 0.08114220364722229
1 0.25586654996818325 0.2283561636596178 0.08226815467854491 0.08939111474138901
2 0.5245801873010925 0.22522593797656204 0.06677042401336308 0.09996493882958343
1 0.46783983863781947 0.20155335505465238 0.06033861067790856 0.08419446846486114
2 0.7001030672342773 0.7131947973996174 0.1765465080362711 0.27122430262104197
1 0.3921045893141372 0.13224161702249967 0.04749316534054513 0.054216027735416714