1 0.516558702580965 0.5230297240675352 0.10724084913967821 0.17278549620027786
1 0.3568882659108774 0.5701014797671183 0.12453743344863373 0.1919355397032639
1 0.5667728469001831 0.35308155318972273 0.07095791549465283 0.11257404160312508
1 0.6601501421779188 0.41932610866055614 0.08046018052176755 0.13466724715020853
1 0.590805765419898 0.25128331705743107 0.059847698672140126 0.08263196846486114
1 0.8904830576725716 0.313734644564098 0.07395565046753809 0.09077177678548623
1 0.6223784731672246 0.19654191888104217 0.04570338544042354 0.06824216014423615
1 0.6792415515242516 0.22677558595913255 0.04415906615858276 0.07133079255305556
1 0.6280153948101974 0.16776295545017414 0.03624657220870695 0.05396145459715278
1 0.687472208041914 0.1550824239150353 0.03782725292686635 0.05712282218833335
3 0.5185404008603216 0.18240472406753513 0.1463215298578376 0.17681968597979178