1 0.71875 0.928125 0.19375 0.14375
1 0.18515625 0.46640625 0.06640625 0.121875
1 0.47734375 0.72109375 0.14140625 0.23671875
1 0.74765625 0.74921875 0.2125 0.2890625
1 0.415625 0.51328125 0.09296875 0.13515625
1 0.83671875 0.71328125 0.16875 0.2
1 0.68671875 0.340625 0.06796875 0.071875
1 0.56953125 0.53515625 0.115625 0.13671875
1 0.128125 0.67890625 0.11328125 0.209375
1 0.82734375 0.41484375 0.090625 0.08125
1 0.55 0.41875 0.08359375 0.11328125
3 0.38515625 0.33359375 0.10703125 0.18125
1 0.91015625 0.534375 0.13359375 0.12578125