1 0.3328125 0.25249087926389613 0.0578125 0.09242969468185844
1 0.63984375 0.0705458453453778 0.040625 0.061741136803468086
1 0.48046875 0.43920338203590636 0.103125 0.17163134727034207
1 0.69453125 0.0673606611868631 0.040625 0.06642863680346808
1 0.2984375 0.7326179950206768 0.175 0.29144258930724726
1 0.44453125 0.17098400305435893 0.0515625 0.08581567363517104
1 0.51875 0.27291125312494613 0.0734375 0.1167772472985769
1 0.68125 0.15719670591107382 0.05625 0.08921368942018656
1 0.7546875 0.1341694586124969 0.0609375 0.0832367052052021
1 0.503125 0.1746025557416646 0.0546875 0.08599768415851469
1 0.428125 0.14068955830191335 0.0375 0.05999662628012441
1 0.46875 0.09613592149844527 0.0359375 0.05209312101845254
1 0.80234375 0.3259250481315055 0.0984375 0.1416708314853265
1 0.44140625 0.06882226357770263 0.0296875 0.04860409997176514
1 0.47890625 0.06195063729757826 0.0296875 0.043916599971765134
1 0.9359375 0.6673628482585625 0.128125 0.2855874314570917