1 0.722262429332529 0.7724162375639865 0.2904700282669884 0.3393302521477066
1 0.15976342435568802 0.07343309871137606 0.03321529172311406 0.03913774310259503
1 0.37816046302658435 0.3214291061746079 0.10934842378986112 0.12415455223856364
1 0.17017197987361202 0.09781894504790292 0.03971095318850333 0.04415279172311406
1 0.2823820528043905 0.08258901345612565 0.04456222749876275 0.04752345318850328
2 0.16909640151576658 0.25213795284981905 0.08262214947960164 0.11963747060135788
1 0.19330518543696446 0.2064602826780025 0.06133364767057934 0.0702173247398008
1 0.11443215569963808 0.3586236482364062 0.10588923111680741 0.14734639077317446
1 0.4015448106063067 0.08335589608869964 0.05253850180902227 0.051057888964152066
1 0.4150374225466657 0.108359218114967 0.06593926051544959 0.06890048620519007
1 0.33120465513381114 0.14703329375927895 0.06733798620519008 0.06585737336031983
1 0.023334601424909514 0.21156161974227522 0.04666920284981903 0.0633941146538926
1 0.06932545284981903 0.17867719866594753 0.0467798247398008 0.06010534034363309
2 0.5442302775896198 0.09613477781676247 0.07901247060135788 0.0804930834462281
1 0.5385634537543302 0.12993324570458684 0.07185506784239593 0.09258364767057933
1 0.4690388478068649 0.16318283695273106 0.0723530348257091 0.0723530348257091
1 0.02462710651329217 0.16933317616471033 0.042010437584671066 0.058297178878243816
1 0.08037581750371159 0.13135181931273388 0.04340916327441158 0.05525406603337357
1 0.02548359961588721 0.1381241197422752 0.03510534034363305 0.04546963025772479
1 0.7891289405253471 0.2547031151081778 0.13879026232447184 0.12102290818602893
1 0.7099017859573629 0.29469402928710053 0.14059842378986112 0.12579229534115868
1 0.037895068408222744 0.10942590965636696 0.02992651741285455 0.035848968792335525