1 0.028467014647983374 0.6896301265616289 0.05693402929596675 0.24573974687674216
1 0.07912727804232553 0.5556954880961433 0.12232494404836299 0.17724427693097128
1 0.448054156638647 0.896459826019336 0.17617736975432585 0.2025533491396782
1 0.29083870170322434 0.8231682926454571 0.16558686223247854 0.2681056262670413
1 0.08032737984996272 0.8205665091733823 0.16065475969992543 0.22761698165323557
1 0.35090533815059766 0.6111359252572102 0.13684208511458973 0.19295109016268785
1 0.48003524551416044 0.7369257447354427 0.14841608260730724 0.21488972267624523
1 0.17662806683869672 0.4262438165513663 0.12986465940862688 0.16791472872636942
1 0.17237952137840795 0.6527926810127468 0.1806208288463836 0.2478840298578376
1 0.08272861731355041 0.24400855435292196 0.08871081050398355 0.09581246974937896
1 0.18208375963341844 0.23874381655136628 0.08397784639736088 0.09422269867214013
1 0.22774325211157107 0.17286428649713695 0.06629024122451135 0.07693520472226431
1 0.16616089443143908 0.16853585568078183 0.06624477711788872 0.07537270472226432
1 0.7845746106496329 0.3375650524080144 0.08365959765100221 0.08328519867214013