1 0.95234375 0.33203125 0.05625 0.059375
1 0.70234375 0.203125 0.02109375 0.03125
1 0.55546875 0.91953125 0.10546875 0.1609375
1 0.3953125 0.93125 0.11875 0.13671875
1 0.2109375 0.921875 0.12734375 0.15546875
1 0.0546875 0.93515625 0.10703125 0.1296875
1 0.55234375 0.73203125 0.08203125 0.15546875
1 0.41640625 0.7359375 0.084375 0.15
1 0.28203125 0.75703125 0.10078125 0.16640625
1 0.13125 0.78828125 0.1125 0.1609375
1 0.05546875 0.715625 0.109375 0.14453125
1 0.446875 0.58046875 0.075 0.140625
1 0.32734375 0.63359375 0.075 0.121875
1 0.19453125 0.64375 0.09296875 0.16328125
1 0.3546875 0.553125 0.06484375 0.1015625
1 0.26171875 0.553125 0.06796875 0.10546875
1 0.36953125 0.48984375 0.05703125 0.08515625
1 0.3 0.4765625 0.05703125 0.08125
1 0.39921875 0.43203125 0.04453125 0.071875
1 0.32109375 0.428125 0.04453125 0.0703125
1 0.39296875 0.390625 0.0375 0.06484375
1 0.3328125 0.390625 0.040625 0.06328125
1 0.35546875 0.359375 0.03671875 0.05703125
1 0.37265625 0.32890625 0.03671875 0.05546875
3 0.41640625 0.321875 0.06015625 0.13671875
3 0.13828125 0.5109375 0.225 0.2984375
3 0.24140625 0.3796875 0.1 0.1703125
3 0.29375 0.31484375 0.065625 0.1296875
3 0.346875 0.26015625 0.07890625 0.121875
3 0.42890625 0.26796875 0.04765625 0.08671875
1 0.53359375 0.2109375 0.01953125 0.028125
0 0.89453125 0.35078125 0.059375 0.090625
1 0.6859375 0.22109375 0.021875 0.03359375
1 0.61953125 0.24453125 0.03046875 0.0390625
1 0.57421875 0.21015625 0.02109375 0.02578125
1 0.54921875 0.23125 0.02109375 0.03671875
1 0.77421875 0.328125 0.04140625 0.05390625
1 0.984375 0.44609375 0.03125 0.0609375