1 0.3802697036109529 0.5848604086304185 0.10097886266130089 0.14294618676785795
1 0.42445876091159596 0.46342841901054177 0.07094385277546919 0.09492518083635879
1 0.5176967663488033 0.4929660217860109 0.0741325197716634 0.09661501482874754
1 0.44405899509426516 0.3893515904553605 0.05273768083635879 0.06922484387822055
1 0.4632891561589605 0.3636167614058875 0.04623301285158128 0.06272017589344295
1 0.5197593320524035 0.4095951062726913 0.054363847832553346 0.070851010874415
1 0.6357782628887623 0.48139846349678467 0.06925401878308027 0.0917365138401646
1 0.7720526384016445 0.6866191571847248 0.11829369665368965 0.14677152372599628
2 0.47996997878264286 0.31359951536022024 0.04805018083635879 0.06903384288963732
1 0.5219319857027249 0.3480673572612744 0.037974843878220456 0.051464340912471054
2 0.8622399452079959 0.5647215939525827 0.07588602076024671 0.1013661818249421