1 0.6005207979682984 0.3415905721641785 0.10330945079743081 0.14684507485477488
1 0.6161153092705556 0.04120958250326075 0.033394381458888844 0.026528266749222994
1 0.6872817944529166 0.04139582712657726 0.03481141109416672 0.02035104135632886
1 0.6634442509499305 0.057491708019989395 0.04186149810013902 0.05501713978475229
1 0.5533237153307291 0.08442873552257937 0.042116071238402775 0.06595463978475229
1 0.48228516992788195 0.04514360359570994 0.03074216014423605 0.04669521753501129
1 0.48284756117041655 0.0881851282028158 0.04037173328249999 0.05806936517764645
1 0.7242356273748263 0.10021005500067078 0.056324041603125076 0.07285961124870503
1 0.7621161806614583 0.15281067017831718 0.07416615824437507 0.10178513192686944
1 0.8386429662806597 0.12430898862295128 0.0723854526972918 0.09233735731976359
1 0.9055044643807986 0.07424052212139728 0.06086607123840295 0.06682793507002258
1 0.9096074700803818 0.2339793951569266 0.1098140239356944 0.15807367328319827