1 0.910479832546695 0.40181506345476714 0.04467051285158128 0.06142839600572696
1 0.7817088923187961 0.2886508974379043 0.03928267589344294 0.04418635200509069
1 0.545899951176676 0.9565152713637713 0.12094385277546901 0.08696945727245727
1 0.37121828615764796 0.9648357540181355 0.13255251482874755 0.07032849196372908
1 0.17048611570141245 0.9452863226845901 0.14594385277546912 0.0938420013526354
1 0.5424672505686537 0.7989049554025878 0.10231586958138301 0.172984061346272
1 0.39552858357245924 0.7956334100493159 0.10356003460041112 0.16518974267981754
1 0.24860450402869477 0.8118840240292714 0.12326503954332697 0.188845418682363
1 0.09193800996019384 0.8381727093411815 0.12288303756616063 0.17947041868236296
1 0.04725290965618267 0.7572221540022273 0.039242866615633545 0.15819430800445441
1 0.4269974649796594 0.6288913527211794 0.09230419961943923 0.15724997334499946
1 0.2970672258540743 0.6789175300365893 0.09147652866891214 0.13693747334499945
1 0.15354006034075468 0.6827135973504083 0.11513420456235504 0.1809420120146356
1 0.3255967910633828 0.5933527473742709 0.07952035672980182 0.11181020401018138
1 0.22543762357289682 0.5882828920273624 0.08302735870696817 0.1212215666772721
1 0.3415772767289268 0.5256021733768161 0.06950868676785786 0.09607611600890884
1 0.26750310676698286 0.5091226507001803 0.06931768577927463 0.09138861600890866
1 0.3742505138773454 0.4650737533815887 0.05487318380210837 0.08184998400699968
1 0.28877592889637355 0.456270370703362 0.05630834980971962 0.07874316534054522
1 0.3677166709877081 0.41970670938095234 0.04517984882113639 0.07392839600572695
1 0.30199617049341654 0.4165993433720437 0.04974001482874764 0.0708579400063634
1 0.32637674657713994 0.38252433537554353 0.043235346843970034 0.0645352146721816
1 0.3446028231551549 0.3507203520448615 0.04467051285158128 0.06142839600572696
3 0.39213173916276617 0.3481498827179976 0.07811436562705039 0.15396134134309047
3 0.12033894669087068 0.5386454240133631 0.210372403193211 0.3335408480267262
3 0.20292200053147263 0.3998289193586807 0.12176620653952135 0.19038973734881742
3 0.25871440269891943 0.33176071936663487 0.07929486364988403 0.14460452267663584
3 0.3164831403416297 0.2738669507081345 0.09460152866891205 0.13697383601209037
3 0.4071890533834914 0.257743058720543 0.0568813527754692 0.09280566534054513
1 0.7174699787826427 0.3027401220957683 0.036094008897248564 0.04258748933799979
1 0.5582050667293643 0.32275153540736023 0.03966467787060921 0.05356135200509069
1 0.13807825053147266 0.3990743940165447 0.03309634288963732 0.04567612667090888
1 0.06628150498009691 0.41932271200668153 0.057425180836358836 0.06782384667409058
0 0.9457780039915138 0.42487130279276697 0.07483285672980174 0.11175566000954493
1 0.7375079061589606 0.3537304574315409 0.042980678859192524 0.0582852146721816
1 0.8032257480600148 0.39510089210690413 0.06386618182494175 0.0725840720082724
1 0.7048028355124446 0.41347762742676847 0.07167868182494211 0.07267497867599956
1 0.7246616907593717 0.5175656907622229 0.08357118676785795 0.09623974801081765
1 0.9482901917479548 0.5248531214592214 0.10238485376405251 0.09802042401336308