1 0.40224713483069185 0.8315183758091311 0.13505459019601868 0.20067393019392768
1 0.3861310283926044 0.5712393948838548 0.08819445916315986 0.11084777110331849
1 0.42017615697839245 0.49531782304918776 0.06415675843752044 0.09325116801906326
1 0.5831474160488851 0.7128752901747466 0.1151587524470706 0.16753414772652384
1 0.61697425670824 0.3847599728043064 0.04927580290255769 0.0695682061685103
2 0.41464043039203735 0.4038706627407622 0.059578385842182155 0.09629434740221221
1 0.5067758558899333 0.4710638912304068 0.060649812521204535 0.08225912094116268
1 0.48438001151756344 0.3886917219935275 0.04760417549789579 0.06641593262955983
1 0.4641567915546303 0.34617693952612344 0.03768353847458741 0.050627291395857824
1 0.4128224700477511 0.37416952597128705 0.037901793283910835 0.05687729139585782
1 0.41159478674530686 0.33901327597128705 0.031160719962933035 0.04270569724005648
2 0.7706076881965858 0.3796339163909149 0.05105655771188111 0.07584547970746058