2 0.62578125 0.18125 0.03125 0.05546875
2 0.06171875 0.89609375 0.121875 0.20703125
1 0.73671875 0.18125 0.03046875 0.0484375
1 0.14921875 0.56484375 0.1125 0.15703125
1 0.21015625 0.346875 0.0625 0.0703125
1 0.66484375 0.365625 0.05 0.08359375
1 0.796875 0.425 0.06484375 0.090625
1 0.8375 0.33828125 0.0625 0.08359375
1 0.88359375 0.26875 0.05625 0.090625
1 0.43984375 0.26171875 0.03984375 0.0609375
1 0.49765625 0.27109375 0.0375 0.0609375
1 0.72421875 0.5984375 0.09375 0.15
1 0.90859375 0.68125 0.13125 0.17421875
1 0.38984375 0.2015625 0.03203125 0.0484375