1 0.3722798660086296 0.9492388934267362 0.24463082654882315 0.10152221314652757
1 0.6293123637493814 0.03727602165458386 0.04612472749876275 0.04633079255305559
1 0.449972260288307 0.5012800510055212 0.16327900723608924 0.19731402393569458
1 0.42081262550802645 0.3468828385245837 0.1097578595655099 0.1289627610179168
1 0.6451685736081471 0.4738311174942714 0.16656113749381413 0.23016289152687505
1 0.4812853787873868 0.22032164494534762 0.07670634215265544 0.09386040919430565
1 0.4834443430571665 0.12751654910566013 0.056809921980838854 0.07154899810013893
1 0.7302750774533342 0.14730694471659783 0.08476450361804452 0.09872974715020844
1 0.5205415513340524 0.09092573888517404 0.04998671189493074 0.06046602773541672
1 0.4611632293077851 0.10436933662472261 0.048424211894930555 0.06042966014423614
3 0.372745860470021 0.15927308254066003 0.19033283016686778 0.20730727298576404