1 0.05441574920857718 0.7309712036817814 0.10883149841715437 0.25055759263643723
1 0.12856733689695643 0.5980928560307793 0.11451244404836296 0.1797449874635877
1 0.511062621998911 0.8929540973217976 0.1615693004748536 0.18735891066226812
1 0.3495544721571955 0.8367675964638679 0.1560754699126104 0.2668190901291549
1 0.12595784778401609 0.8487377137109113 0.18596154671393 0.22085337226160817
1 0.3977432342313894 0.6292900655850555 0.12411476458147633 0.18783027210332381
1 0.5293987480214429 0.7456699203621936 0.13408079796757127 0.20841555674305995
1 0.21669312569332763 0.4667315442731545 0.12044419530200426 0.1689893438900784
1 0.2251491687128409 0.6858308852602389 0.1646321159934022 0.23896687476889084
1 0.029760393177797866 0.36919862938774434 0.05952078635559573 0.10802310015828454
1 0.0808669374509524 0.38638011770926184 0.11301212852981449 0.12818248746358768
1 0.20037911856719165 0.2494220238191834 0.07106866943775678 0.08168792069139794
1 0.11699831723440812 0.2713628714701855 0.07593802586424747 0.088074313011266
1 0.7943922283588947 0.41089278892938524 0.1118588054894186 0.14219952335696498
2 0.4171179891794473 0.20486672710525342 0.055534597651002035 0.08435827962517113
2 0.2426779303248164 0.16388768910030505 0.04740384890464337 0.07319345909205777
1 0.9125582404995957 0.6689516783462593 0.11272262351524986 0.17188702335696499