2 0.25530495954167803 0.7593496971009328 0.2179663270339928 0.4368306840173403
1 0.4835242842134181 0.18707839690328876 0.07147818511654283 0.08212923151356133
1 0.73342013520921 0.07011622298576906 0.039409729581580066 0.05687162628012439
1 0.5855952157017639 0.20085174154279484 0.06103175843752062 0.09555469468185844
1 0.5909846093484944 0.13619000206613857 0.046096239200226916 0.06973564732681177
1 0.674553533580446 0.3211103046122699 0.07613096878180663 0.126061242036905
1 0.7581274693299609 0.1247883124341905 0.04905754809323426 0.06523015785015547
1 0.6583903641578178 0.1338532283180281 0.046150802902557686 0.07129814732681176
1 0.9049900564459368 0.223368567554688 0.07509425843752063 0.09637374203690507
1 0.5970907656090967 0.09583801785115412 0.039627984390903495 0.06312162628012438
1 0.6476091207812397 0.0839064362246533 0.03984623920022692 0.06937162628012439
1 0.9615004620735668 0.3088580174982183 0.06363096878180663 0.12533319994353018
3 0.4870337193299609 0.10899889953412467 0.13843256134007814 0.16867294724210719