1 0.7450421375714628 0.1648505147144904 0.030942465153609787 0.036801318025830906
1 0.6470758635248457 0.19891928932509662 0.036284729581580064 0.05568771034569897
1 0.7573958046318381 0.1910265698081976 0.03935516587924894 0.05421613855894436
2 0.3172270953838603 0.6377678068095669 0.14639388347992952 0.2586883413827959
1 0.38184518920807603 0.351801563077773 0.06415675843752053 0.09396060015828453
1 0.7145436165200705 0.23363761863369864 0.04647818511654282 0.0793979949854351
2 0.2786110618034143 0.35792719411486995 0.06982640507947586 0.12222199247815269
1 0.806602141747814 0.27934727223633776 0.05390873920022656 0.06868781551854841
1 0.37970482505025827 0.2566481874509524 0.04905754809323426 0.06386392319868044
1 0.773668101459128 0.3731798402621687 0.07040675843752062 0.09414245658477531
1 0.4288987823993196 0.18887801425227196 0.03768353847458741 0.051045674452321686
1 0.7042484349469067 0.5508023865803873 0.09520835099579195 0.13388691818411544
1 0.8647642942954011 0.6475911553850058 0.1402678798517325 0.17265991316955046
1 0.939451814165667 0.4979117526402964 0.08835815027015244 0.11651756175762493
1 0.49967507386913185 0.17355087945425132 0.03455853847458741 0.050954746239076296
1 0.5466319194226281 0.16984320625557087 0.032941474772256465 0.04934678213245362