1 0.13248226453613532 0.3536926893495994 0.11772383118569744 0.09901289462538862
3 0.13806516490547766 0.5078719551346149 0.27273053551517834 0.4313689102692299
1 0.2621515838179761 0.3581211260683629 0.08814541549465282 0.11603379465362354
1 0.2871526255796703 0.6282362049934406 0.16218287919390767 0.22343604195220051
1 0.5784209575509347 0.2187826941877482 0.05829428903121965 0.08617969468185845
1 0.4024589421310366 0.44595359698799336 0.1071499455488821 0.16087585779368574
1 0.34692149355709234 0.29667466282947863 0.06457156010845858 0.09123121572854576
1 0.3218447463857627 0.4162668260118931 0.10079086123992678 0.14176183674699844
1 0.4249146833504379 0.2785686759130711 0.06924996974937887 0.08994173151356133
1 0.329338562937129 0.22770485495108833 0.0613829275949012 0.0801117052052021
1 0.3259317618056608 0.17908534442774462 0.04568520472226432 0.06670165258848364
1 0.7639383602579681 0.8286035571725187 0.19377831283893307 0.2846311471856374
1 0.38047836123992673 0.15805177858625932 0.04248748184962734 0.05401964206513989