1 0.4046875 0.5531464653882703 0.065625 0.07888861600890884
1 0.45234375 0.5271384960614063 0.0671875 0.08671929734245402
1 0.3734375 0.6129390887173612 0.071875 0.09146134134309047
1 0.43046875 0.5737589573917701 0.0796875 0.08373974801081766
1 0.6765625 0.8945912674251776 0.140625 0.18288632001909022
3 0.38125 0.7395924953850885 0.2546875 0.3482760573679077
1 0.50390625 0.527738480068406 0.0734375 0.08679202267663584
1 0.5 0.4597242767345423 0.071875 0.07114884134309048
1 0.621875 0.777548670751087 0.11875 0.16544428134945371
1 0.80546875 0.7796849774426768 0.153125 0.2064692706874535
1 0.58984375 0.6967072034134054 0.1 0.13710110534690845
1 0.57109375 0.5878952774108601 0.075 0.09931020401018138
2 0.5609375 0.48152709874281463 0.0609375 0.08977157200827221
1 0.6296875 0.5237333274188142 0.075 0.09306020401018138
1 0.63515625 0.46910946208622323 0.0640625 0.0851204346753633
1 0.64453125 0.43562480008749593 0.059375 0.07100339067472702