1 0.39921875 0.6234796692791388 0.096875 0.13862724267981755
1 0.515625 0.31118765993000325 0.034375 0.047274989337999784
2 0.38515625 0.4791120512810478 0.084375 0.13379429201145393
1 0.55546875 0.6568177859245944 0.11875 0.1638817813494537
1 0.484375 0.4701450366009121 0.071875 0.09614884134309047
1 0.44375 0.3909302512730937 0.0484375 0.06306362133990877
1 0.3796875 0.4229256859484569 0.0453125 0.059902258672817864
1 0.37421875 0.38627057061586595 0.040625 0.05359771467218159
1 0.42421875 0.33959501794241176 0.0375 0.04887385200509069
1 0.68203125 0.5600325979074133 0.10625 0.13248633068109025
1 0.37578125 0.3456273892823205 0.034375 0.047274989337999784
1 0.41171875 0.3248967186107753 0.0296875 0.042532945337363515