1 0.1786635237526764 0.26015625 0.07865384890464337 0.071875
1 0.17313493778015682 0.23125 0.08945495658477531 0.0671875
3 0.2221885517284949 0.171875 0.2069894490629279 0.1328125
1 0.24542512641824343 0.29921875 0.08227895407749282 0.0890625
1 0.3283369148189032 0.27578125 0.08522209765100212 0.0828125
1 0.3358288175636125 0.3453125 0.09358016693047429 0.1015625
1 0.44220083801758364 0.32265625 0.10130173871722885 0.0984375
1 0.4667953242275301 0.44296875 0.11921666442319179 0.1234375
1 0.5863122023616333 0.415625 0.12537573620994635 0.1203125
1 0.9228370725781776 0.3015625 0.12064277210332364 0.11875
2 0.4418622057268454 0.23046875 0.09831313103709682 0.103125
1 0.9303162946356125 0.38203125 0.1393674107287751 0.140625
1 0.7212675270513816 0.54296875 0.13901233887551356 0.159375
1 0.5846457169431096 0.6 0.1504044799417404 0.175
1 0.810975918579827 0.24296875 0.09063702335696497 0.1078125
1 0.7386773697543259 0.2015625 0.07272209765100204 0.0828125
3 0.6334443004748537 0.1828125 0.1749331185006847 0.2125
1 0.7779457728947466 0.4234375 0.14421666442319178 0.1234375
1 0.9315277624699053 0.8375 0.1369444750601893 0.240625