1 0.652215263105209 0.8451164824071687 0.23274499050069472 0.2735367368379741
1 0.6536238010055212 0.4017385046396874 0.11137652393569457 0.15688989546082902
1 0.6087080784565975 0.25240319275145506 0.07096842306201409 0.09771330290255768
1 0.6914114756830558 0.24482381652791974 0.06141158510611113 0.08957342068857255
1 0.814665831306389 0.16545872034145126 0.03702852773541672 0.0481299651536097
1 0.8277301821800697 0.22286199257396982 0.06751611474138883 0.08354167549789597
1 0.7233329696991321 0.20539672877897175 0.05792290919430556 0.07383929328391084
1 0.6852686188254515 0.14886647578374687 0.04011716014423623 0.04667659255827141
1 0.7399022206490626 0.17823402805333233 0.044913762917777864 0.05152778366526398
1 0.9120344066288546 0.3176536482015999 0.08350479065319476 0.09971231252120454
1 0.9811811840799308 0.4213664360432151 0.037637631840138394 0.1188244110699257
1 0.9585720265948613 0.6176338008340051 0.08285594681027746 0.16722719473518968