0 0.47828938301565405 0.8719426200756747 0.2172402904457238 0.2561147598486507
1 0.6946501689090313 0.8836447712731289 0.1523139724198929 0.23271045745374225
1 0.8989245479675713 0.24107318832509472 0.06137542069139812 0.0711693458553869
1 0.15369358214508888 0.5353220291632036 0.0926996285298145 0.12862901878308045
1 0.5413992044732042 0.26318036269848194 0.059949313011265916 0.07579317885919253
3 0.7191915838609486 0.23218898376273972 0.16478522868809903 0.192431533611828
1 0.672911280416594 0.384807306386422 0.0954154515702104 0.11469385277546902
1 0.09478393190766206 0.4416237673002056 0.09532452335696502 0.11156885277546902
1 0.9537975675636126 0.38376736570141246 0.08880173871722903 0.1019391847906915
1 0.9810216456185733 0.7044764551310086 0.037956708762853356 0.18191584486680376
2 0.22320914561857333 0.29625421197672885 0.04427884890464338 0.07359400889724857