1 0.5234375 0.4265625 0.11796875 0.14296875
1 0.20859375 0.06796875 0.03046875 0.03515625
1 0.3140625 0.0703125 0.03359375 0.03359375
2 0.2578125 0.27890625 0.075 0.12421875
1 0.28671875 0.23046875 0.05625 0.0703125
1 0.20859375 0.41953125 0.10078125 0.16328125
1 0.41953125 0.0890625 0.03828125 0.03359375
1 0.4234375 0.11328125 0.04765625 0.05546875
1 0.33984375 0.13125 0.05078125 0.0515625
1 0.08828125 0.19140625 0.04296875 0.06328125
1 0.14296875 0.165625 0.03984375 0.059375
2 0.53828125 0.1234375 0.05625 0.06484375
1 0.521875 0.15078125 0.04921875 0.0703125
1 0.45234375 0.16171875 0.05625 0.05390625
1 0.09765625 0.14453125 0.03671875 0.05703125
1 0.15703125 0.11328125 0.03671875 0.05
1 0.09453125 0.103125 0.02890625 0.0390625
1 0.03359375 0.32890625 0.06484375 0.1
1 0.03046875 0.109375 0.028125 0.04296875
1 0.703125 0.28203125 0.09609375 0.08125
1 0.61875 0.29296875 0.08984375 0.078125
1 0.11015625 0.0765625 0.02578125 0.0390625
1 0.00859375 0.09296875 0.015625 0.03671875