1 0.69140625 0.89921875 0.159375 0.2015625
2 0.45078125 0.23671875 0.10859375 0.09296875
1 0.59296875 0.28125 0.04609375 0.08125
2 0.58671875 0.18671875 0.03203125 0.078125
1 0.6359375 0.171875 0.034375 0.05546875
1 0.89765625 0.31015625 0.06875 0.0890625
1 0.83984375 0.18515625 0.040625 0.05703125
1 0.78125 0.19453125 0.03828125 0.05546875
1 0.77265625 0.1765625 0.040625 0.05
1 0.784375 0.1515625 0.03203125 0.05
1 0.740625 0.15 0.034375 0.04609375
1 0.73125 0.1046875 0.028125 0.04296875
2 0.72265625 0.125 0.03046875 0.05546875
1 0.70703125 0.11796875 0.028125 0.04296875
1 0.9078125 0.37578125 0.08203125 0.10703125
1 0.61484375 0.13515625 0.028125 0.04296875
1 0.56796875 0.12109375 0.02578125 0.04296875
3 0.9546875 0.246875 0.090625 0.209375