1 0.7110254545469523 0.22290883927892507 0.06887845941492117 0.09726588544042354
1 0.6855266225660157 0.16181680317457162 0.048075035713814884 0.0690227107723885
1 0.6512840361208521 0.10926852009528021 0.041688668019063256 0.06117384933607006
2 0.8030748125024715 0.365646306003242 0.12040577759614024 0.18505677693097136
1 0.22093705357731303 0.8597522499018041 0.21740923701106124 0.28049550019639186
1 0.39804639326559227 0.382823153001621 0.09011825973923263 0.15050906010845858
1 0.3008947037361735 0.3533487555591449 0.07860801542127546 0.1176329275949013
1 0.40269871144681135 0.2953413337197802 0.07033186525911965 0.09102497579950324
1 0.4531135430207109 0.1823418848512484 0.049855724025417734 0.08153180113146816
1 0.4209419711860439 0.1454322373105764 0.040126168019063255 0.06116475897699045
1 0.47823231980607217 0.13092028541698247 0.03689207386326192 0.05489657825883123
1 0.5306851639618735 0.12497481244614965 0.0385091209411625 0.05803066861791084