1 0.7522217795695045 0.06818597484278714 0.023621590570540717 0.037881829545304765
1 0.7652675891227985 0.07968653653118443 0.03157963978475227 0.04114319724005646
1 0.5357513711735025 0.2048849541432106 0.08361732878371626 0.08576595048646736
1 0.7906314621583277 0.08706265990797898 0.02979881596343468 0.036428423701106105
1 0.8160488391227986 0.07880014651529839 0.027872442927905184 0.02858865016215577
1 0.8046019168730574 0.06805356128795077 0.023184942927905183 0.028506829545304768
1 0.8416288819268694 0.0572427463531426 0.029580492142117266 0.03174092370110613
1 0.8305843740689867 0.08871093466474532 0.03285104135632864 0.0349204707790068
1 0.8222111019430802 0.12716946266792253 0.040192660462916766 0.058467064934808154
1 0.7994991939613627 0.1095825422132273 0.03179796360606986 0.04583069724005644
1 0.6466888711735025 0.20294853287773645 0.05058650496239867 0.0805057061685102
1 0.6095462820507039 0.1105525271956936 0.031943512820281586 0.04895569724005648
1 0.6848395345319033 0.14911442086502763 0.043390435070022625 0.06008411201270882
1 0.7963956186923031 0.16045924959955346 0.04851458271265763 0.06954093262955982
1 0.8579517028527028 0.17267683158049024 0.05127570967712849 0.061782979707460536
1 0.6661408844080687 0.10018204302400617 0.03499573821317572 0.047447744317957154
1 0.8972346807267965 0.21030351664568206 0.05698205417661058 0.08373980032431154
2 0.848200021297337 0.24868990666156812 0.08314644789030404 0.10917617694751698
1 0.6674101319268695 0.060283745946105506 0.02674659057054054 0.03793637662320544