1 0.2871627399001794 0.45390584455954314 0.11802049985882572 0.15034664772652384
1 0.9362281134082935 0.2798908352207571 0.05629477360693613 0.08215002678536117
1 0.8441463001976441 0.2227583993447863 0.046191731513561506 0.06948638555165916
1 0.2586575792780136 0.35252457670263565 0.1094953683170294 0.11117505357072241
1 0.7402330739457545 0.2882003928519645 0.06786931043863902 0.09327844155801354
1 0.34835638708581673 0.262591097805954 0.0742257262518895 0.06841480925276536
2 0.50747305282848 0.21609970170098802 0.0706302893919517 0.08708298863591431
2 0.5555556951053815 0.3975912094116258 0.11378802616718495 0.1580773271096728
1 0.4626232844126285 0.22079115584090334 0.05502069994353036 0.06027502678536125
1 0.7948765293627181 0.45103735794892846 0.09229245776545092 0.1374102711033185
1 0.9176483584995573 0.6526016322986578 0.102819705064028 0.21095686525911966