1 0.5989869458434697 0.020683244515295386 0.033067030054229465 0.04136648903059077
2 0.3883160487937771 0.3832340744172861 0.11993174668035031 0.2072718413771451
1 0.6364273376286051 0.1621130094490108 0.06457156010845858 0.08973711179556512
1 0.6900558107958297 0.34223452986743086 0.11017495159900648 0.14131945916315997
1 0.4180773134281083 0.10100192777533064 0.03938975292686635 0.057614092558271414
1 0.4753630934823375 0.0552603526402544 0.034665891490547905 0.05120040145127884
1 0.5208574006639299 0.024014102999149498 0.03466589149054773 0.048028205998298996
1 0.7653047539088249 0.565342158453219 0.16856014422102242 0.24177581614940155
1 0.9620883294371815 0.7084398501083656 0.06891466822512768 0.2992212392002269
3 0.9562938891528567 0.3618376686200199 0.08535780054229285 0.4403918762235353
3 0.8503529613615637 0.3124230003785181 0.2556793909013727 0.4479018197775987
3 0.36914893403780896 0.18706840254758716 0.11681583703942992 0.20872521397248334