1 0.16696824626635443 0.9743021790741665 0.09900406603337357 0.04513702564056317
1 0.1868978867008445 0.846502510753367 0.18432184757972228 0.24550520678164425
1 0.23853455054108297 0.6960808256833444 0.11344942559888346 0.1720633986760923
1 0.7090528476912639 0.8574248165871164 0.16204405585660825 0.2070591368892682
1 0.5370173954072718 0.8474248860652078 0.1538907191310198 0.25967471463952696
1 0.3300990100611644 0.9040516834173928 0.1883675384437537 0.17399407981717374
1 0.5002632666198851 0.6392506670824545 0.12487824852966192 0.18194782092583353
1 0.6680925757558536 0.7034843333363394 0.13877033016686777 0.20909251778268043
1 0.2708037386915809 0.5496938232021451 0.12077060266810494 0.1630522717116218
1 0.11309305800431482 0.46932573469851907 0.10565021370395286 0.11247007485477489
2 0.09986936171321648 0.39632488234115415 0.10547979534115867 0.13895980024766902
1 0.3874689382620396 0.4894390657585469 0.1042448439616777 0.14513702564056316
1 0.19314464891377475 0.30818271939703806 0.06470430913596861 0.0747132096771285
0 0.9321319058111797 0.24243755562886174 0.08870837516934209 0.1163570541766104
1 0.8437078929208809 0.33348639475166025 0.11954893939369349 0.11000004631872766