1 0.8264765694826007 0.8174353199901023 0.291447061205924 0.36512936001979523
1 0.35187909967127773 0.4656238364984458 0.1467766083532208 0.17291295680654795
1 0.40958889991894676 0.3699704997728574 0.1299144400324213 0.1455315852552504
1 0.2992443670396733 0.18327832598299626 0.05916098428423426 0.06544793758467105
1 0.07169713999414927 0.5120263664629149 0.10735023531769158 0.16305327792830404
1 0.6022816298599548 0.15060410334547347 0.08332623035529281 0.08230124491161735
1 0.05221520161435781 0.30816770409301447 0.06991870181924557 0.09562676051544958
2 0.18804569375647495 0.28395999943417316 0.08351032092583344 0.11971935775648763
1 0.6516073877178377 0.1845154358871904 0.09760705417661057 0.0877257293077851
1 0.6697537661300504 0.2489021624814421 0.13856169396136267 0.13039790818602892
1 0.9193000018620268 0.25493191372463747 0.06068925103345748 0.09826043758467104
1 0.9257040514905233 0.4032842045432403 0.10084337014004525 0.12374511646291494