1 0.4223003250843732 0.45293645000784916 0.05909435633066593 0.0754563569862416
1 0.4755207824706994 0.44561253412860014 0.06378185633066594 0.07562004809323426
1 0.3579554070653099 0.5160837799522489 0.057668224025417734 0.08321429328391083
1 0.4380462816599205 0.5796527174310444 0.07995232710967279 0.10741568511654283
3 0.39420300406378034 0.7654463736916466 0.22175363798399594 0.44810022721932724
3 0.5276678892084025 0.5445113363981855 0.16091377516050825 0.2726438702330857
1 0.6063207690780187 0.4668104331328083 0.04993754464226861 0.08762897477225665
1 0.6358270369349263 0.4314260046396874 0.04802048863591431 0.0672619110699257
1 0.6972967763849146 0.711919547290626 0.09494212743398442 0.16103175843752043
1 0.5048400896948697 0.46566957378431384 0.08096935633066593 0.0762202488188736
1 0.6682264797107559 0.4092136987419049 0.04478639448011279 0.060902783665263985
3 0.6159605961876915 0.36185011462115396 0.09223413879807012 0.09535219473518959
1 0.6992952475676633 0.3737747065464532 0.04004434740221221 0.057614092558271414