1 0.2816327627306566 0.4521913980346802 0.13815098933548198 0.14682155068427177
1 0.8274402734657619 0.23915997477717674 0.0488617052052021 0.061464758672817865
1 0.936883162900066 0.28181164612503967 0.051152247298576724 0.0739829400063634
1 0.5684817733951746 0.31031517007476933 0.08156778939195171 0.08682838534372675
1 0.4139839891943076 0.29836805872054295 0.1048078683170294 0.110520424013363
1 0.5966985076807463 0.2317907280792236 0.058418715728545755 0.06469884667409058
1 0.9995882892507773 0.5583474214671756 0.000823421498445498 0.15657726400381797
1 0.7425086205243423 0.5637321660964046 0.12361805247554418 0.16538973734881743
1 0.5784916231551783 0.5626043760741329 0.140805552475544 0.16558973201781732
1 0.6091460287980208 0.1640128820814508 0.04326415258848364 0.04578521467218155
1 0.7412605787839034 0.18038386409926815 0.04675317363517095 0.05207157733927246