1 0.04001484247345338 0.6965841085094523 0.08002968494690677 0.25058178298109546
1 0.09780746198874876 0.5766574278894888 0.12329863466105584 0.17568177693097126
1 0.44882180264810356 0.9034547145830174 0.17061014427970278 0.18845448770335976
1 0.29815216925299215 0.8340330697728202 0.16859626569391467 0.2649897166261212
1 0.08829980309181673 0.8236051507621258 0.17659960618363346 0.21986811416679294
1 0.3598511050025071 0.6329336572050335 0.13623514427970268 0.18825449980360834
1 0.4818302540067152 0.7634473381195844 0.14788197241000384 0.20863063231716553
1 0.1951140263240518 0.45189780152425163 0.1260416887447399 0.1647624576491305
1 0.18747510799773198 0.6706478015242515 0.17866074645662092 0.2400533491396782
2 0.2754587799522489 0.36551032874981054 0.11159724282842394 0.153743144417414
2 0.08280254319909279 0.26821366881430253 0.08685021397248334 0.11610678903121974
1 0.5178049926587878 0.493761552015231 0.09559029691210803 0.14271474082661798
2 0.2006001676085296 0.22769268706287105 0.09131945916315995 0.10988406010845857
0 0.40614332867845526 0.17963139520298094 0.09126489546082901 0.10832156010845857