1 0.192190019351734 0.872930723832815 0.19398871642535315 0.24667612087727803
1 0.24223248722278085 0.7173107844126285 0.12132053756616061 0.18476838410204516
1 0.7189435203403172 0.846949450649402 0.1656435405319101 0.2013790314288567
1 0.5434660178688592 0.8454232899566492 0.16331171939110262 0.2589185156438411
1 0.33772269524517695 0.9083082397590051 0.18729836463846716 0.15899411035393457
1 0.50481605885788 0.6464166425592501 0.13095020555093823 0.1915644156720761
1 0.6739281561961417 0.7031308321911982 0.14115287650146513 0.21242294724210709
1 0.27134037258431365 0.5668256660250119 0.1254987015966055 0.17254139988706055
1 0.36777099809719577 0.7616838687405524 0.17205004942915875 0.24383954721387227
1 0.07892472091115846 0.649295073733993 0.09335736364988403 0.14884629465362345
1 0.14596900498009693 0.41124206591207246 0.08169035178688588 0.09205026308359247
1 0.06699377079742772 0.4910198421498445 0.09332818874502424 0.10987479991529536
1 0.6652071418245045 0.23925804799033115 0.08876802273741298 0.11272678413027978
2 0.34143140220462787 0.3074513950489117 0.0696360207602467 0.10225972099021767
2 0.15302281821223904 0.31529252908036953 0.05787084980971957 0.0813101841585147
1 0.803402161596168 0.3251815954865521 0.1001511917107738 0.12430132096198276