1 0.5603598886254678 0.14515213195520543 0.03724105042954129 0.056489017412854545
1 0.24437420398147278 0.5699628606971636 0.12562187697836444 0.16707903663473153
1 0.4056502979431505 0.4212719759168831 0.08451219810012063 0.12596935775648763
1 0.3179289699239893 0.35574987449197354 0.07538950361804461 0.10055992198083885
1 0.5919573694035909 0.22608122738722117 0.05401247060135787 0.07918288896415202
1 0.19285372682139426 0.39346895974722396 0.09240658525525039 0.12794129353213632
1 0.42029373134395004 0.26078817729636417 0.05384869629109836 0.07605788896415203
1 0.7866180941888203 0.2431481394184373 0.07185506784239593 0.09258364767057933
1 0.38286233039401035 0.20197974332973762 0.047107373360319824 0.066355340343633
1 0.8573333859119344 0.2020451045927282 0.07185506784239593 0.09258364767057933
1 0.8609132507929693 0.5797230472657819 0.13589763568479185 0.18475785956550989
1 0.2926025005658269 0.18489514190482814 0.04686171189493056 0.06166784034363308