1 0.07779771713734424 0.7276879356954513 0.11358138347992949 0.2571241286090974
1 0.14765137095087577 0.6009604751143749 0.12653276206571756 0.18092530452090294
1 0.5291494299287012 0.912653856004583 0.16466767912609298 0.15527199430041705
1 0.3683185681331361 0.8522826665094094 0.16476193756361351 0.24738675911805572
1 0.14341777185400045 0.8379701658438193 0.1942658990890261 0.19811411094166687
1 0.41691229163944826 0.6541166170224997 0.13779764427970279 0.19055487765916687
1 0.5512649881887365 0.7846918569545135 0.14799109981466554 0.21421058320625014
1 0.23474708846673814 0.4753954710303123 0.1307837524470708 0.16853440729444458
1 0.24330366604888512 0.6980335372347221 0.18356650126594437 0.24938567021222244
2 0.30174112630835337 0.4011208632227775 0.11494049763774727 0.16192073138263902
1 0.5487252868301249 0.6447935555677426 0.11575895317271012 0.18535823138263902
2 0.09941224527549458 0.31669523109829856 0.12376986061443873 0.14651393692972228
0 0.5350868504476377 0.3214106069545134 0.10373017912609299 0.15385365824437508
1 0.47588297603820084 0.2829124578281941 0.05730655771188111 0.0762728656913195