1 0.6736899412752756 0.34132656182362947 0.10171666542531543 0.14138368676785787
1 0.8609543850317506 0.6229134373365116 0.1779581418516667 0.2380623685927999
2 0.6838719241117678 0.22354881281221264 0.07449919396136266 0.12623884783255318
1 0.9029387553766834 0.10802060779274707 0.037320217535011226 0.03115184091247101
1 0.7562199590579559 0.21632124463715466 0.08114730024766903 0.10155718281352524
1 0.8531206918944481 0.10207701391452653 0.04237159057054072 0.039155341901054186
1 0.7034995275025899 0.13824798277415656 0.051421258891340214 0.06603617688202616
1 0.9529366013239076 0.143715368667162 0.057525709677128486 0.06316584486680368
1 0.9071874536812725 0.15124402577752463 0.051275709677128134 0.06291117688202616
1 0.9125448877178377 0.1874680272603994 0.06279540653397539 0.07585684585538685
1 0.9054900589341214 0.2717156932680106 0.08463617328319835 0.10949701680591399
1 0.5692101106295324 0.21496303859192487 0.09059507485477489 0.10350168479069151
1 0.9714403906133218 0.3010158741043695 0.03805227171162144 0.11383700692008221
1 0.7452546879655066 0.08202715767901633 0.03790241439185813 0.043651840912471006
1 0.6983989586436712 0.06289781429508738 0.029071069892376046 0.021458505931499026
3 0.6469991244832713 0.07410988691876966 0.05610875889134022 0.06622717787060932