1 0.6170756303692665 0.6869753635776178 0.22131723654387442 0.2886999273985097
1 0.3077173247398008 0.05958512002052545 0.036667840343633 0.043949987899751575
1 0.2428326311622359 0.05842662011872133 0.034777791723113974 0.037690897540671967
1 0.23546718848918222 0.08181412314378342 0.03954717887824381 0.03928066861791084
1 0.21495104986371444 0.2566414063212707 0.07974945499752559 0.09106133723582169
1 0.4637083751693421 0.11516347521032799 0.05779921189493074 0.0596931625677866
1 0.4852425384437537 0.1683975595192834 0.06733798620519008 0.06287270472226432
3 0.5913453742648309 0.09169467983439646 0.1704430540475858 0.15250789734428025
2 0.15527839947960165 0.1164931292921035 0.048506099050060314 0.0612011204133089
1 0.6336977278374472 0.27391682737506845 0.09981629353213642 0.08649201190385672
1 0.9748865535953304 0.3337473870907436 0.05022689280933932 0.0988011143631847