1 0.61875 0.18125 0.02734375 0.0390625
1 0.684375 0.19453125 0.03125 0.05390625
1 0.63359375 0.22578125 0.03671875 0.0609375
1 0.16015625 0.41640625 0.08046875 0.10703125
1 0.41796875 0.5 0.07734375 0.12578125
2 0.25390625 0.40703125 0.08125 0.13671875
1 0.75390625 0.21953125 0.03515625 0.05546875
1 0.8 0.18984375 0.03359375 0.04296875
1 0.73671875 0.28125 0.04453125 0.06875
1 0.6765625 0.30703125 0.04453125 0.071875
1 0.83046875 0.29921875 0.05390625 0.08515625
1 0.66328125 0.41171875 0.0625 0.09609375
1 0.778125 0.37109375 0.06171875 0.08359375
1 0.43671875 0.26328125 0.03984375 0.059375
1 0.7640625 0.78828125 0.125 0.22578125
1 0.971875 0.90234375 0.05625 0.1953125