1 0.40703125 0.6852808997752085 0.10625 0.13902905925034226
1 0.45625 0.6124942691338229 0.075 0.10686977711788863
1 0.4328125 0.47978105753448264 0.059375 0.07516513605166182
1 0.48671875 0.4680683192129651 0.065625 0.08159699247815269
3 0.38359375 0.8688074874635877 0.3296875 0.26238502507282463
1 0.66484375 0.7966887273679508 0.115625 0.1830518438900784
1 0.38125 0.5423432420159342 0.0609375 0.08458560015828454
1 0.55390625 0.6247107757977405 0.078125 0.12414820533113406
3 0.69453125 0.5592712953937818 0.15 0.3028020542357773
1 0.70546875 0.4838082941401405 0.05625 0.07976170783841638
1 0.69375 0.43659231334047044 0.046875 0.06542642319868044
1 0.56953125 0.4751654168639673 0.0578125 0.0719946719450391
1 0.6921875 0.39435934923384774 0.046875 0.05917642319868044
1 0.73671875 0.3901863262725942 0.0453125 0.06069345909205772
3 0.64765625 0.3610323721951013 0.0828125 0.11490959765100213