1 0.1546875 0.55078125 0.10234375 0.140625
1 0.63984375 0.1984375 0.03125 0.0484375
1 0.69609375 0.2109375 0.03515625 0.05390625
1 0.74765625 0.1984375 0.03046875 0.04296875
1 0.29375 0.56015625 0.09765625 0.16484375
1 0.4125 0.59140625 0.09375 0.16875
1 0.34453125 0.32109375 0.05078125 0.071875
1 0.38125 0.39921875 0.05859375 0.09296875
2 0.66875 0.34375 0.04765625 0.09453125
1 0.7703125 0.34609375 0.06015625 0.07578125
1 0.80859375 0.28046875 0.046875 0.0609375
2 0.44375 0.23828125 0.04609375 0.10390625
1 0.8125 0.4515625 0.07578125 0.1
1 0.88671875 0.27890625 0.05546875 0.06484375
1 0.92734375 0.421875 0.078125 0.090625
1 0.765625 0.84609375 0.13984375 0.228125
1 0.51953125 0.19609375 0.03203125 0.05390625
1 0.48046875 0.19453125 0.028125 0.04609375
1 0.4265625 0.18984375 0.02890625 0.0390625
1 0.5 0.2734375 0.04375 0.06875