1 0.6579948280624395 0.16180250400702073 0.03467498184962743 0.051762487899751616
1 0.7181738039601385 0.16535877518245545 0.03783634328594587 0.05803066861791084
1 0.784593689498758 0.16731618492157171 0.03781816256778665 0.05490566861791084
1 0.6661936683233233 0.22816330221162265 0.050454517953980905 0.07841589149054773
2 0.2544936199223296 0.3680631570086418 0.0773806323171656 0.1410704275949013
1 0.8282664214465811 0.1537804048673424 0.0409340722087073 0.05336134933607006
1 0.7725527526322786 0.24629515779420866 0.05516928903121983 0.08313066256778665
1 0.4621697645361353 0.3434166392510526 0.06780564441741391 0.10664088544042354
1 0.8406083819243821 0.39512302235378505 0.08671018052176756 0.13331246974937896
1 0.7238753998783631 0.47392979928475637 0.08515677088084708 0.13486587939029934
1 0.9366384994108248 0.38362646527038863 0.08498405405833438 0.10517837939029935