1 0.15625 0.1984375 0.06953125 0.05703125
3 0.153125 0.12890625 0.19765625 0.09453125
1 0.22109375 0.23359375 0.06484375 0.0703125
1 0.2765625 0.2109375 0.06640625 0.06328125
1 0.29375 0.27890625 0.071875 0.07421875
1 0.37890625 0.2609375 0.075 0.0703125
1 0.39453125 0.36328125 0.08515625 0.09453125
1 0.4859375 0.3390625 0.09140625 0.0890625
2 0.36796875 0.18125 0.08359375 0.0703125
1 0.59765625 0.434375 0.10234375 0.1109375
1 0.490625 0.49453125 0.11015625 0.13671875
1 0.91171875 0.340625 0.09140625 0.1203125
1 0.82734375 0.278125 0.0625 0.0890625
3 0.71796875 0.24921875 0.190625 0.23671875
1 0.6171875 0.34296875 0.096875 0.08125
1 0.77734375 0.690625 0.14921875 0.17578125