2 0.7016619535737718 0.1628769119365739 0.0404286818249421 0.07252956493480815
1 0.33007474954288946 0.3874867686709817 0.08302735870696817 0.12167617694751698
1 0.7765173735357157 0.1772064188364327 0.052992348821136306 0.07431025324641087
1 0.7471110578321157 0.2613729131543899 0.05675401878308044 0.08998980032431154
1 0.44648365813612684 0.347146366480231 0.06676568874502423 0.10577844155801355
2 0.6739428132693231 0.288449656254531 0.06083402372599611 0.1134818474022122
1 0.893479380455798 0.20800067695410757 0.06249468281352506 0.07759889448011288
1 0.3277098004177419 0.2335123348236058 0.05299234882113639 0.07431025324641087
1 0.2543678009120335 0.23713794115427178 0.05487318380210837 0.08215002678536125
1 0.9105634041817942 0.32028248864250486 0.08057352076024671 0.09977390340856669
1 0.36253578657757746 0.16723276988879765 0.03985567885919252 0.058467064934808154
1 0.3285772806460784 0.1396805142067548 0.0399193458553869 0.060029564934808155
1 0.3913810281746205 0.12685718587926603 0.03478617688202608 0.049010244317957155
1 0.9961945328703905 0.3413295998444348 0.007610934259218993 0.0940772824674041