1 0.6681424903890616 0.037506485954844 0.041764776119281775 0.05178975897699044
1 0.722666216078802 0.04031332338705738 0.03979284034363317 0.04396816861791082
1 0.6269442803031533 0.048680335290914055 0.03888543758467104 0.05645907825883121
1 0.7005488766396801 0.059967293234632214 0.04645227611928178 0.05181703005422931
1 0.6922926413390013 0.09828490467095068 0.056973696291098365 0.07374657220870699
1 0.7629835996158872 0.13536220297374846 0.06379690637700648 0.08472043364502549
1 0.6422207202626735 0.14465591062287902 0.06355124491161739 0.08003293364502548
2 0.7170292904799187 0.20748264266889818 0.07431832654882306 0.10664997579950324
1 0.8482959006112554 0.2809150766085112 0.10498847241038015 0.12557269262201592
1 0.764725404795127 0.3852758445624921 0.1298180540475858 0.1522715480082102
1 0.6727481874731295 0.5904360432346323 0.16598128335537118 0.2462033551898024
1 0.2778539258260261 0.2568983980316513 0.08919969810012063 0.12235678903121974
1 0.21540707824630378 0.4946892895221991 0.15809354025277597 0.21491699375348397
1 0.2714911454113311 0.8551904522863774 0.23908459068231736 0.27005901170746505
1 0.45513239880223305 0.33162516637841566 0.10457239258219672 0.1474386022629363
1 0.46692082711465 0.09178596155795544 0.06182497060135787 0.07689884328594587
1 0.5353466005203984 0.11247519057891246 0.06765889077317447 0.0988011143631847