1 0.8365329269563881 0.820387741928784 0.20450972235685222 0.26857208130638915
1 0.4765664530794803 0.1617277888502427 0.08050985376405215 0.09865701196784729
2 0.6325219758168933 0.26601263250572865 0.10875687056996633 0.17892639342673622
1 0.6984029382879137 0.48187271542763827 0.1440232085166878 0.2016014804327085
1 0.5938786284786317 0.20044283710288147 0.06982702174882985 0.10465243882958335
1 0.7845487549429159 0.014563807751944125 0.0440975098858317 0.02912761550388825
1 0.8077103182122389 0.3049445798846868 0.1372002055509384 0.1873935100679862
1 0.5280533572240934 0.10109810695451345 0.04655134783255317 0.06976829255305561
1 0.8313401833078167 0.059631426674304856 0.06424818380210837 0.08266833605604171
1 0.6109149367678579 0.08118369082635365 0.06118685079830275 0.08415810087368061
1 0.52995409684397 0.05178843797656206 0.03478617688202625 0.0492012194147917
1 0.5685881739162767 0.02445867895222199 0.036603344866803764 0.04891735790444398
1 0.6064874219391102 0.01816289285805531 0.037974843878220456 0.03632578571611062
3 0.4987040272232184 0.5131084508943399 0.289789283649009 0.5609063580918752