2 0.1194864780789813 0.4391991042583439 0.13213191149637402 0.1582183596955513
1 0.29770567741702747 0.49870539133021285 0.15190075599585598 0.18085736364988386
1 0.9918129724974101 0.29489320809675823 0.016374055005179855 0.07295733893530461
1 0.8469071949948201 0.25284367646209666 0.053638730355292805 0.08016234387822045
1 0.30878226447291146 0.4016858112921568 0.13096751778268026 0.13321835969555132
1 0.929139652190749 0.27724811026420504 0.048660131926869354 0.07372134288963732
1 0.7202227245643247 0.3287774822798649 0.0743151033908223 0.08880251482874754
1 0.6376584735308674 0.23028163247014538 0.05163958271265763 0.07072367688202616
1 0.9913528618678775 0.7553850391233975 0.017294276264244957 0.22984400889724857
1 0.8288594398230243 0.7191889180591396 0.13733314185166706 0.23640702669174568
1 0.5850942456567738 0.18993120509382766 0.05113016046291676 0.05978617688202612
1 0.4802358109965268 0.9075617850947026 0.2201798751024439 0.1848764298105948
1 0.5787158130679506 0.17017712060714726 0.04124573821317572 0.048466674904859806