1 0.32921826775153884 0.2667212534184725 0.06239818068726608 0.08884560087368065
1 0.61745417288535 0.10878734574277829 0.04373671189493056 0.06032055737069451
1 0.486700976367109 0.4576579907850351 0.1100787641334943 0.1648638934267362
1 0.6705382293077851 0.10924259384291721 0.04390048620519007 0.0634455573706945
1 0.32862063998020485 0.7317643719595835 0.18949402645796615 0.28063567021222224
1 0.4331001843053107 0.1942306172099309 0.05425813206674697 0.08241376291777783
1 0.5119012929663095 0.29828364399541707 0.07916960085908258 0.11108427678548623
1 0.6626239099950512 0.19645165311347276 0.0605900192218769 0.08412173328250003
1 0.7334343769783644 0.1778120623077784 0.06503185775648763 0.07954333605604172
1 0.49124023292582975 0.2018262180836115 0.05894563206674715 0.0825228656913195
1 0.41513807835784544 0.16416125750253507 0.03888543758467104 0.05708645459715278
1 0.4519896251693421 0.12288294728204899 0.03691350180902227 0.04923758700597225
1 0.7933017791714996 0.36725707522555623 0.1053979081860291 0.13510365824437506
1 0.4232128499545714 0.09490276443638924 0.032144114653892684 0.047565984232430594
1 0.45968593848918216 0.09106990282913233 0.03181656603337366 0.04131598423243057
1 0.9377677521477065 0.7058682463877091 0.1244644957045871 0.27856402393569474