3 0.07579669462127482 0.33576595048646735 0.14718517735518083 0.16347393912238156
1 0.13642456460854813 0.43059325527500575 0.09026246801399936 0.10467959172016936
3 0.36058767592300356 0.5735967816533298 0.4805089440642698 0.4817286558409034
3 0.7828059318905505 0.8114456091700397 0.39825897071927036 0.37710878165992057
3 0.3063290792886839 0.33432004748164246 0.18966357869190792 0.1892103246740408
1 0.4560103586091845 0.43148319399035023 0.11061133068109008 0.10815914772652384
1 0.6044018579328667 0.5051815669601079 0.14217041335136288 0.1352671185055307
1 0.7916467719207765 0.5975305284036236 0.17687267735518084 0.16399213636243815
3 0.9182280005967758 0.5309760482891261 0.1543442440324533 0.2417080332781829
1 0.6937279872692756 0.48407990868027717 0.14046246268299925 0.12273984496658023
1 0.5234342159452752 0.41234345616521495 0.10592383068109026 0.1080773271096728
3 0.4017415766231839 0.3273899833576132 0.19264312802354447 0.1767648717519415
1 0.9524564552435042 0.6784783396849839 0.0655533693507266 0.12924321509696385