1 0.6414971566677272 0.04142717718076314 0.04236931333545435 0.017835953188503305
1 0.5645192227084526 0.3372099886915809 0.10637836401972631 0.1507989393936934
1 0.5354755180219535 0.18968321347681028 0.06982269867918127 0.0957905348257091
1 0.7343595553787251 0.372657245023159 0.13326812802354446 0.18031602103089917
1 0.678452264003818 0.06366402532631231 0.05377952800763595 0.05903416327441156
1 0.46121131468808996 0.18188732360814705 0.057213610677908554 0.08576043758467108
2 0.5136272426798175 0.12373398688255861 0.05563292934436319 0.08411605042954133
1 0.6133277980187719 0.17034007123329786 0.07616360534690862 0.10393058344622812
1 0.7442499866724998 0.0819470358417619 0.057104522676635835 0.07638543758467106
1 0.4371920120146357 0.13065901628120077 0.05087270401018138 0.07762038896415202
1 0.5704494073440449 0.10875411804479455 0.06346361067790855 0.08608798620519006
1 0.46482611600890866 0.08994548507353631 0.05241702267663584 0.07613977611928183
2 0.5480380580044544 0.061513947872978036 0.0444954346753633 0.06635534034363304
1 0.8326226906826811 0.16153271652902798 0.09189769334818117 0.11412445499752559
1 0.5042153326702726 0.052971107529344974 0.03968066534054522 0.05517217887824381
1 0.9057329266788632 0.13725641282012632 0.06684314934754454 0.10812676051544959
3 0.45797196741722346 0.6249291581860289 0.37920317210372245 0.7501416836279422