1 0.51953125 0.4140625 0.08828125 0.15546875
1 0.6625 0.265625 0.05703125 0.1015625
1 0.56171875 0.24140625 0.05703125 0.08671875
1 0.47421875 0.22890625 0.05390625 0.07578125
1 0.64453125 0.1765625 0.04921875 0.10546875
1 0.584375 0.15625 0.04296875 0.0796875
1 0.640625 0.0796875 0.02578125 0.04609375
1 0.60078125 0.08359375 0.02578125 0.04609375
1 0.884375 0.4359375 0.109375 0.15703125
1 0.9328125 0.34453125 0.096875 0.1296875
1 0.95703125 0.23125 0.08515625 0.09296875
1 0.85390625 0.15859375 0.0625 0.071875
1 0.871875 0.11640625 0.05 0.06328125
3 0.4890625 0.12421875 0.125 0.1484375