2 0.27738369683960995 0.7569029432111911 0.1655115462638265 0.35248971662612083
1 0.4748428981368562 0.5432757386853184 0.08189665665497756 0.1270261083130606
1 0.34163097768216094 0.5221779643866258 0.08680234496658024 0.13955337939029935
1 0.3652105738665572 0.4243944493595112 0.060956865259119655 0.0909704336450254
1 0.4604782094182164 0.3816569826351943 0.051418224025417736 0.08154089149054781
1 0.5265901789794072 0.30862348273339013 0.04001707386326192 0.054914758976990455
1 0.39072481696669836 0.35003479879377714 0.046457988635914306 0.06588862041330898
1 0.45205778328147816 0.327024024789672 0.04174321509696384 0.06429884933607007
1 0.5701298989476351 0.4099223623200812 0.06564436525911965 0.09099770472226432
1 0.658165687097082 0.4234712570320829 0.06232845048646744 0.0800420240041051
1 0.6755326448904453 0.5921030823640479 0.11051258035608366 0.1553147347764936
1 0.4115515600668395 0.27570241930528183 0.03373980032431163 0.05331589754067192