1 0.3386647000318167 0.24806340418179418 0.05234429734245412 0.06928851087441493
1 0.49537087539781516 0.4949596033069417 0.10716016136218051 0.21676568874502422
2 0.33056294072245196 0.4242120687065306 0.11671697469763487 0.23277269072219048
1 0.6523448446849083 0.16089230391496406 0.03661020934118149 0.059276840912471006
1 0.5864107620146357 0.1316557900747996 0.03337612133990877 0.04977450692008221
1 0.7099578973583626 0.2132161492760593 0.047656797342454024 0.0690975098858317
1 0.7097402686982713 0.2616218157779621 0.06362724267981754 0.09942167984777565
1 0.4406362800365892 0.2873580089344296 0.05563292934436319 0.08347834486680376
1 0.38571242270049844 0.2648171640676259 0.050890885343726745 0.07859984387822054
1 0.5221942680219536 0.18291985973273236 0.035029528007635945 0.05765067391627663
1 0.7848771760423162 0.3435522480971957 0.06994996801399936 0.10592634783255317
1 0.45795904535327187 0.1654657628887623 0.03655566534054522 0.05458934091247101
1 0.49568576468013575 0.11936935429552491 0.027089758672817866 0.04639483893530465
1 0.5365834846833174 0.14446219619657907 0.03181362133990895 0.04971083992388783
1 0.9067367314210415 0.6827341063098723 0.16190220536281713 0.223681533611828
3 0.7130459873488174 0.1430628167665453 0.07165791868236297 0.11849001482874763