1 0.42943246958340603 0.3731721822061359 0.13556909012915472 0.15302085099579193
1 0.18660377507282463 0.22548861723786068 0.10746081050398355 0.09896826805616739
1 0.12211537773839168 0.18413444173996477 0.10580738229073816 0.09578870435383643
1 0.6362781999873647 0.5211632820208015 0.1712170851145899 0.19797125244707062
1 0.5246600530486432 0.3256647543459873 0.14618834138279588 0.14246529691210785
0 0.9243057342313893 0.6743354443566716 0.12947483214508893 0.5336706502701525
1 0.7400303034443546 0.1806871041606528 0.12385870031656906 0.12607640507947587
1 0.8457906261555461 0.8193999184959558 0.27177467775102715 0.3279167019915839
3 0.9068731594751339 0.33275557956588153 0.16241639812585582 0.2710268065307547
1 0.5789396907496578 0.1265749791182438 0.08098923871722903 0.10116568511654278
1 0.43361281888376074 0.14887158665263964 0.09491534639736088 0.09696925843752054
1 0.6413176702956866 0.10607399536031262 0.08554034639736088 0.09664187622353534