1 0.6859375 0.771875 0.22109375 0.28125
1 0.71640625 0.56640625 0.17578125 0.2015625
1 0.21328125 0.81640625 0.14140625 0.290625
1 0.5453125 0.11953125 0.05234375 0.0515625
1 0.1640625 0.309375 0.06015625 0.10546875
2 0.3484375 0.340625 0.08828125 0.15
1 0.58046875 0.15078125 0.05703125 0.059375
1 0.534375 0.1859375 0.07265625 0.06875
1 0.740625 0.2203125 0.08203125 0.0796875
1 0.62421875 0.2703125 0.08203125 0.07578125
1 0.27578125 0.19453125 0.05078125 0.06640625
2 0.20546875 0.19140625 0.05703125 0.1109375