1 0.24646243042357163 0.19622906362450002 0.06452610831306052 0.08006020472226431
1 0.4455185957218328 0.4357041332009284 0.14360559601642037 0.2445772226762452
2 0.25930383976990445 0.3891296359314029 0.1546430899662962 0.2618283551898026
1 0.5713755511314681 0.04511497375639972 0.04570338544042354 0.06745112041330892
1 0.4978198764634332 0.0267387202403583 0.04251475292686635 0.0534774404807166
1 0.6411749667243168 0.09080420277735672 0.05982951795398091 0.07847043364502548
1 0.6469527889330239 0.14389738652057807 0.08034200585373234 0.11296360831306052
1 0.35989367134838535 0.22135126259122773 0.07086701190385672 0.09572156615858285
1 0.29886526775758915 0.20608078659533283 0.06614315046753827 0.08944429508134392
1 0.4349340570833965 0.09356663017586628 0.044122704722264317 0.06431703005422928
1 0.7372374213483853 0.21915594087350004 0.08819995764913066 0.12082156010845857
1 0.3637903101084586 0.08538649151398889 0.04567611436318479 0.06276362041330892
1 0.39784260236113217 0.029717753614237293 0.034656801131468205 0.048637487899751586
1 0.44482668667008757 0.04819504284184876 0.039389752926866174 0.05647725897699045
1 0.9051879906302261 0.5634912272724412 0.18962401873954776 0.25736811416679295
3 0.6354016896951497 0.04046942213395225 0.08955337939029935 0.0809388442679045