1 0.41328125 0.51796875 0.05078125 0.0703125
1 0.46328125 0.50703125 0.05078125 0.06640625
1 0.35625 0.56953125 0.05234375 0.08515625
1 0.4296875 0.6140625 0.06953125 0.09453125
3 0.31953125 0.8765625 0.25625 0.24609375
3 0.4203125 0.68125 0.25625 0.30390625
1 0.56484375 0.58984375 0.05234375 0.08515625
1 0.59609375 0.5234375 0.04375 0.06640625
1 0.42734375 0.54609375 0.06484375 0.0609375
1 0.62109375 0.49140625 0.04140625 0.05546875
3 0.54140625 0.47421875 0.096875 0.121875
1 0.6609375 0.46171875 0.04140625 0.06328125
1 0.66640625 0.42578125 0.034375 0.040625