1 0.9000543271094876 0.8813189145619175 0.19989134578102466 0.237362170876165
1 0.8774206403416297 0.7163941818993041 0.24515871931674055 0.2918187213682689
1 0.35394469517081484 0.1493539901513493 0.06386618182494201 0.07435801285158128
1 0.23358175152005584 0.4111934624710204 0.09734452669174569 0.130318852775469
1 0.3137374837255587 0.33022464676742036 0.0933918557412186 0.10987901878308035
1 0.08290131920082222 0.33095818133065047 0.0927843606841345 0.1332528517868859
1 0.13711397532260167 0.2832501931936485 0.06431185079830275 0.08529551285158128
1 0.17130063292725592 0.24174578410611952 0.06412084980971958 0.08060801285158128
1 0.8180429817483923 0.3414140865382088 0.1522230276803292 0.13723469764227278
1 0.8663093853987138 0.28176451391452656 0.1457183596955513 0.13073002965749528
1 0.9408199540680634 0.46929103022614893 0.11836009186387315 0.1585366946765232