1 0.06312011432745382 0.556980340343633 0.09459328130301126 0.207710680687266
1 0.7885069724100038 0.24875607756487592 0.04080853847458741 0.05204717887824382
1 0.6929861412844778 0.2601262675243962 0.04911211179556503 0.06651911465389251
1 0.8078125331171098 0.2879790298488681 0.04727679328391084 0.058624727498762755
1 0.7409424916472975 0.2712175757558536 0.045714293283910835 0.058542840343632996
2 0.6906448804847046 0.32706810605900694 0.0653918762235353 0.08608798620519006
1 0.8572222560752678 0.29602722523545527 0.04727679328391084 0.05862472749876284
2 0.356247543916883 0.19724897274906442 0.08372521397248338 0.1198012449116174
1 0.6955382555271136 0.48952716248144207 0.0882490228654909 0.11535940637700666
1 0.4950297909216581 0.2411737924004826 0.05379961179556503 0.06676477611928178
1 0.808621098085385 0.5344445940732193 0.0994593413771451 0.12374511646291494
1 0.8990824069783925 0.534506549070745 0.10420140507947587 0.12555327792830404
2 0.40844496097725846 0.17347063602347598 0.07067957694917482 0.10352114767057934
1 0.9636743807587816 0.4766364953618433 0.07265123848243675 0.0965275192218769
1 0.6894817508026082 0.8073764037750149 0.1752083642426358 0.23844942559888338