1 0.04441462187754809 0.9514772908186029 0.08882924375509618 0.09704541836279432
1 0.08537073789187342 0.8067180687469069 0.17074147578374685 0.24757876413349394
1 0.16800834538386025 0.6576464829258297 0.10287700725639412 0.17695200361804453
1 0.6167731944807355 0.9017859865438744 0.15306054573098143 0.19642802691225114
1 0.4417930418483304 0.8637514772716202 0.13551094718226028 0.26288285956551005
1 0.22029749856441963 0.8996934627994417 0.1760615361123347 0.20061307440111661
1 0.4437995190676577 0.6494023722286661 0.11252482576804841 0.18525582654882305
1 0.6009547654394606 0.7437333056294657 0.11948415389834963 0.2058958751693421
1 0.22628961525412614 0.5127743962002412 0.10863593393541641 0.16321705223856356
1 0.2836308561836335 0.7310164631381261 0.15015380054030497 0.23557673111680727
1 0.023702850910973877 0.44065929952503013 0.047405701821947754 0.10631859905006032
1 0.07747265853803695 0.4486222857302202 0.10409227767481417 0.12242827792830421
1 0.16331593321762625 0.29893322421940244 0.06517362141421197 0.07983798620519007
1 0.08541662251052028 0.33320200361804464 0.07002481252120452 0.08477114767057933
1 0.7998511447430389 0.3823841270899061 0.10630954210278461 0.1412601650834339
2 0.36946921869698873 0.22285980438627018 0.04965774881887368 0.08214411465389251
2 0.18682040980398132 0.20859150723608924 0.04297123920022683 0.06931656603337358
1 0.9562375208817564 0.633210721956095 0.052713316149401376 0.16964411465389267