1 0.3176766089448965 0.8445567469477823 0.12983688962701406 0.21436347241038015
1 0.4048278507767714 0.6569538483726918 0.0986583183886113 0.14874511646291494
1 0.4082755866247226 0.4354097190194781 0.0674070119678472 0.08000176051544958
1 0.4637988880114934 0.43484647501237195 0.07245818787965277 0.09587242198083885
1 0.342288217133681 0.49049336669005744 0.06922408510611114 0.09102114767057934
1 0.5390794834699313 0.8462509644969224 0.12587674145062522 0.24536781094499105
1 0.4204508911456255 0.5552308960886997 0.09484233415618064 0.11889384215265544
1 0.5706151985163199 0.5880356727738084 0.08103440729444458 0.12909435775648745
1 0.6871169399669451 0.8212841847595961 0.144153962765278 0.22603795680654812
3 0.5449034176467713 0.4243383429456248 0.09898562670923639 0.16280761646291494
1 0.6680350591736464 0.5727614755781989 0.08775718597979179 0.14973440637700647
1 0.6395626074262851 0.4584876136378398 0.05338087955902786 0.08082727611928178
3 0.618976044071667 0.3805640094993968 0.08412303970326392 0.12769563206674714
1 0.7302226685967017 0.3880312714851844 0.04524107123840278 0.06635534034363308
1 0.6924499116628475 0.37827781320829845 0.04037173328249999 0.058297178878243816