1 0.12029749856441962 0.8873694459524142 0.2135615361123347 0.2201841044771271
1 0.3795881969278064 0.6975412268213942 0.20030262268015625 0.33178334577069996
2 0.7402232067160892 0.026417038953809757 0.044588302902557685 0.052834077907619514
1 0.7015674452833438 0.07474669945891703 0.0556349303072194 0.07465916327441158
2 0.693005922417853 0.1859298609243063 0.09876986061443879 0.1486632293077851
1 0.30800343984104817 0.22404285108622526 0.06991568511654282 0.08164614767057934
1 0.44722963094804075 0.2120673942796773 0.06555556733052796 0.09077548620519008
1 0.26508181905980843 0.18028288500742318 0.05703373920022683 0.07005355042954128
2 0.47862845308789215 0.11684342548734179 0.05278274881887377 0.08230788896415206
1 0.4104414482785687 0.126655516735486 0.050674611795565025 0.06660100180902231
1 0.880376881411377 0.7157457564471791 0.1947222560752678 0.26130707146044047
1 0.22750242958942915 0.3631706281100182 0.09622521397248338 0.12045634215265535