1 0.6913811562512358 0.1440699095448253 0.043278441558013546 0.06471095318850333
1 0.19212408117345312 0.6643137262555674 0.15625354869945846 0.2766930540475858
1 0.21782705925606058 0.3991457496613157 0.08296823295387146 0.10269563206674714
1 0.40627985876959316 0.4688839603130509 0.0849943831160271 0.1293400192218769
1 0.7608033120954344 0.14667593114155136 0.04155230032431163 0.05525406603337357
1 0.6491061071447402 0.24073022557819881 0.0513091298696164 0.07762038896415202
1 0.8149686607154626 0.1290070742895749 0.03998980032431163 0.05517217887824381
1 0.34840094927194665 0.3415678657855463 0.07205800649282175 0.10368492198083885
1 0.7417027102289954 0.21246138342554347 0.049637535713814886 0.07128850180902227
1 0.2284663246773361 0.2815078703081021 0.06690685633066593 0.07687676051544959
2 0.4772271530048249 0.20524750622003643 0.048402318181219074 0.0899566146538926
1 0.41878340746905174 0.19972452453740214 0.04656708279171564 0.0742497274987628
2 0.7568411461082614 0.5972524632537269 0.1275830779204515 0.24396908525525038
1 0.33132036363756195 0.1574761488022331 0.036728432629559826 0.0471959045679843