1 0.51484375 0.20859375 0.04375 0.07578125
1 0.65 0.5703125 0.10703125 0.21484375
2 0.5796875 0.30078125 0.090625 0.15
1 0.59296875 0.23671875 0.05546875 0.090625
1 0.7703125 0.44375 0.12734375 0.20390625
1 0.68828125 0.04375 0.028125 0.0390625
1 0.62421875 0.1484375 0.04765625 0.07421875
3 0.5125 0.05859375 0.04375 0.11328125
1 0.74609375 0.07109375 0.03515625 0.05546875
1 0.56484375 0.0734375 0.028125 0.040625
1 0.62265625 0.09453125 0.03671875 0.0484375
1 0.79296875 0.215625 0.07109375 0.09609375
1 0.5890625 0.05859375 0.028125 0.04609375
3 0.45390625 0.471875 0.16953125 0.51484375