1 0.33359375 0.23046875 0.05 0.07421875
1 0.6734375 0.10859375 0.02890625 0.04609375
1 0.49375 0.26328125 0.05859375 0.11328125
1 0.58203125 0.11796875 0.03046875 0.04609375
2 0.40234375 0.22890625 0.05703125 0.12421875
1 0.65703125 0.16171875 0.03984375 0.06640625
1 0.5859375 0.14609375 0.03515625 0.059375
1 0.47265625 0.490625 0.08828125 0.1796875
1 0.72265625 0.24609375 0.06015625 0.07578125
1 0.7359375 0.31015625 0.078125 0.1203125
1 0.46953125 0.16875 0.03828125 0.05703125
1 0.42734375 0.15625 0.034375 0.0515625
1 0.5203125 0.12109375 0.02734375 0.04609375
1 0.82265625 0.50390625 0.11328125 0.159375
1 0.46171875 0.103125 0.02578125 0.03671875
1 0.49921875 0.08125 0.021875 0.03359375
1 0.53359375 0.08984375 0.02265625 0.03515625
3 0.7375 0.1515625 0.084375 0.13515625
3 0.63046875 0.103125 0.04765625 0.1109375