2 0.6484375 0.13515625 0.03515625 0.06484375
1 0.690625 0.20078125 0.04296875 0.0703125
1 0.70703125 0.4265625 0.09453125 0.15546875
1 0.33203125 0.525 0.103125 0.1703125
1 0.28125 0.41484375 0.09375 0.121875
1 0.41171875 0.30703125 0.0625 0.09453125
1 0.365625 0.2546875 0.05390625 0.0796875
1 0.45390625 0.19453125 0.04140625 0.06484375
1 0.50625 0.2765625 0.05234375 0.09296875
2 0.41171875 0.16015625 0.046875 0.10390625
1 0.478125 0.14140625 0.03125 0.05390625
1 0.53046875 0.1140625 0.02890625 0.04609375
1 0.49296875 0.09921875 0.02578125 0.04296875