1 0.7662627390417452 0.21390769674538354 0.04302656203449331 0.05369156603337348
1 0.8273992921848985 0.22317315411775834 0.046442660462916764 0.060105340343633
1 0.7078295008285694 0.2637306343300546 0.05491013192686935 0.07457727611928178
2 0.7816651071148758 0.28480005088382654 0.0636687018192454 0.09529921189493056
1 0.8761086199351574 0.23153120873117122 0.047786836641598995 0.05549972749876275
2 0.11551141418697038 0.34776803539153595 0.15760710049533802 0.20465427973732647
1 0.833664254757511 0.27272277476454476 0.06130568114108144 0.0780298247398008
1 0.4089724698113229 0.30511138738227234 0.07943925103345731 0.09924308344622812
1 0.9120781991331585 0.2958902798529274 0.057525709677128486 0.06380355042954129
1 0.6949184702256076 0.44053879579544386 0.08946922249741007 0.11379690637700665
2 0.8120823914418913 0.5185675412728881 0.12348465756743252 0.1748096494796016
1 0.4533475161300505 0.1890017085040286 0.04815070967712849 0.06331222749876284
1 0.697893497109025 0.794983956356322 0.16898124813797324 0.21460248982323477
1 0.9371551660489971 0.510454068862508 0.07955056699689181 0.13509869629109836
2 0.5927375018620268 0.17468250169748065 0.04219180810555194 0.06923467887824378