1 0.7075936185927999 0.15087663535552026 0.029780341901054184 0.041279616641249996
1 0.6621047050566465 0.16679322929534668 0.03497717787060921 0.053888719414791716
1 0.7247784599995624 0.18879420944371467 0.03966467787060921 0.05399782218833336
1 0.7947434501137307 0.14024630024940907 0.03290534190105419 0.04135235182361115
1 0.7861297954748261 0.19753212338767295 0.039664677870609386 0.05399782218833336
1 0.6769577253226017 0.2626324061570828 0.04648768083635879 0.06820579255305556
1 0.7780546517103362 0.3064168141171174 0.06306768577927464 0.09200696846486114
1 0.7009138315581118 0.3707715612673258 0.06670202174882985 0.10457970364722229
1 0.3241218853987139 0.23956511417270807 0.0461693458553869 0.06039329255305557
1 0.5114773053606578 0.2508441870266315 0.04648768083635879 0.06820579255305556
2 0.3948017999234503 0.22775413877399275 0.04849584980971962 0.07917966014423614
1 0.900708243117099 0.3418795758006243 0.069317685779275 0.09215243882958343
1 0.9502506452845456 0.2719112614960756 0.05930601581733086 0.07630923328250008
1 0.9225699501509119 0.5329585174799993 0.0994800296574951 0.14280705547083344
1 0.8067313859301866 0.6263656382053119 0.10324169961943923 0.1585047906531944