1 0.580084348000567 0.16128710992204903 0.03930060217691818 0.05199885200509069
1 0.6732341472749276 0.14300872990932234 0.03757441106992569 0.04729317067154524
1 0.6556845487262064 0.1776019059118677 0.04091766587924894 0.053579533338636146
1 0.6165501268565075 0.19837802991727654 0.044097229581580064 0.05517839600572701
1 0.725969766875041 0.1760024959023227 0.04905754809323426 0.06304544000636336
1 0.612237138289253 0.25391950525145834 0.053963302902557686 0.06934998400699968
1 0.6826934820286507 0.21245816390836786 0.050674611795565025 0.06462612133990878
1 0.357822489918017 0.5108893099538658 0.09488096878180681 0.12292951734563573
1 0.6764038204105708 0.3680632739099587 0.07720239546082901 0.10866702267663583
1 0.820600253713015 0.4015559318905505 0.0977877139724832 0.11671588001272663
2 0.8650918089778254 0.31037640121741444 0.08388890507947586 0.12123974801081765
1 0.8689038005403049 0.21810708521645994 0.06684524881887341 0.08043293467536321
1 0.8219172501696359 0.640700247891505 0.14070438947037936 0.18281359468490824
1 0.3747172909216581 0.21135238661682046 0.04108135698624169 0.05826703333863605
1 0.3305952686891395 0.22358930462286564 0.03930060217691826 0.05199885200509069
1 0.9645833774894796 0.31703438653727867 0.06900794954451328 0.09763861600890866