1 0.8981944194226281 0.16488066470645757 0.044588302902557685 0.06973192496187504
1 0.04855776257146273 0.42527145051309023 0.09711552514292546 0.10879573138263901
1 0.4301289217848809 0.33502047169590243 0.1020932680561673 0.10697865824437507
1 0.33335561470597197 0.2896553799402775 0.09535219473518967 0.09277068787965286
1 0.9598511381196169 0.36640549069451306 0.05672620435383635 0.10436149810013902
1 0.42610358757931194 0.6067681851267704 0.16463296279135697 0.1989856267092362
1 0.5699330101668011 0.1764241088543745 0.051964293283910834 0.05741376291777782
1 0.5510019608924404 0.15969120374413145 0.05018353847458741 0.05112739532659729
1 0.4949702157017638 0.15475043702663155 0.05363592068857255 0.06057513050895835
1 0.6520560294040948 0.14953299411298557 0.045659729581580065 0.055705792553055564
1 0.9137920382201333 0.9029794235401727 0.08805061542376222 0.1519274823325695