1 0.5555270998097196 0.09741326877395753 0.04278967787060921 0.054543656260602244
1 0.2291263562726913 0.5111905042611692 0.12636086463846716 0.15263890507947586
1 0.09958473079699019 0.701701398456054 0.11475220258518867 0.174077395460829
1 0.6973180103801233 0.07349959753723084 0.044224843878220454 0.0514732199629331
1 0.6402668557412186 0.12845742684865832 0.05423651384016441 0.06742560217691826
1 0.35135950053147263 0.40936016414996856 0.11392453163466162 0.153764895460829
1 0.45823690022746144 0.33273815516429395 0.08251802273741297 0.11054068511654283
1 0.3699583088206989 0.29142861968493144 0.08395318874502422 0.1074702488188736
1 0.30317005684353254 0.2797346623358701 0.068872016805914 0.08197917549789598
1 0.6559276423187961 0.302195027211478 0.08226335475263546 0.10429068511654283
1 0.2629933844101307 0.25102681977759866 0.06392984882113639 0.07556548439090331
1 0.39985937304142416 0.2019767392850448 0.05924234882113648 0.07540179328391083
1 0.46008194863085594 0.1674132555271136 0.05111151384016459 0.06731647477225651
1 0.3961321951708149 0.14879717558271394 0.04760451186299815 0.057832347367594836
1 0.9068276032883512 0.7490427784774224 0.18634479342329763 0.27417165389834947
1 0.3523185281746205 0.14570689191745 0.04610567885919252 0.05934028366526398