3 0.4542783115516663 0.5010483037735589 0.1124688580918752 0.27027905925034224
1 0.7525254818607978 0.9420333534569899 0.1766014804327085 0.11593329308602023
1 0.5478821879765621 0.5436426322242311 0.05821384992375016 0.08601170783841657
2 0.5778807721327427 0.4303757540901281 0.031033100873680653 0.05867631802583091
1 0.64357393484243 0.6644756209414601 0.09189917211208343 0.12446645407749272
3 0.5357848443210761 0.3916254911580044 0.0553434230620141 0.09685827962517113
1 0.5682154846136802 0.4089864873970807 0.02271145459715278 0.0365739974927175
1 0.6175790517680205 0.4377850888090064 0.03884560087368065 0.058903638558944496
1 0.5855386568226729 0.8976408442857899 0.1457528303564585 0.2047183114284202
1 0.562674652641701 0.37833588097058996 0.019368249050069508 0.02710806927947216
1 0.5912354105254858 0.39402071694310953 0.021112587005972294 0.03496603338609487
3 0.5049719086256248 0.3383497269722394 0.03441267401194459 0.06970474623907634
1 0.541708842421215 0.33863688347787246 0.017805749050069507 0.02706260517284953
1 0.48193445212861086 0.3204802653728992 0.017769381458888844 0.02550010517284953