2 0.06593244064291018 0.4816454306199634 0.13186488128582036 0.2632908612399268
1 0.9631068853039558 0.22202409191120376 0.04127952800763594 0.056486349336070066
1 0.9715182746260475 0.3048911340656814 0.05085452267663584 0.07372839149054773
1 0.27892224196372895 0.26882830981387096 0.1217306440165447 0.12257495764913048
1 0.5656409919637289 0.2704963907049808 0.085484061346272 0.09580337939029934
1 0.5359631299729558 0.2023503787029283 0.07590906667727229 0.07856133723582168
1 0.6967984432686393 0.4806486164062882 0.12369313335454457 0.1569590480082102
1 0.5880256166454555 0.15968161055255567 0.055396572008272395 0.06125566256778665
1 0.649435283975183 0.18660317973620058 0.055469297342454024 0.06750566256778665
1 0.735536415977092 0.17304064948557957 0.04911020934118149 0.058094301131468115
1 0.7060216386457737 0.15802418266306684 0.04743862133990895 0.048710210772388504
1 0.07013649327659352 0.8871550872358217 0.14027298655318704 0.10243517447164337