1 0.9981841265014653 0.399510707910853 0.003631746997069385 0.061765170950527096
1 0.4930004442565938 0.9025348206093348 0.14861786661563342 0.1636061966536893
1 0.3281739403022611 0.8904698552097461 0.1543585306460784 0.1513608646384675
1 0.14557234592974896 0.8454796432701983 0.1627440336118279 0.16574169961943924
1 0.5245648261580855 0.7361312292025723 0.12744320357377176 0.1799023587069682
1 0.388198903230392 0.7119509243733871 0.13056820357377194 0.18002969269935712
1 0.24800498475132288 0.7090553705327852 0.15151737353571573 0.19648236364988403
1 0.09674623227986495 0.7034804856655439 0.14370487353571576 0.19616402866891214
1 0.06401996250820147 0.6109083250951401 0.08500103558899427 0.1719333498097196
1 0.45249487209002204 0.5614296595446395 0.11586903361182799 0.16383168973360754
1 0.3191067105310351 0.5911237712173572 0.11210736364988402 0.14807935574121878
1 0.18384037258431363 0.574724132890075 0.1372002055509382 0.18965936068413464
1 0.3652694447137043 0.5141182608372339 0.09383752471457943 0.12081651878308027
1 0.27144119026508007 0.4968126971108001 0.09708985870696818 0.1240688527754692
1 0.3925375988583174 0.45353358790954046 0.08239068874502423 0.10787084980971962
1 0.3240767589344296 0.42502126874589924 0.08050985376405233 0.09999468281352505
1 0.4319383384781941 0.40262766251038906 0.06724584980971962 0.08073534684397003
1 0.3567964170333754 0.38299559482962264 0.06243101581733086 0.0774193458553869
1 0.43787266209045955 0.35621557752941707 0.05748884783255317 0.07097834486680377
1 0.37548540863041846 0.34232417387909553 0.057679848821136394 0.07566584486680376
1 0.40424973718559976 0.3184582509514021 0.05748884783255335 0.07097834486680377
1 0.42826289874458673 0.29322082901229185 0.04785917984777566 0.06434634288963732
3 0.4749468977560035 0.2866233191264601 0.09798119665368965 0.14594385277546912
3 0.16057267444774925 0.42620571984821315 0.30038990813612687 0.3663385603035737
3 0.285994485702725 0.3162338591640787 0.15327087452429894 0.2012335306460784
3 0.3495184748283101 0.2619973453239143 0.11379719764227278 0.15126802273741297
3 0.4159273834215475 0.22094658098945824 0.11985619665368966 0.1468351907221906
3 0.49422613836446344 0.24123256467783585 0.07639535672980173 0.11386618182494201
0 0.937997337489611 0.3773120557434062 0.07119852076024671 0.10117518083635879
1 0.6567924639538951 0.19782878007742472 0.02965300790866543 0.03864600593149907
1 0.8071519026989193 0.29656341593324914 0.04109984387822081 0.05159167490485981
1 0.9840871344101305 0.4845223778727969 0.03182573117973888 0.08178851087441483
3 0.4386672050566466 0.16445915905034794 0.08274351581733086 0.07824701680591395
1 0.8492929121276406 0.7354203274922361 0.1504987015966055 0.17148236364988384