2 0.7633166287873868 0.23126596733882096 0.040693599050060314 0.06202863855894432
1 0.23238304782754954 0.6386091735943917 0.1629448145630355 0.2215975183424
1 0.8229749118040737 0.2532833713371715 0.04686171189493038 0.06064799498543509
1 0.7832030828804013 0.2981495904583591 0.05376680913596861 0.07332985141192587
1 0.41059657903521396 0.6157125458560001 0.13121013568479167 0.18167120031656908
2 0.7207849700355309 0.29789352619345183 0.057874454997525505 0.09217077962517113
1 0.9125220906823174 0.2948918613080417 0.056728034825709275 0.07029577962517113
1 0.3249235933958508 0.35033994695135684 0.08476450361804462 0.09919366943775679
1 0.19761746494714832 0.36223689020829697 0.10129026232447184 0.11683581050398359
1 0.8972932383528966 0.3615337920285695 0.07136374491161739 0.08164245658477523
1 0.3982172512431954 0.2604256522824909 0.05705558344622812 0.07654577962517113
1 0.35439200814060035 0.22794812140367854 0.06346935775648763 0.07985263605166182
1 0.4495440558566083 0.21277541396097338 0.050232373360319826 0.06542642319868044
1 0.9779656269783643 0.3938354781593737 0.04406874604327129 0.08927310015828453
1 0.9758476062861495 0.6037871396795715 0.048304787427700904 0.13499477711788863