1 0.9374058077966991 0.3516046913183167 0.04905754809323426 0.0649566146538925
1 0.826282280121885 0.24002646144470466 0.04064484736759475 0.04735967887824381
1 0.5267511162263704 0.8967389654014337 0.1350893065307547 0.16148413387576924
1 0.3593999251193778 0.9008133910003171 0.1439732332097771 0.14791295680654812
1 0.16978186441227183 0.872399543193452 0.15723712504240903 0.1704430540475858
1 0.04997779590061756 0.8708514105608781 0.04364585099579189 0.13329717887824372
1 0.5431325404583219 0.7158641016520522 0.11225200725639403 0.17744332654882305
1 0.4027431534350134 0.7075680020361649 0.11354168874473984 0.169712713703953
1 0.26139146713734424 0.7165412895754075 0.13467264427970269 0.19421474672063965
1 0.10158988120249482 0.7350909729762071 0.14689982576804841 0.1870573439616777
1 0.060389473127794024 0.6535034582768859 0.08062006134007815 0.1648680834462281
1 0.4504390650530932 0.5493150887617533 0.10389387023308565 0.16140889077317447
1 0.3204440302067029 0.5921311097926525 0.10005954210278442 0.14093261646291494
1 0.1826439298438832 0.5907434294440707 0.1265873257680484 0.18599281094499087
1 0.3575595950901601 0.5119179873368438 0.08517858656782167 0.11675813206674697
1 0.2625372717691824 0.5028096602221938 0.09013890507947586 0.12481629353213641
1 0.3795957969969259 0.44814873643233266 0.07364088584218216 0.09899742198083886
1 0.3100819051642939 0.42987677125804175 0.07353175843752044 0.09587242198083885
1 0.41674856741534594 0.3914140575540889 0.05908731252120454 0.08419793758467105
1 0.336488148540872 0.37918405246570625 0.06059524881887359 0.0827173247398008
1 0.41524806560124744 0.3484453075540889 0.04943949400955017 0.07589411465389251
1 0.35401046523842766 0.34304515660414925 0.054017866604888456 0.07301477611928178
1 0.38031750489414146 0.31192463138937854 0.04754961179556512 0.06643722749876284
1 0.4011830764010206 0.28187196121756203 0.04905754809323426 0.0649566146538925
3 0.44657742195451694 0.2818409837187993 0.08810517912609299 0.1559025192218769
3 0.14637406922944446 0.44863117254666574 0.2727778234057957 0.3527376549066686
3 0.2601414141499686 0.32213619233436946 0.13316470798203356 0.1956953595655099
3 0.3213765253125615 0.26022601255161454 0.08934029691210785 0.14660940637700665
3 0.3821304868379741 0.2069505263464244 0.10318454210278442 0.14109639077317437
3 0.4701934820286507 0.19607390208159345 0.06259425843752045 0.09529921189493056
1 0.7632465667823738 0.2503741412274596 0.037410719962933034 0.044070904567984306
1 0.6087227578893664 0.26316846958530504 0.04253472958157989 0.05681656603337348
1 0.19823169119181058 0.3199019849619947 0.03595734736759484 0.04711401741285455
1 0.12757445081045743 0.33612785052039834 0.060213302902557685 0.0717798247398008
0 0.9638740328006236 0.3757891417932865 0.07225193439875284 0.11659435775648763
1 0.7767113552569611 0.2997599875639865 0.0457688569862416 0.060105340343633
1 0.8345437026245559 0.3421245499793154 0.06668155771188111 0.07835737336031982
1 0.7395313029873757 0.3557134164422303 0.07449405771188111 0.0787668091359686
1 0.7469296299365504 0.4555086985544058 0.08775794954451292 0.10129690637700647
1 0.9539149622007936 0.47093454545675967 0.09217007559841264 0.10532266508343398