1 0.1568092426002758 0.4890625 0.08116018801718106 0.1265625
1 0.7873656152132782 0.884375 0.23237833736472577 0.23125
1 0.4050905592377771 0.70390625 0.13873742536599848 0.240625
1 0.07770135590391351 0.7078125 0.12125902402927138 0.215625
1 0.28767798193827554 0.4546875 0.07316587468172653 0.1109375
1 0.48399899860759366 0.43515625 0.07774428668045381 0.1015625
1 0.7788938752785025 0.40390625 0.08214088534372692 0.0765625
1 0.771126281269912 0.4671875 0.10583292401336308 0.0984375
1 0.3721717079487751 0.37734375 0.05724997334499946 0.0859375
1 0.20065124395291126 0.346875 0.049401110677908554 0.0828125
1 0.30150521928709306 0.340625 0.05261701734563573 0.090625