1 0.8738960850480828 0.66015625 0.2495359648980454 0.30625
1 0.20431542695960414 0.0140625 0.02894335391920828 0.028125
1 0.23938074874635876 0.0109375 0.028761497492717503 0.021875
1 0.28692333847980206 0.00703125 0.025409176959604096 0.0140625
2 0.6491999619285446 0.64375 0.18694503668480014 0.303125
1 0.29668506419840024 0.53046875 0.12080790815498563 0.178125
2 0.2827359436526516 0.02421875 0.040471887305303156 0.0484375
1 0.25750026293212375 0.04296875 0.03859113855894432 0.0375
1 0.3896989974927175 0.021875 0.03868206677218975 0.040625
1 0.3196545851145898 0.1921875 0.06490959765100213 0.0828125
2 0.3910856527447093 0.06953125 0.05485263605166182 0.059375
1 0.4233980475718598 0.05234375 0.04207985141192587 0.05
1 0.4886115221033238 0.11875 0.061102636051661816 0.059375
1 0.4017791118367671 0.11484375 0.04998327962517113 0.053125
1 0.11830268527287435 0.253125 0.06679034639736088 0.09375
1 0.052492165676833034 0.1125 0.045477636051661885 0.059375
1 0.17517950791755882 0.08671875 0.04069920783841652 0.05625
1 0.6526262094877692 0.19765625 0.09602320533113406 0.078125
1 0.7372823543149197 0.18046875 0.0961141335443795 0.08125
1 0.9401770279425652 0.3515625 0.1196459441148697 0.1203125
1 0.9761205396210475 0.45546875 0.04775892075790509 0.1125
1 0.06492631802583093 0.0296875 0.02921613855894436 0.0375