1 0.4051507820659467 0.5151354990485979 0.059903848904643196 0.07423067885919252
1 0.45733540769276726 0.51179959342111 0.06481866943775678 0.08223417984777566
1 0.3418528116911178 0.5656183187065306 0.06504598997087019 0.09004667984777566
1 0.5028407536279097 0.9114653765014653 0.14001254922121245 0.17706924699706938
3 0.221465070004388 0.79765625 0.40828649076229295 0.4046875
1 0.419523170624891 0.5531766685162502 0.07249477711788863 0.07786501482874755
1 0.5655644109914725 0.7986867811775511 0.09834187476889085 0.1616325197716634
3 0.3305719823825157 0.6338271492388783 0.215223149379497 0.26315521049385404
1 0.6646945812871591 0.7192313859301864 0.10169419530200408 0.16957235376405233
1 0.34525294483978575 0.494747403193211 0.10190949247815259 0.06969968775644109
1 0.548718925639456 0.5147428626984819 0.0535174565847754 0.06928851087441501
1 0.4284375178801817 0.48409108748961094 0.08127874373179385 0.057934516805913994
1 0.5382073229738888 0.4752983607213155 0.06877874373179385 0.057425180836358794
1 0.6244774435861447 0.5170494620139099 0.0550799565847754 0.06935217787060921
1 0.6973011781467384 0.4989480608350463 0.04869356426490725 0.0644100098858317
1 0.648621985747728 0.4618499674511174 0.04998327962517113 0.05509867688202626
1 0.5076225641984002 0.5505238538012334 0.1023641335443795 0.0853246877564409