1 0.30390625 0.92109375 0.12578125 0.15703125
1 0.30625 0.58828125 0.09609375 0.11640625
1 0.390625 0.50703125 0.05390625 0.1
1 0.559375 0.8953125 0.12109375 0.209375
1 0.58046875 0.36171875 0.03359375 0.0515625
2 0.40078125 0.40859375 0.046875 0.1
1 0.4890625 0.5046875 0.05546875 0.08671875
1 0.47734375 0.40390625 0.040625 0.06328125
1 0.46328125 0.34921875 0.02734375 0.04453125
1 0.40546875 0.36171875 0.02734375 0.03671875
1 0.41015625 0.334375 0.025 0.03671875
1 0.46015625 0.315625 0.021875 0.03671875
2 0.7359375 0.38671875 0.034375 0.0703125