1 0.09925459055547134 0.12870678298109553 0.03145907825883123 0.036119307181592356
1 0.19948184953246179 0.09022606596219107 0.03460225897699045 0.03926248789975158
1 0.6098001633533535 0.46762592075921017 0.16982266237139498 0.1853567587805987
2 0.1953756116327102 0.12457834006449202 0.044049981849627426 0.05181703005422929
1 0.20954719594166563 0.10591015329620859 0.0440136204133089 0.04556703005422928
1 0.2577710725032946 0.14291070442767673 0.04873748184962743 0.051844301131468117
1 0.18194891588743634 0.14950107201231527 0.040870439695149675 0.04242384933607006
1 0.41059855230981857 0.7321009903356386 0.20932149960721666 0.2605840177575892
1 0.05583080172064334 0.34096134328594585 0.07551815046753822 0.08949883723582168
1 0.23506430464750955 0.2857521894005621 0.07708065046753827 0.0895079275949013
1 0.35218414783525953 0.16377317115199358 0.06599770472226432 0.06444429508134393
1 0.4046778887600732 0.13829644818116077 0.06599770472226432 0.06444429508134393
1 0.4199710906536672 0.19541860177195697 0.0832761083130606 0.08016928903121974
1 0.49472110577897777 0.23882368900777867 0.09267837939029952 0.08491133118569749
1 0.036236440087933135 0.21740566861791083 0.04562157220870701 0.0533886204133089
2 0.63498755747618 0.16698102614540442 0.11944995764913066 0.12100336729005097
1 0.7827028948101974 0.15768381507842827 0.1256363251355733 0.1101022287263694