1 0.6765625 0.05390625 0.01875 0.03515625
1 0.67734375 0.4234375 0.109375 0.1796875
1 0.9328125 0.84140625 0.134375 0.2390625
1 0.64765625 0.05859375 0.02421875 0.03515625
1 0.51640625 0.115625 0.03203125 0.05390625
1 0.584375 0.17421875 0.040625 0.071875
1 0.73671875 0.11875 0.03203125 0.04453125
1 0.7890625 0.11484375 0.04140625 0.0515625
1 0.58125 0.10703125 0.02734375 0.04609375
1 0.82109375 0.1984375 0.05703125 0.0703125
1 0.5609375 0.08828125 0.025 0.04609375
1 0.6203125 0.090625 0.02890625 0.04453125
1 0.875 0.34375 0.08828125 0.10703125
1 0.93359375 0.2546875 0.07890625 0.08515625
2 0.60234375 0.05 0.02578125 0.04296875