1 0.2691281185184378 0.6080017712580418 0.13219437056996625 0.18311347241038015
1 0.34638032110362643 0.4340043492772029 0.08082818874502422 0.10869997060135787
1 0.44340255973491993 0.48271076492646364 0.09227502471457942 0.12177318068726599
1 0.3836667568829012 0.34161877544191327 0.05930601581733086 0.07794793758467104
1 0.4091906803048862 0.3083182745374021 0.04785917984777566 0.06487472749876275
1 0.46233558494379084 0.36244253053029596 0.059433349809719614 0.08107293758467105
1 0.5648703359323741 0.3523914218692972 0.06255834980971961 0.08123671189493056
1 0.6656157993547966 0.5201787081653443 0.09989652372599629 0.11749511646291495
2 0.4308866081754955 0.25416968509828025 0.051429848821136305 0.07597600180902227
1 0.47385801676873296 0.29011715117708226 0.05098417984777566 0.06503850180902226
2 0.7819384777196976 0.45873219584087244 0.0855793557412186 0.11050813206674714