3 0.448995610989219 0.4672684826626134 0.1324763839608707 0.2672750247145794
1 0.6612387347796818 0.5700738531953986 0.08440436305535766 0.11099584980971962
1 0.5897571188817269 0.4591947030051182 0.05078822625188941 0.0690975098858317
1 0.5335140951336163 0.3944583823586022 0.03590667889684287 0.054462006920082295
2 0.5621165082454436 0.3449703769213948 0.0291106473268119 0.044832338935304604
1 0.5761720319935542 0.4114257064651593 0.03866765785015538 0.04833934091247105
3 0.5276805950630291 0.3206534678338658 0.04748121572854576 0.06584517589344294
1 0.5510802977079825 0.3337291293928527 0.01900760523343692 0.031950336958138335
1 0.5830737503529358 0.34645462247277053 0.03030912628012441 0.038646005931498986
1 0.5410011004658754 0.4666371298871443 0.0495897472985769 0.07528384288963733
1 0.5467975322053157 0.6347504599252003 0.09716196828879439 0.14269151878308045