1 0.7767648717519415 0.190625 0.06062958279171564 0.071875
1 0.34617121103647885 0.3625 0.11457278896022575 0.11875
1 0.8576836351446222 0.21640625 0.05761367694751698 0.078125
1 0.9277388108743232 0.3359375 0.07411143019392767 0.128125
1 0.36779897483619656 0.2140625 0.08129663879807011 0.0921875
1 0.397141601459402 0.2390625 0.08889095048646736 0.0796875
1 0.5989126071414448 0.20625 0.07639095048646745 0.0796875
1 0.6757843932590016 0.58203125 0.12994441882984215 0.19375
1 0.613501212661332 0.146875 0.05723184740221221 0.05625
1 0.9929285241462107 0.53828125 0.014142951707578533 0.190625
1 0.5526222138791479 0.10546875 0.04629434740221221 0.05625