1 0.604479392207253 0.9077090026322786 0.28732753954332696 0.18458199473544284
1 0.25391961258693874 0.6531942194547915 0.15400570357377186 0.17585449375348397
1 0.13488972277678166 0.5251277859079618 0.10483869171077376 0.11933178298109545
1 0.07399598513407132 0.46616587636523726 0.08082818874502422 0.1051329275949012
1 0.028472544696207597 0.413494873438371 0.056945089392415195 0.09415906615858276
3 0.07087159756681691 0.3348295179539809 0.14174319513363381 0.14930108411256365
1 0.1258741615218059 0.420363017855785 0.08019151878308031 0.0895079275949012
3 0.34265580182625455 0.5466538488450907 0.4537005919382352 0.43847371018321335
3 0.7585368339180267 0.7892044423274284 0.4266924229648744 0.4215911153451433
1 0.9231869243362061 0.7594559142181068 0.08382053756616052 0.17857042759490122
1 0.4170429895826956 0.44706291500367357 0.09875051779449713 0.08492951190385653
1 0.31547783098945825 0.4081817013044188 0.09744268577927465 0.09117042154477702
3 0.29079084878395534 0.32364307484098565 0.18037720258518863 0.1713215298578376
1 0.4326971644875554 0.40808222823539014 0.10401102076024671 0.09901928298109546
1 0.5739004846397797 0.4714185412707149 0.13465352570316255 0.12262949980360816
1 0.7519671348300602 0.5505980229239507 0.16698586463846715 0.14937380698520072
3 0.8904831481759331 0.48810763416387737 0.18872821345960347 0.22292039129415606
1 0.6576998230807929 0.4476815803019346 0.13264535672980174 0.11168290944452863
1 0.4968379189361797 0.38735663777811463 0.10082235376405232 0.09743860226293624
3 0.3803626847535105 0.3116612253085239 0.1829928666156336 0.15883971057599683
1 0.9231617025108265 0.625830347961328 0.1008860207602467 0.09900110226293624