1 0.4298305596532118 0.8561802596643615 0.2752490105500115 0.28438513212077404
3 0.11928933684890541 0.2540193586076481 0.1670353157455871 0.17126698770335985
1 0.16485302718910302 0.35767107855341884 0.09396028003177212 0.10209883118569749
3 0.3621389046230874 0.5143518288480065 0.5134968530809598 0.5076236859827166
3 0.737551556406801 0.804384913746137 0.48168201704283325 0.38557596916020387
3 0.34013367085843704 0.283206367977422 0.20346373944669321 0.1996010659621911
1 0.4702087288933864 0.39417970853289336 0.11761596834337489 0.11473518657189175
1 0.6006559338440806 0.4817110039088249 0.15094666558343128 0.14461358411256367
1 0.7666684918790299 0.5924752662054651 0.18740236282348768 0.174510162371395
3 0.8999802293004235 0.5658804290678392 0.200039541399153 0.2527715177575892
1 0.6880195661493289 0.4733894438003663 0.1476034772718286 0.13209540339440445
1 0.5356564508902091 0.38364166345154943 0.11290119480442443 0.11314541549465282
3 0.4308541282447632 0.2881478771508042 0.20480805113509054 0.18711015632127062
1 0.20155596062944178 0.535600635833207 0.1578512305182394 0.18214994554888228
3 0.10040869764379827 0.3361687832756831 0.1837512573036007 0.23385789129415607
1 0.9226338940697806 0.7095486158361226 0.12742734496658023 0.1397897287263694