1 0.48203125 0.54921875 0.13125 0.178125
1 0.24296875 0.50625 0.096875 0.159375
1 0.41953125 0.13671875 0.046875 0.0484375
1 0.32890625 0.36875 0.08125 0.11640625
1 0.48203125 0.134375 0.053125 0.05546875
1 0.39921875 0.16484375 0.05 0.05
2 0.37734375 0.2703125 0.06484375 0.11484375
1 0.6078125 0.1484375 0.05625 0.05546875
1 0.65390625 0.190625 0.071875 0.0609375
1 0.55703125 0.24453125 0.08125 0.078125
1 0.66875 0.2484375 0.08828125 0.07578125
1 0.75546875 0.20078125 0.07890625 0.07421875
1 0.03828125 0.240625 0.046875 0.07578125
1 0.10390625 0.19296875 0.03984375 0.06484375
1 0.87734375 0.284375 0.11171875 0.09609375
1 0.828125 0.39296875 0.13359375 0.10390625