1 0.6799846358558244 0.12214028467675431 0.044543178859192525 0.05928571996293312
1 0.07579321366956834 0.42881199156247957 0.1515864273391367 0.18012898801910032
1 0.2031277282139891 0.49063489056668763 0.151071704562355 0.1847073606144388
1 0.4243899159704302 0.38305053594269867 0.10066052768032882 0.13457838584218215
1 0.2232996012554133 0.30191713094804074 0.09996019072219058 0.11739088584218216
1 0.31167901034294226 0.33471721806401655 0.09884335969555132 0.1282738221398514
1 0.6804037885175628 0.18843740727209257 0.05461851581733086 0.07680060217691823
1 0.7558056951336338 0.2333927540067152 0.06750051779449713 0.08661211179556502
1 0.4936240301146058 0.234746955998299 0.06443918479069151 0.0880654843909034
1 0.6772456605332227 0.3999651843139346 0.1043585306460784 0.14875001324684387
1 0.8617426773391367 0.31394829484355535 0.07894735376405215 0.0994940577118811
1 0.5192089619395478 0.16208078231450157 0.05267401384016459 0.0673710384745874
0 0.4557194649052973 0.15025539411006666 0.0804116946765232 0.13543155771188106
1 0.39632721885963 0.13360609664980463 0.059178681824941924 0.07383929328391078
1 0.9516527529285685 0.34747506825720026 0.0696996877564409 0.10229167549789597
1 0.40405614722453087 0.07794637369164663 0.04272601087441501 0.05298115626060227