1 0.26370056761525323 0.5203534400638544 0.10137879353213633 0.08819229065319441
1 0.1880399055840371 0.7144469725489238 0.17620173111680743 0.14611519984750015
1 0.1843637861804462 0.9693500652544792 0.16733798620519008 0.061299869491041645
1 0.45001536239058504 0.8594373899113545 0.20637390999505117 0.18583231648875015
1 0.6593416954981288 0.7144924850854519 0.14733974672063965 0.13139808320625015
0 0.3915566519659925 0.6224270459715281 0.12875352103089915 0.13408667211208342
3 0.7085250667107421 0.5065176373459034 0.3045591044771273 0.21308710714194473
1 0.976782664517607 0.6840848185760425 0.04643467096478595 0.11588087955902786
1 0.16977018317365694 0.5891742156150696 0.06708568068726613 0.08895470364722229
1 0.07442338364862679 0.5565234101442361 0.07498006784239586 0.09069904160312507
3 0.7560131411118587 0.8290017414506252 0.48797371777628273 0.34199651709874956
1 0.7870882372212429 0.7549200761754867 0.1331953595655099 0.12950827488562505
1 0.5942876628201264 0.9098153303564585 0.22249023292582973 0.180369339287083