1 0.3449247404330886 0.20970039009580582 0.05521634890464337 0.07465916327441154
1 0.6808659036026391 0.057924369630733566 0.024755959092057724 0.04654080732694628
1 0.49316234897115035 0.36964419889309014 0.09714308762187222 0.17514384215265535
1 0.6049255292294597 0.06736464665452653 0.03091503087881229 0.04374335594746528
2 0.35520535939599157 0.3121293492772029 0.09925115690134448 0.19397572930778512
1 0.6667973919241567 0.11248571687177158 0.03918217194503928 0.05977779172311406
1 0.6002463894168741 0.0941318645423509 0.03757420783841638 0.058133404567984305
1 0.7188168814993153 0.17450436001979514 0.0552163489046432 0.07465916327441158
1 0.7188108698208329 0.22832872286466538 0.07009720282385175 0.10352114767057934
1 0.45574858016653186 0.20779265208159345 0.05530727711788863 0.07778416327441154
1 0.40946461355262664 0.189936766735486 0.0472674565847754 0.06956222749876276
1 0.5345842854976659 0.1256551814802356 0.0360571719450391 0.05961401741285455
1 0.7823301490502926 0.32406726877165093 0.08649509263643722 0.1309025192218769
1 0.47495087272382674 0.11083908695273106 0.032659387305303156 0.050075243102595035
1 0.5159312253893937 0.06968846449692237 0.024710494985435004 0.04497830732694628
1 0.550564638163233 0.08581475350650296 0.03086956677218957 0.042180855947465276
1 0.8982109325028945 0.7649678284734464 0.1424676109788372 0.2851672953411587
3 0.7320957829903835 0.09346239993388687 0.08015416442319179 0.12744997060135782
3 0.6503062253893936 0.06264616915576371 0.05327341567683312 0.11512038896415207