1 0.6037271555722554 0.3576320313192061 0.08696792093374803 0.1291762449116173
1 0.12765123200767153 0.45884713478028055 0.15696117349399671 0.20761550542706697
1 0.7668998026873057 0.09896411747896768 0.030218121018452494 0.03741146879233552
1 0.7925599553463764 0.1293033926937383 0.03728716837349921 0.05180151741285455
1 0.8370457027155407 0.13241842661493625 0.02976309471009344 0.029598968792335523
1 0.6271477869728772 0.17078712856024414 0.04757222099021767 0.06791784034363305
1 0.7588829053604939 0.14242751243601354 0.04399219468185844 0.05994156603337357
1 0.8307201080054473 0.16029776514954702 0.03977513154179633 0.04102779172311406
1 0.8272087001552917 0.20713182157198212 0.057220236775233246 0.07309666327441153
1 0.6746212974256338 0.0956952753263123 0.0322356473268119 0.0453058559474653
1 0.6334271500282348 0.06297462856024413 0.025439615756780755 0.035603307326946276
1 0.6223608474115163 0.07806736205190075 0.028837631541796326 0.040454581637205764
1 0.9356218976797475 0.37737680178427835 0.09690436305535784 0.11256195499752568
1 0.9284779846385074 0.5000330517842784 0.10008954721387227 0.1672494549975255