1 0.6234375 0.3109375 0.04609375 0.07421875
1 0.73828125 0.4109375 0.0625 0.1
1 0.64140625 0.41640625 0.06875 0.1015625
1 0.79140625 0.36796875 0.06171875 0.08125
1 0.09140625 0.61640625 0.14375 0.1984375
1 0.2921875 0.48359375 0.1 0.16328125
1 0.23515625 0.44140625 0.08515625 0.121875
1 0.1609375 0.4265625 0.08671875 0.1203125
2 0.85234375 0.60390625 0.128125 0.21875
1 0.50234375 0.3265625 0.05703125 0.08359375
1 0.3796875 0.39609375 0.06015625 0.1
1 0.31875 0.31796875 0.06015625 0.08671875
1 0.77734375 0.90546875 0.16796875 0.1890625