1 0.3903563135263041 0.17363672849293982 0.06612496974937895 0.08708298863591431
1 0.5234359373574586 0.3939474541432106 0.12614538524403188 0.19905688311602726
2 0.3778648830045367 0.3066537800350674 0.13097833098930572 0.22413870373287814
1 0.7398250484009936 0.12457234253753886 0.04568520472226432 0.06485343262955982
1 0.6728557170189046 0.08824510471240346 0.044131795081343836 0.06638865909060951
1 0.7901835967037915 0.1963422025216528 0.06454428903121964 0.08393071509696393
1 0.7836154341360048 0.25113879667745415 0.08347609621281205 0.11550799756436803
1 0.5019023467037915 0.2013741704579905 0.06612496974937905 0.08708298863591431
1 0.4544097231672245 0.1740810133959759 0.059874969749379045 0.08697389448011288
1 0.6000222050168519 0.11998207427359428 0.044131795081343836 0.06638865909060954
1 0.8423586541799715 0.35869615219734124 0.10082722267624504 0.14393300649282176
1 0.5368909459416656 0.09530540260108304 0.04252384328594587 0.0585488855516592
1 0.583993204918656 0.05542469643257285 0.03154089149054773 0.0505454707790068
1 0.6197716236347628 0.08214115503671504 0.03779998184962743 0.052217064934808155
1 0.89602699220136 0.8014643047951289 0.15165444535249045 0.2869932597392328
3 0.8101875453759316 0.11475128328477355 0.09611245159900647 0.13916368587597075
3 0.7276477561483201 0.06932178084914156 0.0646988251355733 0.11049321509696394