1 0.63125 0.11875 0.034375 0.05703125
1 0.68203125 0.128125 0.03671875 0.0515625
1 0.65859375 0.1703125 0.03828125 0.059375
1 0.69140625 0.22890625 0.05390625 0.08671875
1 0.61953125 0.26875 0.05546875 0.090625
1 0.78828125 0.2703125 0.06171875 0.09453125
1 0.76328125 0.41640625 0.09765625 0.15703125
1 0.70390625 0.6515625 0.14765625 0.240625
1 0.93359375 0.66171875 0.08671875 0.22421875
1 0.32578125 0.23203125 0.05234375 0.07578125
1 0.29296875 0.65 0.140625 0.221875
1 0.37734375 0.25546875 0.05390625 0.08359375
1 0.35390625 0.371875 0.084375 0.1203125
2 0.44921875 0.16953125 0.03984375 0.08125
1 0.51171875 0.16484375 0.03828125 0.059375
1 0.4328125 0.1265625 0.028125 0.04609375
1 0.52578125 0.11640625 0.02578125 0.04609375
1 0.47109375 0.096875 0.02578125 0.040625