1 0.4046875 0.5203125 0.05 0.06328125
1 0.45703125 0.509375 0.04609375 0.0703125
1 0.35625 0.578125 0.05234375 0.078125
3 0.20390625 0.84296875 0.4078125 0.3140625
1 0.41640625 0.5546875 0.05859375 0.071875
1 0.5765625 0.9140625 0.09375 0.171875
3 0.32421875 0.64609375 0.19921875 0.2203125
1 0.5015625 0.52890625 0.05390625 0.071875
1 0.51484375 0.4640625 0.05703125 0.05546875
1 0.5515625 0.70078125 0.065625 0.11875
1 0.65546875 0.63125 0.059375 0.1015625
1 0.44609375 0.4890625 0.078125 0.0515625
1 0.55390625 0.6 0.05625 0.0890625
1 0.58828125 0.5015625 0.03984375 0.05703125
1 0.65390625 0.81484375 0.13515625 0.16328125
1 0.77578125 0.95546875 0.11640625 0.0890625
2 0.60078125 0.453125 0.03828125 0.05703125
1 0.6796875 0.459375 0.0375 0.0515625
1 0.68828125 0.4296875 0.03671875 0.0484375