1 0.3625 0.690625 0.07421875 0.1203125
1 0.4234375 0.62109375 0.06328125 0.09453125
1 0.41328125 0.4796875 0.05078125 0.059375
1 0.46171875 0.47421875 0.05390625 0.07421875
1 0.35703125 0.53828125 0.04609375 0.078125
1 0.50625 0.80703125 0.08359375 0.15703125
3 0.75859375 0.796875 0.28515625 0.40546875
1 0.68203125 0.64140625 0.06171875 0.11640625
1 0.58203125 0.5640625 0.05 0.09609375
1 0.49296875 0.546875 0.06015625 0.08359375
1 0.60546875 0.48203125 0.03984375 0.0609375
1 0.6515625 0.52421875 0.046875 0.07578125
3 0.5671875 0.4265625 0.078125 0.11875
1 0.66328125 0.44453125 0.03359375 0.06640625
1 0.69609375 0.42421875 0.03203125 0.05
3 0.64375 0.3890625 0.06640625 0.09296875