2 0.6989130125819016 0.10703125 0.04791139448011279 0.059375
1 0.8851505215103554 0.08984375 0.05122730925276535 0.0703125
1 0.3342702654245707 0.3640625 0.10034664772652384 0.109375
1 0.6543118043847966 0.2453125 0.0702227711033185 0.084375
1 0.7907441822258181 0.26171875 0.07515573295387146 0.0984375
1 0.5156447706995765 0.22265625 0.0669341298696164 0.075
1 0.3942237382321725 0.24140625 0.0844761858759707 0.0953125
1 0.5157771842544129 0.1703125 0.05103639448011279 0.059375
1 0.9592785791448583 0.76640625 0.0596785576279121 0.2859375
1 0.5376063563372566 0.8890625 0.22262284253094827 0.221875
1 0.2743154237076967 0.934375 0.22416597727182852 0.13125