1 0.55546875 0.9140625 0.11171875 0.171875
1 0.3765625 0.928125 0.115625 0.14375
1 0.4359375 0.63984375 0.08671875 0.171875
1 0.20859375 0.921875 0.13046875 0.15546875
1 0.3046875 0.675 0.0875 0.1484375
1 0.07578125 0.88984375 0.14921875 0.19453125
1 0.35078125 0.54140625 0.07109375 0.109375
1 0.196875 0.65703125 0.09453125 0.14453125
1 0.3734375 0.44921875 0.05625 0.08671875
1 0.2953125 0.46484375 0.059375 0.08671875
1 0.32890625 0.39140625 0.04921875 0.06640625
1 0.3609375 0.328125 0.03203125 0.06328125
3 0.40703125 0.31875 0.07109375 0.15
3 0.034375 0.709375 0.06640625 0.29296875
3 0.20703125 0.409375 0.13671875 0.2
3 0.31640625 0.27421875 0.09453125 0.14609375
3 0.42578125 0.24375 0.04453125 0.0703125
0 0.43984375 0.225 0.04375 0.071875
1 0.5828125 0.21640625 0.02734375 0.03515625
1 0.63125 0.2734375 0.03984375 0.04609375
1 0.390625 0.21953125 0.028125 0.03515625
1 0.45390625 0.21328125 0.01875 0.03515625