1 0.6390625 0.190625 0.03125 0.0484375
1 0.1125 0.45625 0.08671875 0.11484375
1 0.65859375 0.25546875 0.03984375 0.06328125
1 0.753125 0.20859375 0.03828125 0.0515625
1 0.73984375 0.290625 0.04921875 0.071875
1 0.65703125 0.3234375 0.04609375 0.06875
1 0.2828125 0.375 0.06796875 0.10703125
1 0.84140625 0.21953125 0.04296875 0.06328125
1 0.82265625 0.3015625 0.05546875 0.07578125
1 0.6890625 0.44375 0.06640625 0.0984375
1 0.81171875 0.42578125 0.07265625 0.1
1 0.44296875 0.26015625 0.04140625 0.06328125
1 0.31796875 0.24453125 0.03671875 0.059375
1 0.40859375 0.21484375 0.034375 0.05390625
1 0.521875 0.22109375 0.034375 0.05703125
1 0.9296875 0.32890625 0.0625 0.0796875
1 0.77421875 0.71484375 0.10703125 0.17578125
1 0.36953125 0.1890625 0.03125 0.04609375
1 0.47265625 0.18828125 0.03203125 0.05