1 0.484375 0.91796875 0.184375 0.1640625
1 0.3421875 0.10390625 0.0375 0.0484375
1 0.56328125 0.63828125 0.159375 0.21484375
1 0.39765625 0.10078125 0.04375 0.05
1 0.30703125 0.11796875 0.03984375 0.04609375
2 0.58046875 0.42890625 0.1125 0.18359375
1 0.49140625 0.109375 0.04453125 0.0484375
1 0.5125 0.140625 0.05078125 0.05
1 0.39296875 0.15546875 0.05234375 0.05390625
1 0.49609375 0.17109375 0.05859375 0.059375
1 0.58359375 0.140625 0.05546875 0.05703125
1 0.071875 0.3765625 0.06875 0.1203125
1 0.1453125 0.26640625 0.05390625 0.0890625
1 0.62890625 0.18828125 0.06953125 0.06875
1 0.54140625 0.23984375 0.06953125 0.06640625
1 0.19765625 0.20703125 0.05703125 0.08125
1 0.1390625 0.1515625 0.04140625 0.05546875