1 0.696443814588889 0.23794509578394973 0.057813806420763926 0.06816934740221221
1 0.782835909478646 0.255976301141681 0.059594511967847194 0.07757162094116259
1 0.8231874993344099 0.20994105235949703 0.05156380642076393 0.06806025324641088
1 0.33445492049656284 0.36696971712885407 0.096623039703264 0.12507391233702042
1 0.13067399743454883 0.27517550365344795 0.09139002583555564 0.10155459172016937
1 0.38343401510197933 0.18791741680454255 0.06424564437666672 0.07609094155801363
1 0.7577462969214587 0.3197212013038368 0.06595361474138883 0.08236821509696393
1 0.3516950122521877 0.2681912978919748 0.08357752583555564 0.10141822402541774
1 0.9065643502080907 0.26632169156460417 0.06271951196784756 0.07762616801906326
1 0.8553175068369449 0.616576836044717 0.1353959053945836 0.18041597727182862
1 0.552038544737257 0.17872187459790584 0.05316267401194459 0.06965002678536125
1 0.4989310753224654 0.14682303815274222 0.05461607123840295 0.06498980032431154
1 0.404235517951771 0.10783445048976263 0.05312630642076392 0.0680875267853612