3 0.46733474841812034 0.47994587006681505 0.11589275214770663 0.2746192866804538
2 0.6317856727738084 0.5639407040897231 0.08409611827193722 0.14464088534372693
3 0.5666320635469827 0.46468504408017813 0.10250528154634875 0.19794769867918127
1 0.654060142470655 0.5118242207590413 0.056891809135968606 0.07249316534054522
1 0.75750828980255 0.6709366861075405 0.12759381275401313 0.1701317813494537
1 0.6029314116925318 0.42836628341817795 0.03592421189493056 0.059756808004454244
1 0.6573798942796774 0.4633958114258139 0.048506099050060314 0.061464758672817865
3 0.5126140281554468 0.33194472207190573 0.04669129353213641 0.08642839600572697
1 0.5909061244919736 0.3445816294159508 0.02030585594746519 0.029905676002545345
1 0.5034813675945686 0.3122952934038604 0.020142081637205676 0.026780676002545346
1 0.5596937460432712 0.3285839120782691 0.022032130257724703 0.033048857336090795
1 0.542008279059958 0.30805323607572377 0.01874335594746519 0.02988749466899989
1 0.5491756478977219 0.3652026647437692 0.028364017412854638 0.034684082670272606