2 0.43017325814060037 0.21553253376666243 0.14808337516934209 0.11332722267624522
1 0.6526502029613607 0.46431442564999365 0.10646244120271575 0.15369769262201594
2 0.6579607434412793 0.2525002268796577 0.0654346494796016 0.11597043364502549
1 0.7436902035271876 0.2629423023098185 0.0688119549975255 0.09099770472226432
1 0.9361133989137749 0.31105657368164497 0.07637879353213606 0.08635565651766246
1 0.9011884430117381 0.1963809953246179 0.05163109905006032 0.06121930113146816
1 0.8851064196059897 0.2175747392744937 0.06585737336031983 0.06442611436318471
1 0.8472003058566082 0.19513211271286474 0.0514673247398008 0.058094301131468115
1 0.8553912641334943 0.15757302537884718 0.043409163274411355 0.05336134933607006
1 0.8230291434867079 0.16635767291951917 0.04488977611928178 0.05180793969514967
2 0.804122013228983 0.13364516686939495 0.042010437584671226 0.05647725897699045
1 0.7888688274533343 0.12591902528065133 0.03683161465389251 0.04707498789975158
1 0.9466281750330566 0.3625736218862469 0.09298643939369314 0.10519656010845857
1 0.7104029907277458 0.17951672395279145 0.04694359905006031 0.06119203005422928
1 0.6518977719354103 0.15172352205919748 0.04036605042954129 0.05490566861791084
1 0.6902266095655099 0.12258546790266725 0.03699538896415202 0.05019998789975157
3 0.9619887449116173 0.24911510988419433 0.07602251017676523 0.19111587939029934