1 0.051089615219547815 0.9563075537089016 0.09247974715020842 0.0844369549975255
1 0.09100871324343682 0.8168832055633525 0.1615596683123613 0.23631371551297525
1 0.16786476681440915 0.6661595092722541 0.09604246466513904 0.17045634215265543
1 0.5994375026623604 0.8643657994134886 0.14215505167111128 0.2072060696514182
1 0.43161487623746453 0.8333658621675017 0.129183579406528 0.25334408525525054
1 0.221094297115277 0.8935574909548885 0.16373911094166688 0.19585248982323478
1 0.4308920968865272 0.6297462172104559 0.10556293502986129 0.1771976650834338
1 0.5828344969627771 0.7060553324301753 0.11224934612402784 0.196275213703953
1 0.221900916225069 0.5236544267305373 0.10200152393569457 0.15828389077317445
1 0.2796731293715966 0.7235039405253472 0.14099259517409743 0.22431168249628844
1 0.05862162585621492 0.4315532151742909 0.0836138934267362 0.10582063206674715
2 0.2989569915475344 0.3643369804394389 0.0714775693385418 0.12079053482570909
2 0.11585485723885389 0.3193121647447496 0.05051045269729175 0.09160100180902227
1 0.6304278099361456 0.203390677862191 0.04676720364722229 0.06487472749876275
1 0.46407480490215247 0.27687352272837984 0.04705814437666671 0.07737472749876276
2 0.244707862272847 0.24779461160167485 0.061157011967847286 0.07967421189493056