3 0.13671875 0.8609375 0.27109375 0.278125
3 0.02578125 0.70703125 0.04921875 0.30390625
3 0.30078125 0.5734375 0.184375 0.3484375
0 0.46953125 0.396875 0.06640625 0.171875
1 0.11171875 0.775 0.13203125 0.2015625
1 0.446875 0.29140625 0.0375 0.0515625
1 0.57578125 0.3140625 0.05 0.05390625
1 0.69609375 0.29375 0.04921875 0.05703125
1 0.61484375 0.28203125 0.04140625 0.05703125
1 0.6734375 0.34453125 0.05078125 0.06484375
1 0.24609375 0.32578125 0.05234375 0.05546875
1 0.44765625 0.240625 0.028125 0.04453125
1 0.80390625 0.45625 0.08203125 0.09453125
1 0.3796875 0.19296875 0.03203125 0.03359375