1 0.06370567701345066 0.8184895943723699 0.12741135402690132 0.2978075613400783
1 0.456370756447179 0.9142609405588384 0.18943207146044044 0.17147811888232312
1 0.6020561499338869 0.7583086179556509 0.17880883197589004 0.25734625244707077
1 0.7008200350528517 0.3821578349233591 0.09274077792830404 0.10305556733052797
2 0.134528892470655 0.5095263113400781 0.09551829715018094 0.1858135036281972
1 0.640577496609098 0.5459822327464409 0.1327792797373263 0.15280259618646852
1 0.4707463534610744 0.48604669363888126 0.09791295680654777 0.1422271947351895
1 0.19584593000989758 0.37000250907049265 0.06140889077317437 0.10040179328391083
1 0.8666254194944478 0.4591717466262569 0.10968261646291495 0.09896826805616747
1 0.8730148603584794 0.5314014106914076 0.1373915366347312 0.12177085099579195
1 0.44490090569963814 0.3818304195922642 0.07489818068726599 0.08995536660488845
1 0.32174668871632484 0.35718010525696114 0.06486143939369331 0.10676092068857254
3 0.797436085482393 0.3307441570632105 0.18203565128862387 0.17011907095872497