1 0.4191379029034252 0.4816474344149445 0.0692136083130606 0.08168792069139794
1 0.46917880951928337 0.4901335358268703 0.0739011083130606 0.0818243130112661
1 0.34906175223949515 0.5202265496169238 0.06924996974937905 0.08793792069139794
1 0.4081100201934761 0.6000564536152744 0.09439541549465283 0.11366534639736088
3 0.3611900892789251 0.7252322983632826 0.28058848731057645 0.4315301109788372
3 0.5157679840891226 0.5766309769722394 0.18118740924813698 0.2630408722616083
1 0.5866162943939729 0.5365120938235715 0.06294542759490121 0.07838106426490725
1 0.6193151649054777 0.5179355900626478 0.056695427594901204 0.07819920783841638
1 0.620496911585828 0.7210605900626478 0.10553290339440444 0.14835859514371955
1 0.5559248305965223 0.4973442937444291 0.07699883723582168 0.07722774122451134
1 0.6614117613146815 0.50353812094146 0.051935204722264317 0.06556281551854859
3 0.6275771167990716 0.46115439264907243 0.10064541549465282 0.11384720282385156
1 0.7003333607489474 0.4804559736070271 0.05038179508134384 0.06707985141192588