1 0.6609376392415034 0.9218578610435351 0.3408690336118278 0.1562842779129298
1 0.33545999752854205 0.013673177202117812 0.04783000494291585 0.023710210772388534
2 0.3894166911793011 0.2812379271039219 0.14255886760421674 0.16329086123992678
1 0.344629409087529 0.03795101453613532 0.05678851087441492 0.05188066256778662
1 0.5663678048291851 0.1384833214231401 0.08118101581733086 0.0754545179539809
1 0.4976522969205197 0.1755924359827165 0.07942751482874755 0.0707579275949013
1 0.5074875533463103 0.14517368295765443 0.084497016805914 0.08016019867214012
2 0.22256340809894581 0.04192946652792514 0.06424818380210837 0.08160452400410509
1 0.13879324456279254 0.026594837137625782 0.05366351087441492 0.051862481849627384
1 0.7286211126241198 0.2605497398446592 0.11376802273741297 0.10844882513557322
1 0.18102716551331963 0.006523231653235656 0.04419566897336073 0.011192030054229297
1 0.8000464905712787 0.44460255297817997 0.16647652866891213 0.13687380698520074
1 0.9115132311797387 0.48979285401145223 0.14412136760421673 0.16329995159900648