1 0.7166865560240133 0.8088815814369499 0.2348271102127601 0.33219652402927125
1 0.5551839687829048 0.38718675274504183 0.11020799985882554 0.149619286680454
1 0.4602648528849498 0.27194246606458794 0.07099431043863902 0.09295111600890867
1 0.5344604870575819 0.23293505740767842 0.061164284130279786 0.08502952800763594
1 0.6235446448371501 0.11279582741881425 0.03866765785015538 0.04729317067154524
1 0.6581779790944869 0.16245092942390493 0.0702662683452644 0.08045111600890867
1 0.5490004001694092 0.1846339174092692 0.05878273677523325 0.07094884667409058
1 0.49410777381869764 0.14725154873486052 0.04013915258848364 0.04574885200509069
1 0.5555080054028462 0.15343846140990558 0.04675317363517095 0.05207157733927241
1 0.7738338001976441 0.21695771077335874 0.08854583148532633 0.09940111067790855
1 0.9066316186699652 0.27244573679181244 0.10213789462538898 0.11829656134627217
1 0.9357521583442656 0.48386504213076675 0.08372109456891899 0.17741702267663584