1 0.640625 0.190625 0.03828125 0.05703125
1 0.0859375 0.60859375 0.12890625 0.2203125
1 0.33203125 0.43203125 0.07734375 0.12421875
1 0.42109375 0.44921875 0.08046875 0.12421875
1 0.75 0.29921875 0.05703125 0.08125
1 0.66796875 0.284375 0.04921875 0.07421875
1 0.80390625 0.24609375 0.05390625 0.06640625
1 0.82265625 0.18125 0.04140625 0.05
1 0.67734375 0.38984375 0.06484375 0.1015625
2 0.3265625 0.3140625 0.06875 0.11640625
2 0.2640625 0.25 0.05546875 0.09296875
1 0.34453125 0.24375 0.05078125 0.05703125
1 0.81328125 0.3984375 0.06875 0.10390625
1 0.4859375 0.24375 0.04453125 0.0796875
1 0.87578125 0.33203125 0.07265625 0.1015625
1 0.434375 0.20078125 0.03671875 0.059375
1 0.90078125 0.640625 0.12109375 0.178125
1 0.9375 0.2859375 0.065625 0.078125
1 0.50859375 0.17890625 0.03203125 0.05390625
2 0.8140625 0.89609375 0.16015625 0.18515625