1 0.9292749590109792 0.2436818808889029 0.060613847832553344 0.07144266046291677
1 0.6858591063098723 0.9193226773145836 0.14931820357377176 0.16135464537083272
1 0.5281076147128292 0.948741522745079 0.15340352570316257 0.10251695450984215
1 0.3419300341804816 0.9575835217116218 0.16013368676785777 0.08483295657675641
1 0.19567445809675824 0.9890475374273875 0.11201983893530465 0.02190492514522511
1 0.6342289862341977 0.7531637729499667 0.12594437056996632 0.18209337014004526
1 0.4997558271466687 0.7827698821317572 0.1290693705699663 0.18223891935425698
1 0.37239217250776396 0.8337608397419711 0.1500185405319101 0.198809989246633
1 0.22803201885744243 0.8886387766740205 0.15932987353571573 0.1976841368892682
1 0.14267283900966676 0.82228172249741 0.13337486859279987 0.17308224317557439
1 0.4891327090481603 0.6177441956139926 0.11586903361182799 0.16446922249741008
1 0.38316389334456036 0.6962437231165826 0.1121710306460784 0.15026117328319835
1 0.2528198187437117 0.7315005188161375 0.1357013725471326 0.19190501778268043
1 0.3888143740671884 0.6052741207592177 0.09383752471457933 0.12133565260503403
1 0.29683246250820144 0.6251627816364191 0.09708985870696818 0.12460620181924575
1 0.38532727672892675 0.5388314834556647 0.08082818874502422 0.10825345574818712
1 0.31117219372512117 0.5369371896181365 0.08057352076024671 0.10200345574818712
1 0.3975925133830539 0.4762415922231704 0.06730951680591399 0.08267125889134022
1 0.3200086828507062 0.4858841118678775 0.06243101581733077 0.07776543507002245
1 0.3824967539915137 0.43109175806277056 0.05748884783255317 0.07129711124870504
1 0.31894358996106886 0.44060799917143045 0.057679848821136394 0.07598461124870504
1 0.33398099954288946 0.40777838254604204 0.05748884783255317 0.07129711124870504
1 0.3435496591247101 0.374694054795783 0.04792284684397004 0.06617296360606986
3 0.3831241536875026 0.35080494458053535 0.09648236364988402 0.14797092721213972
3 0.16572704254625756 0.6034611019430801 0.29732857513232125 0.3694222038861602
3 0.2265478429268184 0.45034041004863196 0.15177204152049334 0.2035702638537389
3 0.2593974936113904 0.3762329760120667 0.11379719764227278 0.15189644789030413
3 0.2996603962731288 0.31182802770747775 0.11829369665368965 0.1474272717116218
3 0.3795243098092821 0.30073216997342944 0.0748965237259962 0.11577485731976359
0 0.8376922954748259 0.25423192906965736 0.06769151878308008 0.09204625889134013
1 0.5015664530794803 0.19568941314900384 0.026337006920082118 0.03397689371369372
1 0.6814913750185905 0.22902210566262457 0.03953734387822046 0.05174659057054054
1 0.9453721442959624 0.3325453277457498 0.08006418479069169 0.08950345574818704
3 0.28874280091203347 0.2543965173683955 0.08593218281352524 0.0804195541766104
1 0.8385331897707886 0.5427850068199163 0.1227901956651067 0.1429580955329392