0 0.3006010786919079 0.18072825406048504 0.19300675469445333 0.2080148717519415
2 0.12621015336568034 0.23612664042292314 0.10441587468172657 0.11273755357072242
1 0.3479402500397709 0.28695493466145006 0.10906701201463571 0.10969437418757347
1 0.2299715000397709 0.2890140868522007 0.09342383068109025 0.10785913879807012
1 0.9488936753659984 0.22411087216556913 0.03386701734563573 0.09119774431795716
3 0.5609118700270442 0.18946845982525345 0.3444430800445433 0.3340706314911741
1 0.8043260626989076 0.22350867451847561 0.13755563868554468 0.14143529788867956
1 0.5438981873806342 0.33901449229265757 0.14382382001909005 0.143106892044481
2 0.37989023138127054 0.3465657138824432 0.11582608935390812 0.15355346834337488
1 0.8820147106938169 0.1846449975709586 0.12963405068427178 0.1319239301939279
1 0.779143702020999 0.14111891437220586 0.11382723734881743 0.11602619480442451
1 0.6831317680219536 0.14982748701765175 0.08868178668045382 0.10308981818121903
1 0.5509214413987698 0.47251278490633136 0.16141130935708983 0.17778190097293473
1 0.9106124253659985 0.5880603238698525 0.17877514926800303 0.24853077759614006
1 0.6794431466820448 0.10144453409555246 0.08541133601209036 0.09053527110331835
1 0.5975300753500902 0.11303264489044529 0.07756247334499947 0.0872739034085667
3 0.9615834846833173 0.3738654103150161 0.07683303063336525 0.2920159504864673
1 0.9107498800524976 0.8380875974088028 0.17850023989500485 0.16421032467404081