1 0.133847053877783 0.25331414042292316 0.08599584980971957 0.07957049756436803
1 0.09933013243296433 0.23124427151035545 0.09355368182494202 0.07345686525911974
3 0.15143911908709146 0.16700844764709355 0.2232358646384672 0.15222852191409725
1 0.20465164380167084 0.283350467939633 0.08806768577927473 0.09209777110331832
1 0.2752214703796858 0.2500646351479174 0.08937551779449712 0.0858750446422687
1 0.29449273520843344 0.3200907629889388 0.09945085475263546 0.1032261858759707
1 0.3930920612921568 0.283970256496117 0.10401102076024671 0.10018300649282175
1 0.42814483501815304 0.3959384224865854 0.12228085969555132 0.12704551542127546
1 0.536677576615196 0.3541718879905864 0.12684102570316255 0.12400233603812652
1 0.9340698883644635 0.24481883848034905 0.09989652372599593 0.1141636858759707
2 0.37930679250907645 0.19508503449929426 0.10732702174882984 0.10492505357072242
1 0.9475428214065438 0.34065348986032085 0.10491435718691236 0.15190914772652384
1 0.6871961828507063 0.4602155620987297 0.14393036661563344 0.16021257142762976
1 0.567755116158523 0.5412627849063314 0.16044670456235507 0.1823603068171334
1 0.8203137944862429 0.19676889651529836 0.10659219269935712 0.12521028003177212
1 0.7381578690870916 0.1567672337712409 0.07550401878308044 0.09031708279171564
3 0.6261207841061195 0.15090479180619018 0.2113035504177418 0.24258078652459386
1 0.7042324911399325 0.34108373255342495 0.1392136917107738 0.12109552434972919
1 0.9195418147521981 0.7263552106393277 0.1609163704956039 0.2594955511350904