1 0.6205260606504006 0.12315985391473121 0.03563366311182729 0.04881930800445433
1 0.6688725553887288 0.12415873257482239 0.03894067363517095 0.051980670671545236
1 0.3752696846526249 0.460162056612048 0.10697658404557524 0.17456474267981753
1 0.7195257317959101 0.2195979545671864 0.05905575256024882 0.07563634667409058
1 0.2621913739316371 0.25692906329568355 0.05758425782192056 0.07718066534054513
1 0.6427966318241449 0.25015815857736773 0.057766268345264396 0.08030566534054513
1 0.409748913394176 0.24350126794241173 0.05518729991529536 0.08964430267345422
1 0.8075332369869948 0.1428440032225051 0.045554694681858264 0.058303396005727
1 0.8050082054875508 0.2264104812221869 0.06043624203690499 0.07252952800763594
1 0.8101676003952882 0.40591616788673246 0.09937691567207593 0.12451019867918127
1 0.8783315843985111 0.1873019805458692 0.0655787683452644 0.0803965720082723
1 0.7213865504799928 0.4959513692314138 0.11158848933548207 0.14651246801399936
1 0.9101543769154089 0.6194508618714605 0.11726163666229361 0.19029883068109027
1 0.5056067159403074 0.15260300059677595 0.039304694681858446 0.058230670671545234