1 0.07132703743631344 0.7600484536472223 0.12807264536918017 0.2669719072944446
1 0.15034128075267786 0.636921384593021 0.12400221602481705 0.18564917211208343
1 0.5406326627943578 0.9458801169255905 0.15763178134945371 0.10823976614881907
1 0.3773963187857673 0.8857949690819966 0.15730561203054397 0.22841006183600676
1 0.14672757411676735 0.8633384142282987 0.18942722135581716 0.16998911094166685
1 0.4276128527609502 0.7042959482319795 0.13821016669318062 0.19847648043270852
1 0.5612440601129494 0.8448690096867366 0.15096470536281678 0.2206424211621531
1 0.24492598006840596 0.5094704914506252 0.12856244668999892 0.17482077488562506
1 0.2483707954328136 0.7383949252462155 0.1794715133672712 0.25410953780340295
2 0.3289822593889065 0.4169212751699655 0.10803177068745366 0.15559799620027787
2 0.13088911004136175 0.3076514586812154 0.08259541868236289 0.11751611474138901
1 0.587340746737724 0.5369662439191671 0.09224313868554468 0.14117182028847228
2 0.2522913953691802 0.2698631307932988 0.08875451201463562 0.10984908510611122