1 0.221875 0.04609375 0.028125 0.03671875
1 0.28359375 0.05546875 0.03046875 0.03515625
1 0.34296875 0.0609375 0.03359375 0.0390625
1 0.49765625 0.59609375 0.14765625 0.1890625
1 0.59296875 0.48671875 0.13515625 0.1515625
1 0.44140625 0.8203125 0.18671875 0.27421875
1 0.29921875 0.040625 0.02890625 0.0296875
1 0.303125 0.228125 0.07265625 0.1
1 0.2890625 0.1 0.04140625 0.03359375
1 0.33828125 0.09296875 0.03671875 0.0484375
1 0.3921875 0.090625 0.03359375 0.0484375
2 0.20078125 0.21484375 0.05234375 0.09453125
1 0.09296875 0.22109375 0.04921875 0.06640625
1 0.13125 0.33203125 0.06640625 0.10390625
1 0.10390625 0.58671875 0.11484375 0.18515625
2 0.41328125 0.1203125 0.05703125 0.07421875
1 0.3859375 0.16015625 0.05234375 0.0515625
1 0.55703125 0.12421875 0.05390625 0.05546875
1 0.15703125 0.10390625 0.03359375 0.04453125
2 0.59375 0.21328125 0.08984375 0.090625
1 0.67890625 0.19921875 0.08125 0.08359375
1 0.79453125 0.30546875 0.10390625 0.09296875
1 0.7421875 0.346875 0.10859375 0.09453125
1 0.0203125 0.12578125 0.03828125 0.0515625
1 0.01171875 0.08359375 0.021875 0.03515625
1 0.0859375 0.059375 0.025 0.03515625