1 0.6121268156297237 0.19953624830251931 0.042247684158514785 0.056734678878243815
1 0.6843280393213644 0.19553150101605282 0.03701415258848364 0.04711401741285455
1 0.21695196758292287 0.8832152917231142 0.19508279977412107 0.2335694165537717
1 0.3030079628153612 0.3749368815009202 0.07540879465362353 0.09118492198083886
1 0.7074239050781452 0.23101197761030443 0.0426117052052021 0.06298467887824373
1 0.20308137045375516 0.6384084820213186 0.13942506299888785 0.17398413387576941
1 0.7708633207502212 0.3573974151949756 0.07301183674699825 0.10352114767057934
1 0.47128054970353384 0.33546602498762806 0.06272678413027996 0.0874048247398008
1 0.4019999286850814 0.29600737731704874 0.05712923151356133 0.07153416327441153
1 0.28799834186749584 0.26433025214770656 0.05767526308359248 0.08090916327441153
1 0.7665453600009987 0.5908307129109833 0.13535918927901225 0.21115658525525038
1 0.4819989708490433 0.23866959011649042 0.04757222099021767 0.06791784034363299
1 0.40938822347987924 0.23564308740295697 0.04637374203690499 0.07408595318850333
1 0.9556177523484873 0.346829486655416 0.08698333148532669 0.10269563206674714
1 0.980216662970653 0.5117075361804462 0.03956667405869396 0.13765048620519008
1 0.9891505891660728 0.8094456733355759 0.021698821667854418 0.22654921189493038
1 0.35842496295653553 0.22985675486124002 0.04242969468185844 0.05985967887824382