1 0.1429124440318501 0.8529630100254533 0.2054532191310198 0.2553613040260899
2 0.561817331525664 0.6311367474140417 0.24836441542211815 0.3292533373647258
1 0.5115185176399972 0.397596994072224 0.13614994120271576 0.1546158693507264
1 0.574153472976207 0.08250834341181457 0.05796298620519007 0.06313634667409058
2 0.20598889190482814 0.30570674936345316 0.10917136137453216 0.17616360534690845
1 0.5330471161242306 0.13596915073995117 0.07128185775648763 0.07890679734245412
1 0.05321577397157523 0.22262952534213598 0.07267393939369338 0.10546929734245411
1 0.7337088574178032 0.15550204276731355 0.088960680687266 0.08848179201145401
1 0.19345567164215458 0.1570328920273624 0.07037445499752559 0.09138861600890866
1 0.7934579144060654 0.35788270277685863 0.1437234237898611 0.12034995735199913
2 0.04558473767552811 0.11466248400699967 0.04265889077317436 0.09887385200509069
1 0.17576023858003925 0.09194369402449887 0.058290534825709096 0.06938634667409058
1 0.9398316253964847 0.3244082261298122 0.09347776232447202 0.11508065467854492