1 0.6234375 0.190625 0.03125 0.05
2 0.2859375 0.54921875 0.084375 0.171875
2 0.29609375 0.35078125 0.05390625 0.09609375
1 0.2296875 0.33359375 0.05703125 0.0796875
1 0.7140625 0.25546875 0.04140625 0.071875
1 0.39296875 0.36015625 0.05390625 0.08515625
1 0.37109375 0.25703125 0.03984375 0.05703125
1 0.79140625 0.2140625 0.0375 0.05703125
2 0.3046875 0.25078125 0.0375 0.071875
1 0.42578125 0.259375 0.04375 0.0703125
1 0.66640625 0.38203125 0.05546875 0.08671875
1 0.51484375 0.2015625 0.03203125 0.05
2 0.46171875 0.18203125 0.03671875 0.08125