1 0.5981962398232347 0.18684741418246115 0.05894563206674715 0.08379711124870504
1 0.21468869402779084 0.8780179921421171 0.22543817051050077 0.24396401571576581
1 0.7182088466752111 0.24621175971540046 0.08361143939369349 0.1083262303552929
1 0.6913021879233553 0.31276140487683624 0.0824583751693421 0.11606595574818704
2 0.3590628980092636 0.30819791356328863 0.07620837516934209 0.11577485731976359
1 0.8077416581860289 0.17010948614175192 0.06462242198083885 0.07315070967712844
1 0.8659812833553712 0.28504743547979816 0.10021908525525021 0.12780397642635144
1 0.2721493962002413 0.2558305847795723 0.05820864767057934 0.06973461124870503
1 0.9025517056748942 0.5813423926757272 0.15497518430531088 0.19114303846084474
2 0.2786140801668678 0.21560584511865458 0.04587242198083885 0.07227741439185813
1 0.9398348631835546 0.2666656166208793 0.07201884215265508 0.09531680810555195