1 0.5574180418483304 0.8424759298343965 0.18125995680090715 0.2697499394987581
1 0.31616061398818174 0.7473032886384363 0.16530757458692208 0.2602840359079618
1 0.32836054674247184 0.5098260145361353 0.09855160580511528 0.138045421544777
1 0.4558605533658938 0.46133903844204455 0.08254465988879929 0.1270170179539809
1 0.4449776501853345 0.21356915895354933 0.03768353847458741 0.05020907825883123
1 0.33541413331029346 0.39734419525429454 0.07687501324684387 0.09886474687674207
1 0.42357882142206116 0.35644246018321335 0.06108632213985139 0.09408634328594587
1 0.4867906387525891 0.26929243900777866 0.053963302902557686 0.06904998184962743
1 0.5548685161572509 0.266562869627742 0.04905754809323426 0.06277271077238851
1 0.5574453899337154 0.3494071858845207 0.08010914065150558 0.1020079275949013
1 0.34793646987811505 0.28489419222923246 0.04609623920022674 0.06744203005422929
1 0.3988913346689051 0.25784133371978024 0.04453373920022674 0.06743293969514967
1 0.743896266705405 0.47004745969223405 0.1188095421027846 0.13660109621281222