1 0.1760438241437381 0.35815203410611957 0.10850751977166348 0.09801568874502423
1 0.4464199215191808 0.8301211704934166 0.1829530573378241 0.278878369581383
3 0.2554448226608633 0.3543678009120335 0.18592154844057554 0.23688187056996624
1 0.35003176387734547 0.474434903193211 0.10592103064607841 0.14938718775644108
1 0.4503089950942652 0.389606258440138 0.08427152372599629 0.115747016805914
1 0.3314542243340185 0.2864892342198503 0.05930601581733077 0.07729201186299814
1 0.39983680980928205 0.29941499855430626 0.06086851581733086 0.07735567885919252
1 0.707401253497222 0.439859562317921 0.10215936068413463 0.13363485376405215
1 0.4551808844101307 0.2603325939154016 0.052801347832553344 0.07078734387822054
1 0.36659854547482607 0.23020474212851566 0.044734179847775654 0.06421900889724856
1 0.39695454893486715 0.2478206650562091 0.0464240138401645 0.06740767589344294
1 0.4487279545623551 0.1976734264249156 0.045978344866803765 0.05647017589344294
1 0.402315869581383 0.18798275003718107 0.03647601087441501 0.052963173916276626