1 0.09883828936396764 0.42152393548430733 0.12402960957707687 0.1291139193542568
1 0.28379571631148465 0.4910979191493691 0.16870690990138842 0.1842766083532208
1 0.8701642698855023 0.08535495575269621 0.04971935633066593 0.07569351282028158
1 0.2823075340889619 0.2714575072387103 0.09368754464226878 0.09023120181924557
1 0.3701660442352316 0.24312699193722936 0.09560460064862308 0.11061647642635145
1 0.7939075073036006 0.19602493610798907 0.06394549756436803 0.0857234842842343
2 0.4347779691541538 0.22682559574233627 0.10382620373287814 0.13441784946188076
1 0.6274955288139561 0.11385890715765705 0.05583298863591431 0.06817211124870504
1 0.6189264671222635 0.6084094278358215 0.1791183043815014 0.24408825599585598
1 0.8512929078694983 0.5272171240734957 0.11599101298564349 0.2052397717116218
2 0.29020895210472986 0.8137177818458163 0.31074222564697546 0.3610660483856421
2 0.5264824537328782 0.10527161931598483 0.06389095048646745 0.08259848428423426
2 0.5935063124991762 0.09276731121043298 0.052844356330665934 0.07583906203449331