1 0.47265625 0.21953125 0.053125 0.08515625
1 0.6765625 0.8328125 0.153125 0.334375
1 0.58046875 0.18828125 0.046875 0.0796875
2 0.534375 0.30546875 0.06015625 0.1484375
1 0.71640625 0.084375 0.03515625 0.05546875
1 0.65546875 0.225 0.05078125 0.08671875
1 0.7953125 0.115625 0.04296875 0.059375
1 0.7609375 0.1703125 0.046875 0.07421875
1 0.58046875 0.1234375 0.0375 0.0703125
1 0.6484375 0.125 0.03828125 0.059375
1 0.84453125 0.2046875 0.06171875 0.08671875
1 0.6515625 0.08828125 0.03359375 0.0484375
1 0.603125 0.09140625 0.03125 0.05390625
3 0.48828125 0.115625 0.13046875 0.16328125