1 0.40625 0.52109375 0.053125 0.0609375
1 0.45703125 0.509375 0.04609375 0.0703125
1 0.35625 0.578125 0.05234375 0.078125
3 0.209375 0.83515625 0.41640625 0.3296875
1 0.41875 0.55625 0.05859375 0.06875
1 0.58046875 0.9140625 0.10078125 0.171875
3 0.32890625 0.6484375 0.190625 0.20703125
1 0.5015625 0.52890625 0.05390625 0.071875
1 0.51484375 0.4640625 0.05703125 0.05546875
1 0.55546875 0.6796875 0.06640625 0.11328125
1 0.65234375 0.609375 0.05703125 0.09609375
1 0.47109375 0.48671875 0.06796875 0.0609375
1 0.5609375 0.584375 0.05625 0.08515625
1 0.5953125 0.490625 0.0375 0.0515625
1 0.6265625 0.78515625 0.12265625 0.1484375
1 0.7578125 0.928125 0.128125 0.14375
2 0.6109375 0.4484375 0.040625 0.06328125
1 0.69609375 0.44609375 0.0375 0.04296875