1 0.602960616984346 0.8282596348079168 0.28286529044572395 0.28632942605424533
3 0.05152173291124116 0.40688006057981346 0.10304346582248232 0.17686487884037305
1 0.10369302052047813 0.48375410274377534 0.09509720282385156 0.10536931043863902
3 0.35497672420225956 0.5322925003529358 0.5241962987589941 0.5390427153050228
3 0.7955609571135007 0.6688560007764589 0.3817814782258807 0.5229487364928845
3 0.24236437859632148 0.32827140023999635 0.20738190564770315 0.21173967875566851
1 0.410463509237707 0.36761607934860074 0.12055184389007838 0.12245039462538872
1 0.5713866373718102 0.3855407847655644 0.15418269780928676 0.15248650512049747
1 0.7743381411327338 0.4064770981173881 0.19259197994174038 0.18592063140062187
3 0.8918415413701606 0.3083819613845072 0.202586757059629 0.2613756577089811
1 0.6516568105704905 0.334070019051136 0.1506939849563052 0.1398044945971538
1 0.47019386190327406 0.3251408820359064 0.11581887978345566 0.12061487884037314
3 0.3308645889420204 0.2888001055863728 0.20858069279472174 0.19933068401734033
1 0.23313516495191725 0.6454589002399963 0.16988190564770314 0.209555552475544
3 0.06715509309865558 0.49733075533225896 0.13431018619731117 0.2553384893354821
1 0.9472838961472988 0.4400800114409769 0.08069973370266403 0.14664675782192055