1 0.20390625 0.21640625 0.06796875 0.06328125
1 0.1953125 0.1890625 0.07890625 0.05390625
3 0.25234375 0.13828125 0.18828125 0.10703125
1 0.26328125 0.26171875 0.06875 0.078125
1 0.34375 0.246875 0.07421875 0.06875
1 0.34140625 0.3140625 0.078125 0.0890625
1 0.44765625 0.3046875 0.08515625 0.0890625
1 0.4546875 0.42109375 0.09765625 0.10703125
1 0.57265625 0.41015625 0.10546875 0.10546875
1 0.934375 0.3515625 0.10546875 0.1015625
2 0.459375 0.21796875 0.08359375 0.0890625
1 0.9359375 0.4359375 0.128125 0.12578125
1 0.6859375 0.546875 0.11484375 0.14296875
1 0.54921875 0.58984375 0.125 0.15703125
1 0.83125 0.28203125 0.07578125 0.1015625
1 0.76796875 0.23359375 0.05859375 0.07421875
3 0.665625 0.2015625 0.146875 0.19453125
1 0.7484375 0.4359375 0.121875 0.1015625
1 0.88828125 0.8640625 0.18671875 0.2296875