1 0.5078125 0.1859375 0.04140625 0.071875
1 0.61484375 0.3703125 0.078125 0.13671875
2 0.54296875 0.2484375 0.075 0.13671875
1 0.5828125 0.20546875 0.05390625 0.09453125
1 0.65234375 0.04140625 0.03046875 0.04453125
1 0.68203125 0.246875 0.075 0.11875
1 0.70234375 0.05859375 0.03515625 0.05
1 0.590625 0.10078125 0.04140625 0.06484375
3 0.51640625 0.053125 0.04140625 0.1015625
1 0.78359375 0.10546875 0.04765625 0.06640625
1 0.55546875 0.053125 0.025 0.04296875
1 0.60546875 0.05859375 0.03125 0.04453125
1 0.9390625 0.396875 0.121875 0.178125
3 0.45390625 0.4734375 0.171875 0.51484375