1 0.49140625 0.13046875 0.040625 0.05546875
1 0.66484375 0.05 0.02265625 0.0390625
1 0.63984375 0.0515625 0.02265625 0.03359375
1 0.71171875 0.059375 0.02578125 0.040625
1 0.63125 0.29296875 0.05859375 0.11328125
1 0.69296875 0.08515625 0.03046875 0.04609375
1 0.746875 0.11484375 0.040625 0.0484375
1 0.5390625 0.21875 0.05 0.0890625
3 0.5484375 0.09296875 0.05 0.10703125
1 0.57109375 0.090625 0.021875 0.0484375
1 0.77265625 0.215625 0.05390625 0.07578125
1 0.83359375 0.19375 0.053125 0.090625
1 0.59921875 0.05703125 0.02421875 0.03515625