1 0.23609903154634876 0.1942477973026832 0.07539614767057934 0.06802384134309047
1 0.23540631275401322 0.1661137066359105 0.08600609905006032 0.06190111067790856
3 0.2930240609449909 0.11697622529441087 0.20169969810012062 0.12414766669318063
1 0.29501036408806564 0.24437451929504722 0.07942190637700666 0.08524770401018138
1 0.37975717831241684 0.23557113661682044 0.08221935775648763 0.07903406667727228
1 0.3755067695605611 0.30363079328454773 0.08945200361804462 0.0978567920114541
1 0.48241518882786655 0.3000416219366847 0.09858134215265543 0.09327838001272673
1 0.4864176933504223 0.4211626439370029 0.11551653663473135 0.11846019334818117
1 0.6089101690401628 0.41661040925368553 0.12160276232447184 0.11540791868236297
1 0.9486482801895819 0.3656718812062786 0.10270343962083608 0.11222837468172653
2 0.4981420081406004 0.21230526460059393 0.09413950361804453 0.09791133601209037
1 0.9410747976024364 0.4454321065404603 0.11785040479512716 0.1343942760184536
1 0.7189922551999244 0.5630757819064588 0.13294305404758583 0.15301700668363552
1 0.5759759175698248 0.5936638052594125 0.14469942559888338 0.16876927601845376
1 0.8563063902073476 0.2894371925525507 0.08829893939369349 0.10565111067790856
1 0.793325033355371 0.23623092389405037 0.06980124491161739 0.08045111600890867
3 0.692922241632257 0.19987634790741335 0.16689533016686758 0.20494313335454448
1 0.7939745658062309 0.45745194322886845 0.14035276232447202 0.11562609468490823
1 0.9041883695151327 0.8828053845480964 0.1916232609697346 0.2165351613621805