1 0.5203125 0.83515625 0.13203125 0.309375
1 0.66015625 0.5265625 0.09609375 0.17421875
1 0.67421875 0.09609375 0.02890625 0.04453125
1 0.76953125 0.4609375 0.09140625 0.1484375
1 0.59921875 0.240625 0.04140625 0.06484375
1 0.68125 0.35625 0.06953125 0.1109375
1 0.728125 0.125 0.02890625 0.05390625
1 0.778125 0.134375 0.02734375 0.04453125
1 0.74140625 0.19609375 0.04765625 0.06484375
1 0.59609375 0.16015625 0.03203125 0.05390625
1 0.63828125 0.1453125 0.03046875 0.059375
1 0.54140625 0.13671875 0.028125 0.0484375
2 0.82890625 0.221875 0.06484375 0.09453125
0 0.5796875 0.09375 0.028125 0.06640625
1 0.61640625 0.0984375 0.02265625 0.03671875