1 0.3662858250189529 0.7516652340467707 0.23567204169936504 0.2620294746976349
1 0.1943269423325033 0.5052158533577261 0.13579641066226814 0.15777723201781732
1 0.10091425996262285 0.3815141766788631 0.09063702335696497 0.10883065467854491
3 0.1224589878592991 0.2630550780155902 0.17209762351524954 0.17069540268936256
1 0.17445104836328262 0.35894029002227174 0.09983016693047428 0.10268974267981754
3 0.3743781551854848 0.5198067067154523 0.5081166576927673 0.4994953014003606
3 0.7568031764308787 0.8005470820337257 0.4852127036152744 0.3989058359325487
1 0.612832901424561 0.5553827694143599 0.1634213054894186 0.1409169960216353
3 0.3458653956185733 0.2914271680458161 0.20095004922121246 0.19602266669318064
1 0.4771274189755383 0.4007305373965425 0.11577341567683312 0.11380905601527207
1 0.6093154448397857 0.4881770880808144 0.1493588054894186 0.1407533640197265
1 0.7765149681967507 0.5978986281030861 0.18620558762187223 0.17242153469127164
3 0.9046433505539959 0.5604542667886308 0.19071329889200825 0.2492385733609078
1 0.6941761781467383 0.4790117207590413 0.14591555674305995 0.1297795013526354
1 0.5416529202291795 0.3905475627386785 0.11260295157021041 0.11221019334818116
3 0.43582280588513 0.2963788447246792 0.2021943004748538 0.18510334802672598
1 0.06134564311129086 0.3099840746737724 0.06049488229073818 0.09286020934118148
1 0.9364365713245363 0.7052036927911761 0.1271268573509275 0.1405170066836355