1 0.12063332032878671 0.5843625871159758 0.1922981218899818 0.24689982576804842
1 0.8025838466752111 0.1856447347694215 0.05820864767057934 0.06909722958157993
1 0.8809954517181652 0.1883852996528787 0.05376680913596843 0.07362103847458741
2 0.1433360786965297 0.37537696751586236 0.2023348631835545 0.23009427168436442
1 0.3736100768875074 0.3188094758685649 0.11379026232447184 0.11782739546082902
1 0.48602818973237766 0.31331838930074324 0.10869332654882306 0.10985120435383652
1 0.3275738805964091 0.24684519583149797 0.09373006784239583 0.09217263103285882
1 0.8868337731786056 0.3744592089087059 0.08755531094499105 0.12314981252120454
2 0.564015991632257 0.18849694937487702 0.0684025192218769 0.08504961179556511
1 0.6086390948661888 0.14389128830495138 0.05599105042954129 0.056542665879249124
1 0.5208667729514631 0.8137995389379235 0.2561769154221182 0.33491074645662094