1 0.34388874082879994 0.06772582855350666 0.0483753155185485 0.05265352773541672
1 0.7076421053058635 0.9016572321451383 0.292228267088759 0.1691916367772226
1 0.4455970271843957 0.3823312295796871 0.12619409012915472 0.15127417211208344
1 0.4399537470970062 0.12014035410472186 0.061193564264907255 0.06388196846486113
2 0.5791382675509773 0.13954170469406202 0.08719377461060632 0.09883884992375007
1 0.15478181057049056 0.36880128533486095 0.10887019780928667 0.14618662860909729
1 0.45887959184501437 0.1673238254193746 0.09000052586424748 0.08797408510611122
1 0.6430416431777979 0.14351938345565918 0.07410274122451135 0.0782354091943056
1 0.27078855845891947 0.19200043636104142 0.07929034639736088 0.09553201196784729
1 0.5726943877675215 0.2536769398764231 0.10433581050398359 0.09767639342673622
1 0.13582017656389272 0.13502635058934015 0.05365384890464333 0.07307513050895839
1 0.7263589453685112 0.28523279834954796 0.12188702335696497 0.11057643692972227
1 0.7848079428612287 0.2620121974758674 0.11228470282385175 0.102545731382639
1 0.8486574941940124 0.24100806003305486 0.09955738229073816 0.09444229065319458