1 0.79609375 0.240625 0.04140625 0.040625
1 0.5578125 0.9125 0.115625 0.175
1 0.39609375 0.92578125 0.12109375 0.1484375
1 0.55390625 0.725 0.08125 0.16640625
1 0.41328125 0.75390625 0.090625 0.16875
1 0.26015625 0.81015625 0.11015625 0.19296875
1 0.06015625 0.92421875 0.11875 0.1515625
1 0.44921875 0.571875 0.08125 0.1484375
1 0.32265625 0.64375 0.08203125 0.13359375
1 0.17109375 0.69140625 0.10859375 0.1890625
1 0.35390625 0.54375 0.06875 0.10703125
1 0.25703125 0.5546875 0.075 0.10703125
1 0.36953125 0.47890625 0.05625 0.0890625
1 0.30078125 0.4703125 0.05703125 0.08359375
1 0.3953125 0.43046875 0.053125 0.07421875
1 0.32265625 0.42421875 0.04921875 0.078125
1 0.39453125 0.38515625 0.04609375 0.06640625
1 0.334375 0.38125 0.04140625 0.06640625
1 0.359375 0.3546875 0.03671875 0.05703125
1 0.37265625 0.32109375 0.034375 0.05390625
3 0.41796875 0.30859375 0.06875 0.13359375
3 0.11015625 0.57890625 0.21796875 0.3796875
3 0.2359375 0.38515625 0.10703125 0.17421875
3 0.29453125 0.309375 0.084375 0.12421875
3 0.3484375 0.25859375 0.08359375 0.1296875
3 0.42734375 0.25390625 0.05078125 0.08515625
1 0.93671875 0.32578125 0.06484375 0.0484375
0 0.37109375 0.221875 0.078125 0.06484375