1 0.5018320579006641 0.31162691452848673 0.08598034946188075 0.10439981252120453
1 0.06100806265592044 0.4412127878416152 0.12201612531184088 0.19364585099579196
1 0.7832639944184288 0.2978991981089327 0.07119010339082213 0.08828373920022674
1 0.7360208132773476 0.37442698177419664 0.09488446856846852 0.12811013103285873
1 0.08575760173819232 0.6210986952833438 0.17151520347638463 0.23396331614940155
1 0.6128915283311596 0.3888664824071688 0.08387419396136267 0.12616568511654275
3 0.31387183147431263 0.41178814955236226 0.19878868031251162 0.38289188947037933
1 0.1178573182397463 0.31645583530187726 0.09851889081820961 0.13915675843752046
1 0.8077694189444813 0.6425742918483304 0.1776670434232436 0.23083831614940156
2 0.9220738215495151 0.5496650508340051 0.11116874813797324 0.20979664065150558
1 0.6421080316409284 0.6491392942954011 0.14354460049533807 0.20156747840045347
1 0.2484181135250166 0.2931770480084162 0.06744867328319834 0.10843254809323426
1 0.22345665488134547 0.25972963094804075 0.06977315260503385 0.09135417549789597