1 0.9561086298499628 0.34828386290925645 0.06896060015828454 0.06132838544042354
1 0.46444603477275004 0.9237035820694602 0.137086126022532 0.14764768052176755
1 0.2999205335191089 0.91372511495236 0.14163723370266404 0.14298745159900647
1 0.11116792207805319 0.8773295935805334 0.1561543747688908 0.15869426483072288
1 0.006974796384725588 0.8694221656910447 0.013949592769451177 0.12053066861791066
1 0.49134481855455636 0.7509200670423456 0.11791022868809904 0.18659200585373253
1 0.35354094167409456 0.7353183138208917 0.1158476235152495 0.1693954154946528
1 0.21353806730091512 0.7416006509585176 0.13353522868809903 0.18668290944452864
1 0.06406052800907201 0.7425187772255588 0.12812105601814403 0.197684041958086
1 0.03315451464798337 0.6513216054843902 0.06630902929596674 0.16923178903121966
1 0.41599078054960803 0.5756069705349459 0.1031203029821361 0.16151019262201594
1 0.28431723172410694 0.6177722655180939 0.1009213054894186 0.13962610226293642
1 0.14559571252377707 0.60686255747618 0.1305466210079671 0.19135222872636942
1 0.3265933114284204 0.5339467113615637 0.08952916442319178 0.12393746974937905
1 0.23490591660126986 0.5172955425472612 0.09090980799670109 0.11769656010845857
1 0.35345733979995025 0.4697387656162898 0.07473923871722885 0.09885565651766245
1 0.28612508729266783 0.4482591962362532 0.0746937746106063 0.09729315651766246
1 0.3923212629986307 0.422645596998379 0.06651756175762476 0.08474770472226431
1 0.3147191002247916 0.4051313649523599 0.0634834899708702 0.0878545240041051
1 0.3951794900373772 0.3781052566392994 0.05222774122451135 0.07685339149054773
1 0.3345147746771132 0.3690847806434045 0.05847774122451135 0.07688975292686626
1 0.3634581285963215 0.3407961541799714 0.053517456584775226 0.06748748184962743
1 0.3877821786754637 0.3101910487937771 0.045568564264907255 0.06275453005422929
3 0.43559755304864317 0.30444504284184876 0.0919554824490227 0.15363406010845856
3 0.130628391297336 0.4577937984009936 0.261256782594672 0.3499737706844554
3 0.2501086824363875 0.34379895521324366 0.1242966210079671 0.19131586729005096
3 0.3072596043814267 0.2856637474659173 0.09954066191590938 0.1458670119038567
3 0.3703877416867297 0.2368671782822723 0.10877926959604131 0.1412340540583344
3 0.454376296780437 0.24965754889197295 0.065500631037097 0.10348861436318471
1 0.9685487938774433 0.37711284485707963 0.04226170783841639 0.056486349336070066
3 0.061928035497665915 0.46680115973911623 0.12385607099533183 0.3195226805217676
1 0.9416847655059133 0.44132079060235363 0.06588106426490725 0.06287270472226432
0 0.3004760584589195 0.19665578962039493 0.06164820533113406 0.07847043364502548