1 0.09525261928798998 0.8178363364451636 0.1174618962002413 0.24557732710967278
1 0.1577039523955338 0.6666090271923982 0.10777263568479171 0.17984323295387128
1 0.6142659701470726 0.918251978899977 0.1512836182719372 0.14625916558343127
1 0.43290310549318 0.8744997991097909 0.13720118611433313 0.2349943831160271
1 0.20214110639769117 0.9027686696439163 0.1757037641334942 0.16541826866768652
1 0.4442146624814421 0.6725554695644862 0.11599457146044045 0.18779210064862326
1 0.6047161504956545 0.7807928892084025 0.12487160447712711 0.20824096834337488
1 0.22438908412359662 0.5215635340922572 0.11336753844375372 0.16745232710967278
1 0.2754071087725404 0.7490066956184986 0.1544705732694628 0.236856892044481
1 0.12315637550802641 0.3356590361208521 0.08139384215265535 0.09352390340856669
1 0.0420159181356516 0.3988505572241704 0.04274077792830412 0.1006545649348082
1 0.6875154466297826 0.2867098782513538 0.07547139077317447 0.09966480925276536
2 0.3531404466297826 0.29254641558672656 0.06634205223856356 0.10418866801906326
2 0.15623779115728714 0.23577208441656872 0.05253185775648759 0.07897047970746059
1 0.8011828782215599 0.39654675406378037 0.08517393939369348 0.10607845048646736