1 0.703531606700591 0.20893008353671805 0.03833906203449331 0.05323631596343468
2 0.7649763748975561 0.23449731782095232 0.04502570967712849 0.06290241439185813
1 0.05788946691583875 0.5367594454091048 0.1157789338316775 0.20789389081820958
1 0.7137927105056979 0.27439241769711786 0.04978598428423435 0.06468323821317572
1 0.8542379280407092 0.25118185772953916 0.04458906203449331 0.05352741439185813
2 0.383525051904808 0.5236452851510759 0.11898124813797324 0.21134422249741008
1 0.3293341656347124 0.4263849873846062 0.11109166542531543 0.1423758986760925
1 0.7864639230783105 0.32788559883819896 0.06130568114108108 0.07769266046291676
1 0.6967271809361935 0.35502383353671807 0.06970037799792798 0.09055653349844608
1 0.8501625500427812 0.3386818577295392 0.060796258891340216 0.06675516046291677
2 0.4576154851128038 0.2608948821317572 0.07042812406898662 0.10618153349844608
1 0.7001517797789015 0.5000281184829062 0.0896147717116218 0.11642982878371626
1 0.8098349948327135 0.5153149782838691 0.11472608767505647 0.1534589478903042
2 0.9152331242783835 0.48812323965640864 0.10149834160399784 0.1372517510334573
2 0.5845632828792734 0.2080867133966729 0.046952082712657627 0.070787688998964
2 0.43823624648534326 0.15586062572161644 0.04346320967712849 0.06282963978475231
1 0.8444195866461083 0.9106187462759465 0.13199067038771445 0.17876250744810704
1 0.9577331474377473 0.43294774213760795 0.05324062406898662 0.10538101282028159