1 0.16559184006264768 0.61640625 0.14576244404836297 0.1765625
2 0.30428461553118374 0.55 0.12934783386094856 0.203125
1 0.5948902658351176 0.1734375 0.055489133544379496 0.08125
1 0.422370688967291 0.68828125 0.1796038981258558 0.265625
1 0.17073266646825586 0.4171875 0.09031877461060622 0.096875
1 0.7515123388755135 0.159375 0.06339256175762475 0.084375
2 0.6662748355103012 0.34453125 0.09954066191590946 0.1453125
1 0.2691892353520166 0.28359375 0.05856866943775678 0.0796875
1 0.8758424006331383 0.24375 0.09697795157021041 0.1109375
1 0.33097016983346816 0.23203125 0.050574313011266005 0.0734375
1 0.8853788735152495 0.16875 0.0825062746106063 0.096875
1 0.4427200120741939 0.20625 0.06022209765100204 0.0828125
1 0.8195208221159591 0.6171875 0.16716608260730723 0.2140625
1 0.39291022868809905 0.1859375 0.04717652837152997 0.0640625
1 0.9485752069804867 0.53671875 0.10284958603902652 0.1953125