1 0.84140625 0.26640625 0.05078125 0.04296875
1 0.55625 0.91640625 0.10546875 0.16640625
1 0.3984375 0.928125 0.115625 0.14375
1 0.20625 0.93046875 0.13359375 0.1390625
1 0.55390625 0.73515625 0.08203125 0.16328125
1 0.41796875 0.740625 0.08359375 0.16640625
1 0.26953125 0.7890625 0.11015625 0.18515625
1 0.11328125 0.8296875 0.12109375 0.18671875
1 0.44765625 0.5796875 0.07421875 0.15
1 0.32578125 0.63515625 0.08125 0.13359375
1 0.1890625 0.66015625 0.1 0.178125
1 0.35546875 0.55 0.06953125 0.1109375
1 0.26171875 0.55390625 0.07421875 0.109375
1 0.3703125 0.4859375 0.05859375 0.08671875
1 0.30078125 0.4765625 0.06171875 0.0890625
1 0.39765625 0.4359375 0.04921875 0.07421875
1 0.32109375 0.4296875 0.04765625 0.0703125
1 0.39453125 0.38984375 0.040625 0.0609375
1 0.33359375 0.39140625 0.040625 0.06875
1 0.35625 0.36015625 0.03515625 0.0609375
1 0.37421875 0.3296875 0.034375 0.059375
3 0.4171875 0.31796875 0.065625 0.13671875
3 0.121875 0.53515625 0.24140625 0.33359375
3 0.24453125 0.38359375 0.1 0.16640625
3 0.2953125 0.3203125 0.08203125 0.1296875
3 0.3484375 0.26796875 0.084375 0.1203125
3 0.4265625 0.259375 0.04765625 0.08359375
1 0.95078125 0.30703125 0.04140625 0.0515625
1 0.91640625 0.340625 0.04453125 0.05390625
0 0.32734375 0.234375 0.065625 0.0703125