1 0.5827857753421359 0.09534671528583256 0.03499316534054522 0.05492651741285455
1 0.6074226960136813 0.13255346619034372 0.04131589067472703 0.06150406603337357
1 0.5416886080124085 0.11973920567489413 0.038136346674090583 0.05665279172311406
1 0.6627550860120903 0.12374171019744992 0.044477253341817756 0.06479284034363308
1 0.6298704080203626 0.18291863636216027 0.058848836012090365 0.09209232473980081
1 0.5741749386934988 0.22762694877748918 0.07143974267981754 0.10055992198083885
1 0.729470966024817 0.22093097071289947 0.07300224267981754 0.10064180913596861
1 0.6123027420432707 0.35064504692303833 0.09217041335136286 0.1375619549975257
1 0.7442067227084526 0.3466270115315024 0.09847495735199914 0.14257700361804454
1 0.8940452800763602 0.609011904113699 0.1857578760343621 0.26270579715018094
1 0.9575505126909534 0.5047614953618433 0.08489897461809334 0.19841756784239592
1 0.2854760653644076 0.24372782507848506 0.06658861067790856 0.08625176051544958
1 0.19885095874440553 0.5827283700809595 0.1459499413589988 0.1965961182719372
2 0.35516240404199806 0.32779960990419416 0.08615677068745357 0.15754690637700666
1 0.46291291140195145 0.5294207428754524 0.11460903469127146 0.18714587516934209
1 0.3402630153564535 0.1880410690855913 0.06953179734245411 0.0707905348257091
1 0.47511073002863496 0.23570836442674997 0.057268154678545 0.09044793758467104
1 0.410166435351681 0.15656974106643012 0.04135225334181776 0.06462906603337353
1 0.4685238280155902 0.1393280093837958 0.04456816000954511 0.07260534034363308
1 0.46654315734404495 0.10330862222866606 0.03486589600572696 0.04398901741285455