1 0.06371343982522085 0.5230263231179739 0.1009667695960413 0.14457235376405214
2 0.13355354453585194 0.8533876437644897 0.18483696740532793 0.29156937056996635
1 0.6137395542357774 0.1251698714841873 0.0407446719450391 0.05940417490485981
1 0.38445080331134057 0.7665110903809984 0.15364915188677947 0.23879719764227297
1 0.6732509465556454 0.12743802562880044 0.0438696719450391 0.059531508897248564
1 0.41682040478977334 0.34672783098945825 0.08525084138279589 0.14081068380210837
1 0.7461465404457238 0.24022984429815003 0.06509145407749273 0.09160917984777565
1 0.2817059557268455 0.2192633586697871 0.050346992478152684 0.06759867688202617
1 0.6622860174844702 0.28823094559074436 0.06531877461060631 0.09942167984777565
1 0.42233931591425994 0.18693899551419466 0.04754024122451135 0.07840884288963737
1 0.8355607299417404 0.14116099152268094 0.05512542069139812 0.0709146778706093
1 0.8542772891920827 0.24677432156073698 0.07129598997087001 0.09030134783255317
1 0.9053924744649569 0.498116645667294 0.1263759465556454 0.15965352570316255
1 0.9342315621533362 0.19893238775862865 0.07956313103709718 0.10624468281352514
1 0.8267315800335178 0.6710540799636939 0.15742736975432586 0.2077381986308559
1 0.4943075926364372 0.10657106319496108 0.03247753087881229 0.04346083992388783