1 0.28577040366347317 0.023337976805476446 0.03716580732694634 0.024901840912471006
1 0.22861300090451114 0.03348229794628396 0.03962906603337348 0.0421530079086654
2 0.6014561951594446 0.4984931215957305 0.17182184757972224 0.24399403361182798
1 0.2982382626631562 0.3504907258168933 0.10844102103089917 0.13538835475263547
1 0.17585865162730824 0.39539736612134196 0.11550989258219664 0.15126802273741297
1 0.3405774123699004 0.042721988174182955 0.04480788896415202 0.051719008897248564
1 0.3374877911572872 0.25152398520843344 0.09158771370395283 0.11131418479069151
1 0.2157422659425165 0.2192778765014653 0.08024077792830413 0.10305601581733086
1 0.3274499706013579 0.08974156821223904 0.05113977611928178 0.053536176882026124
1 0.37083147840327396 0.08449299410568199 0.057881099050060315 0.0631658448668037
1 0.4783573733603198 0.083417266843095 0.05286605042954129 0.05672484387822054
1 0.07098196460846404 0.13464159684397006 0.055493083446228095 0.07710101087441493
1 0.4921476356847917 0.19779810182406696 0.08822369629109836 0.07687551779449713
1 0.7259294934412793 0.28528215026464254 0.12218261646291495 0.10008752471457942
1 0.08111388116223595 0.06021459980971957 0.04332727611928182 0.053217841901054184
1 0.7605744883528966 0.3662111566904332 0.11477955223856355 0.10758168973360735
1 0.06426389586155704 0.02132851334587286 0.03165279172311406 0.038709672927693436