1 0.48046875 0.1359375 0.02890625 0.078125
2 0.6109375 0.3515625 0.06796875 0.121875
1 0.58828125 0.20546875 0.046875 0.07578125
1 0.86953125 0.7015625 0.1625 0.29296875
1 0.7234375 0.32578125 0.08671875 0.15546875
1 0.740625 0.0734375 0.03671875 0.0484375
1 0.571875 0.15390625 0.03828125 0.05546875
1 0.56328125 0.1046875 0.03046875 0.05390625
1 0.60390625 0.0765625 0.02890625 0.04453125
2 0.48515625 0.1453125 0.06796875 0.071875
1 0.55703125 0.04609375 0.02734375 0.03671875
1 0.95 0.459375 0.1 0.1515625
3 0.47109375 0.35625 0.13046875 0.36875