1 0.41171875 0.4984375 0.04765625 0.06640625
1 0.46171875 0.49296875 0.05078125 0.06875
1 0.35546875 0.55390625 0.05 0.07421875
1 0.4296875 0.6140625 0.06953125 0.09453125
3 0.4359375 0.7 0.16640625 0.33671875
3 0.53671875 0.5484375 0.10234375 0.21484375
1 0.76796875 0.91640625 0.13828125 0.16640625
1 0.5890625 0.5046875 0.04140625 0.0609375
1 0.61171875 0.4796875 0.046875 0.0609375
1 0.3359375 0.48515625 0.075 0.05546875
1 0.65234375 0.61953125 0.06015625 0.10546875
1 0.56171875 0.48046875 0.05625 0.0609375
1 0.65546875 0.4484375 0.040625 0.0515625
3 0.61875 0.41328125 0.07109375 0.09609375
1 0.68828125 0.4140625 0.034375 0.05390625