2 0.19702899399268214 0.05160631130650123 0.03657384667409058 0.05510567067154522
1 0.17257388665659137 0.07220062197645563 0.034793170671545234 0.03633748933799978
1 0.2877085379933185 0.045864293960865436 0.03324885200509069 0.03788180800445434
1 0.5635865012730937 0.4371319945894581 0.1362294960216353 0.16093859468490823
2 0.2786693453214551 0.08424554129536539 0.04287839067472685 0.059865896005727004
1 0.2984278619907731 0.06448702462604732 0.0348840773392725 0.04414998933799978
1 0.34318583131763714 0.11161601595322942 0.04756589067472685 0.05992044000636332
1 0.26352560331795527 0.11019951396404712 0.03962612133990877 0.04889203333863614
1 0.30973315324636763 0.6369341892902747 0.15401698002863506 0.21270108935390813
1 0.07733246996341078 0.2685949113224096 0.06658861067790858 0.08357611600890866
1 0.25588473130172873 0.22980348929822889 0.06190111067790856 0.0835215720082723
1 0.4427222073122282 0.15029616060632095 0.06635225334181775 0.06326361600890866
1 0.5062125426480009 0.13159106659773046 0.06791475334181776 0.06328179734245412
1 0.5272330199713651 0.20477402792809424 0.08363066000954511 0.07127611067790855
1 0.5922307639640472 0.2579166619191855 0.09778406667727228 0.07925224267981754
1 0.0780239079805918 0.1420415019891823 0.04438634667409058 0.05519657733927241
2 0.01185456265913671 0.14204204933163644 0.02370912531827342 0.06279090133672711
2 0.7592733606381377 0.20129284989659565 0.1186420066836357 0.12636360001590835
1 0.9285500719685015 0.22119517520691492 0.10908519334818116 0.11062951201463563
1 0.030068213319546087 0.1011988733290911 0.028597714672181564 0.04095226400381802