1 0.38410840315602995 0.07756701632688681 0.04897601087441483 0.05319941106992567
1 0.7138225587091558 0.9176166082521859 0.2966388725471326 0.16476678349562804
1 0.47531308741524886 0.3929142525318887 0.12785969764227278 0.1511309687818067
1 0.47716072479112903 0.136364152169069 0.061921679847775656 0.06457342068857255
2 0.613673886350116 0.16538450797418433 0.08825868676785795 0.09825893992586625
1 0.1895811758562619 0.35868306315417675 0.11048119665368965 0.1458432680561673
1 0.4940325484033945 0.1831126665970393 0.09100168479069151 0.08899306733052796
1 0.6751061348672411 0.17457102421625315 0.07499468281352506 0.07907243030721936
1 0.3089890449433534 0.1930803997219983 0.08038251977166348 0.09642362141421197
1 0.6029035296203142 0.27610375316486097 0.10544618676785796 0.09885914065150558
1 0.17862772429683743 0.12828623502387554 0.05449118182494202 0.07367560217691826
1 0.7537192717116488 0.31892371414211934 0.12158052273741297 0.11190477767481415
1 0.8115781926621759 0.3006027892771956 0.1133860207602467 0.10225695916315987
1 0.8755597796203141 0.2856251192215953 0.0990688527754692 0.09551588584218215