1 0.6728118860200445 0.1437519407753042 0.07131247334499946 0.08634656615858276
2 0.5736567706874536 0.14979792857685992 0.07163973734881743 0.11447156615858281
1 0.7270823100334075 0.2418803685665972 0.10797722668681722 0.14905564441741398
1 0.71125895739177 0.42635990769601284 0.13177835335772628 0.18044199980360814
1 0.9379379940324529 0.6023719200908488 0.1241240119350941 0.26012949980360833
1 0.34083901141785977 0.6207154583365015 0.16684424403245304 0.24001698770335977
1 0.5255065547819493 0.8462189315037261 0.2066339973742707 0.3027442466803503
1 0.3251760067234065 0.4161052263886784 0.11900563335454448 0.15693177693097127
1 0.47947151336727123 0.2472274404807166 0.07469201201463563 0.10823974687674198
1 0.3922164140276806 0.20163820540963537 0.06826019867918127 0.09257838544042354
2 0.47293006468808996 0.15507175673749526 0.07167610001590834 0.1175965661585828
1 0.3587766580203627 0.14792285295030733 0.05397952267663584 0.07374657220870703
1 0.3768903113462721 0.09312626864135194 0.047547709341181486 0.058085210772388506
2 0.4696136133434086 0.07149164227611468 0.044549978675999566 0.06900453005422928
1 0.43956248667249975 0.04041435909862742 0.033357940006363405 0.047065897540671975
1 0.3942863493395906 0.04380297951193633 0.036519302673454136 0.05020907825883121