3 0.121875 0.91484375 0.24140625 0.1703125
0 0.4375 0.6359375 0.096875 0.31484375
1 0.47890625 0.41875 0.05234375 0.08671875
1 0.50234375 0.3484375 0.04453125 0.071875
1 0.91640625 0.31171875 0.05 0.059375
1 0.66015625 0.32578125 0.053125 0.06484375
1 0.86640625 0.3984375 0.06328125 0.071875
1 0.24765625 0.3140625 0.05390625 0.06328125
1 0.9640625 0.378125 0.071875 0.06328125
1 0.83359375 0.66796875 0.1125 0.13671875
3 0.9296875 0.53046875 0.140625 0.309375
1 0.24140625 0.26171875 0.0375 0.05390625