1 0.80703125 0.875 0.25234375 0.25
1 0.34921875 0.065625 0.03359375 0.04296875
1 0.26796875 0.084375 0.04140625 0.04609375
1 0.20859375 0.44375 0.08984375 0.13359375
1 0.40390625 0.34296875 0.10703125 0.12421875
1 0.2171875 0.2703125 0.07265625 0.09453125
1 0.2484375 0.19609375 0.05859375 0.0703125
1 0.06875 0.19375 0.04765625 0.071875
1 0.50859375 0.17421875 0.06484375 0.078125
1 0.171875 0.89296875 0.159375 0.2140625
1 0.12578125 0.09609375 0.03671875 0.04609375
1 0.01484375 0.2796875 0.028125 0.1015625