1 0.3103670163859845 0.8663688468019872 0.18691104547482595 0.21666130093507655
1 0.10268185037837325 0.8707028645595765 0.1395320266917457 0.12734427088084707
1 0.2394656314815622 0.6221921208060923 0.14370487353571573 0.1914158612399266
1 0.14096978167184263 0.544621632709949 0.13637253460041113 0.16481699980360814
1 0.29356690517037737 0.33899782572474846 0.0696360207602467 0.09881929508134393
3 0.3641977401513493 0.34640125956616563 0.17632105536065773 0.2634635780624395
3 0.21857222235685217 0.26285348224241084 0.2321545612921568 0.29190674063022615
3 0.42576529844057553 0.22726491930528187 0.1166330375661607 0.1787613251355733
0 0.49134653608328593 0.1682757386853185 0.06552152372599629 0.11285452400410509
1 0.36028487847863166 0.21201716920708602 0.05748884783255317 0.06906816256778665
1 0.4848909476422728 0.14408880494209714 0.03953734387822046 0.05021816861791084