2 0.7110981275836432 0.27088427398342413 0.050222631926869356 0.07405823821317573
2 0.1336796805173994 0.7779859129441161 0.2121962088485589 0.3715968258882322
1 0.8409140601724665 0.29641942906965735 0.04324488585581108 0.058142139784752266
1 0.22010721629215704 0.4912372377988909 0.12617300992479752 0.16490587014004526
1 0.2738207595105127 0.3222368347795723 0.07431510339082212 0.08921235731976358
1 0.73654985359571 0.5160704954473768 0.0818022717116218 0.11606595574818712
1 0.8972391046291672 0.6186604561579625 0.10284251778268043 0.13263702564056318
1 0.9540197779146201 0.5208265777457498 0.09196044417075981 0.11047092721213972
1 0.981115221049668 0.4304948302269492 0.037769557900664094 0.11341183664159918
1 0.5074658593866782 0.2840070504525568 0.0500770827126578 0.07093323821317572
1 0.5698395808506309 0.30094414743323816 0.05639985731976367 0.07278683664159917
1 0.7941848409803162 0.8664365225356819 0.16175094499481996 0.2258091368892682
1 0.9613060285315381 0.9510275765074047 0.0767894400324213 0.09794484698519064
1 0.46058655128112636 0.2147818614535928 0.04175516046291676 0.059631865177646404