1 0.4890625 0.125 0.04375 0.05390625
1 0.64609375 0.609375 0.12734375 0.2390625
1 0.53671875 0.390625 0.06796875 0.13125
1 0.67734375 0.0640625 0.02578125 0.04296875
2 0.7296875 0.31953125 0.09921875 0.18359375
1 0.66484375 0.07421875 0.02890625 0.04296875
1 0.73359375 0.08125 0.034375 0.04296875
1 0.59296875 0.1515625 0.03828125 0.059375
1 0.7265625 0.13125 0.04140625 0.05
1 0.80546875 0.165625 0.05390625 0.06640625
1 0.52109375 0.17109375 0.05859375 0.06328125
1 0.56640625 0.0609375 0.015625 0.0390625
1 0.95 0.44375 0.1 0.12578125