1 0.371875 0.61171875 0.07421875 0.12578125
1 0.55703125 0.3265625 0.02578125 0.040625
2 0.39375 0.46640625 0.05546875 0.12421875
1 0.51796875 0.69453125 0.08671875 0.1484375
1 0.49296875 0.48359375 0.053125 0.08515625
1 0.47265625 0.39140625 0.03828125 0.05546875
1 0.40078125 0.40625 0.03203125 0.0515625
1 0.40625 0.36875 0.03203125 0.04609375
1 0.46484375 0.33515625 0.02578125 0.04296875
1 0.6453125 0.58203125 0.07734375 0.10546875
1 0.41640625 0.3296875 0.02578125 0.04296875
1 0.45703125 0.3203125 0.02265625 0.03671875