1 0.803125 0.16953125 0.03359375 0.05546875
1 0.72265625 0.10859375 0.025 0.0390625
1 0.75859375 0.184375 0.04140625 0.05390625
1 0.64609375 0.77421875 0.13359375 0.26328125
1 0.56640625 0.47890625 0.08828125 0.1484375
1 0.54921875 0.35546875 0.059375 0.10390625
1 0.596875 0.2515625 0.04296875 0.07578125
1 0.5859375 0.209375 0.03828125 0.06484375
1 0.9421875 0.27890625 0.06015625 0.08125
1 0.59609375 0.13984375 0.03046875 0.04453125
3 0.77734375 0.11328125 0.059375 0.1
3 0.88515625 0.16328125 0.11015625 0.18359375