1 0.36640625 0.66640625 0.07890625 0.11484375
1 0.42109375 0.61171875 0.0625 0.1
1 0.41328125 0.4796875 0.05078125 0.059375
1 0.46171875 0.47421875 0.05390625 0.07421875
1 0.35703125 0.53828125 0.04609375 0.078125
1 0.509375 0.68984375 0.06640625 0.12578125
3 0.68359375 0.69453125 0.16484375 0.3890625
1 0.628125 0.55625 0.05234375 0.09453125
1 0.6015625 0.5046875 0.04375 0.08125
1 0.5109375 0.51953125 0.05390625 0.07578125
1 0.62890625 0.4453125 0.03828125 0.0515625
1 0.66484375 0.46328125 0.04296875 0.0609375
3 0.5890625 0.40625 0.07421875 0.10703125
1 0.67421875 0.409375 0.03203125 0.05390625