1 0.8780951295972784 0.816795173456358 0.18654765752654648 0.2879919906906352
1 0.280302503458561 0.5675533160407255 0.16703376569391465 0.26589881468808996
1 0.39249745781239753 0.46569191872213384 0.11623017912609299 0.15285337468172652
1 0.45484617958942913 0.38122655939686073 0.11239585099579194 0.1325045120146357
1 0.07549595237010193 0.5909619020130449 0.11625002649368785 0.19814769334818116
1 0.512693429041275 0.17947370273708768 0.06613592068857255 0.06012043467536321
1 0.5974230931064255 0.1702992447485417 0.07443949400955034 0.07427384134309048
1 0.49902030944116155 0.21292200206872414 0.07740080290255769 0.06962270401018138
1 0.20660463094804077 0.23843743336249865 0.06566469473518968 0.09135225334181776
1 0.09219739056668762 0.22460110534690844 0.05757937622353537 0.08344884667409058
1 0.7590823010036412 0.30817305677113155 0.11448414065150558 0.10285337468172662
1 0.15800592904127503 0.1753465400222717 0.0540724303072194 0.07247498400699967
1 0.867331310622288 0.29692756878576726 0.1241865228654909 0.11233746268299924
1 0.8871204770496913 0.4464372201224943 0.157380968781807 0.12365677068745366
2 0.21419393085537353 0.13301413669636225 0.04480655771188111 0.075490896005727