1 0.7160693744871178 0.19578661856659718 0.03653967787060921 0.053324987899751576
2 0.6676982000765497 0.2327780793389857 0.058762187756441084 0.10031816256778665
1 0.7313468646012862 0.2425616246167214 0.044797846843970035 0.06430793969514967
1 0.7806266230042431 0.20244061866479304 0.04259867688202608 0.048673849336070066
1 0.2058932894689649 0.6017841720357564 0.129196704562355 0.1803965480082102
1 0.37720721536240787 0.5570478680756178 0.1062393656270503 0.15370678298109547
1 0.12715547722540593 0.5022659610669761 0.11966519566510643 0.1381635962128122
1 0.29165301182581704 0.3372853347999347 0.08513368676785796 0.09578519867214012
1 0.7738633339552077 0.38759232348525324 0.07588602076024671 0.09885565651766245
1 0.44343302912602256 0.25439050068737107 0.058252851786885884 0.08781816256778666
1 0.4059622040308824 0.2155552596643615 0.0446068458553869 0.05962043969514967
1 0.5220036980993833 0.2429984827333902 0.04954901384016441 0.06589771077238851
1 0.892584159050348 0.42595486583612263 0.08545202174883001 0.10359769867214012
1 0.7107970122829276 0.7277224197962612 0.14434154349765968 0.2070408612399266
1 0.9528160049057348 0.3662435225501768 0.06724584980971962 0.07849770472226432
1 0.487513292966187 0.1885246061717612 0.036667011862997964 0.05644998789975162
1 0.9013583452867333 0.7281758959885478 0.1184502055509384 0.1850204154946528