1 0.043621451614357806 0.7381615780549609 0.08724290322871561 0.2643018438900784
1 0.1107895651393744 0.6029849445105814 0.12733740363849116 0.18783027210332365
1 0.4999225698968853 0.9084199729486183 0.1711216368892682 0.1563362311953817
1 0.33088577957401377 0.8524835246771133 0.16654976095825474 0.25918844655564544
1 0.0992400010357119 0.8483883727238268 0.1984800020714238 0.20255801332783535
1 0.3920181404084341 0.6455144591585648 0.14027405128112633 0.1975689849563052
1 0.5241499361079891 0.7735221357224574 0.15252149420903188 0.22601223370266404
1 0.21161581865403106 0.4650781160599092 0.13300520678164435 0.17551212852981452
2 0.04664057868127241 0.31001384600164944 0.09328115736254482 0.16982441818411553
1 0.25682765715765704 0.6166800684880493 0.16160539578060834 0.22003501834239997
1 0.18306924938082747 0.2404334687254762 0.08383565260503385 0.09138116943775679
0 0.9166586912752756 0.28618464245288205 0.06337760339082195 0.0876651360516619
1 0.27805857175440296 0.17759483643473803 0.06086903349844608 0.06730717194503918