1 0.64921875 0.21484375 0.03359375 0.05546875
1 0.734375 0.1765625 0.03359375 0.04296875
1 0.71953125 0.24453125 0.040625 0.0609375
1 0.64609375 0.2703125 0.040625 0.0609375
1 0.18359375 0.5046875 0.09765625 0.15703125
1 0.809375 0.18515625 0.03828125 0.0515625
1 0.790625 0.25078125 0.04453125 0.0609375
1 0.671875 0.36015625 0.05234375 0.08125
1 0.77421875 0.34296875 0.05859375 0.078125
1 0.41484375 0.31328125 0.04921875 0.07421875
1 0.26484375 0.296875 0.046875 0.078125
1 0.38671875 0.240625 0.040625 0.06328125
1 0.50546875 0.26875 0.04140625 0.06875
1 0.87265625 0.26484375 0.04765625 0.06328125
1 0.7234375 0.5203125 0.078125 0.11640625
1 0.3359375 0.21875 0.0375 0.05390625
1 0.4578125 0.21328125 0.03359375 0.05546875
2 0.92890625 0.67109375 0.11171875 0.1984375