1 0.6134890351510759 0.38280595794803407 0.09426803846084475 0.1488778517868859
1 0.13025496587787228 0.6287059787454617 0.1755223465663966 0.2192487015966055
1 0.6935167136060698 0.019793928574865643 0.030162688998963995 0.03958785714973129
1 0.733324076302517 0.017858049620532945 0.034704639784752266 0.03571609924106589
1 0.5717766083532209 0.14264121437382465 0.05036818114108108 0.07691000988583174
1 0.6645933469806813 0.0347557771116752 0.03663101282028158 0.04983817391627661
1 0.7418279350700226 0.029260510800052826 0.03128854135632899 0.03558467292769344
1 0.7399593740689866 0.0731696782905388 0.04829625889134022 0.06590884288963736
1 0.5834161215877872 0.03962896091378356 0.03030823821317572 0.04802100593149905
1 0.5305800659634347 0.017197487129828208 0.025256865177646404 0.034394974259656416
1 0.5262029350700226 0.03804655627487885 0.028381865177646404 0.04014483893530465
1 0.859950850495338 0.16220832057215384 0.07907537799792799 0.09055601581733078
1 0.8983648411897132 0.24752639665587722 0.10782111621110388 0.13851335475263546