1 0.6992895918139711 0.16158998227986493 0.04480788896415202 0.051719008897248564
1 0.678035389529979 0.17873106132933786 0.04505355042954129 0.05640650889724856
1 0.24469510854945709 0.5595792243340185 0.16574226594251656 0.21724053262324466
2 0.5204375734966054 0.2130211952079959 0.06741322930778519 0.09629667984777565
1 0.6380057745374021 0.4495555558921304 0.11534611827193722 0.14814302273741298
1 0.6101718651081778 0.8312684709111584 0.22872030076822564 0.28840987847863175
1 0.5344801413390012 0.12434069718516225 0.02564845318850324 0.04314250494291585
1 0.5853809000454285 0.1091905410633828 0.03025406603337366 0.04177100593149907
3 0.8880766163513734 0.5928412767661078 0.18666999886834645 0.4083112015966055
3 0.7867863540269013 0.6826466512160446 0.3908882666198849 0.6347066975679108
3 0.48723997116718476 0.1443375207974277 0.10128361827193721 0.14757001977166348