1 0.6254945754739474 0.33191038943958284 0.08954199710451576 0.11290134992375007
1 0.8004646503287223 0.42794632200090216 0.11614303846084476 0.147858231382639
1 0.6967617615774273 0.48510681820118 0.13413105913900908 0.16544577488562506
1 0.7874829991714305 0.28356054236562434 0.0888142510334573 0.09727634992375007
1 0.8726628279551468 0.36604442762423545 0.11697779238978612 0.13226959897381949
1 0.21598479652361538 0.5064642862847915 0.12907968610347983 0.15752417211208342
1 0.3371084716688405 0.40353669519475666 0.1064769400324213 0.14139002583555554
1 0.26768638357949925 0.4074988030022914 0.09422949710451585 0.11301045269729179
1 0.19588415818660515 0.41073421219659706 0.09935364474715103 0.12249455547083343
2 0.9706037142252424 0.7238186004019089 0.05879257154951532 0.32856271751493066
1 0.45786827377853634 0.29279660410472186 0.06955482878371626 0.08590243882958344
1 0.37282333974197107 0.33075250541524276 0.06799232878371626 0.08586607123840277