1 0.3885410488213197 0.29080347406924556 0.10418096656500006 0.11545516693047428
1 0.5292232130496185 0.43152306545204144 0.13136171561506949 0.14279055674305993
1 0.441683579406528 0.259559485747728 0.10846842306201392 0.09840405925034226
0 0.8593250210859029 0.7431101201500373 0.28134995782819416 0.5137797596999254
1 0.9468964498475001 0.42353133834678813 0.10620710030499972 0.12050637978345584
1 0.6277743882958339 0.674071929796091 0.19295513867708358 0.23983069279472174
3 0.8175895031341319 0.4291782816037282 0.3648209937317361 0.34983749326957536
1 0.7427557701359724 0.28081132627259414 0.08815592306201392 0.09781302586424748
1 0.620007947947639 0.23976512595602503 0.09429682028847228 0.09330738229073816
1 0.7811818372903128 0.2546041789381612 0.08470361474138884 0.08365959765100213
2 0.7874085339067716 0.911550231591093 0.2717334488975697 0.1768995368178139