1 0.19163734806649696 0.49525397868809906 0.14431471602481705 0.18694973370266404
1 0.4039918973981334 0.48893709718878364 0.16644425469445318 0.20946123119538154
1 0.1509107087046346 0.28398385807584337 0.09038973734881747 0.11665395407749282
1 0.32028741736949834 0.2756354636444043 0.13308631468808993 0.1616314849563052
1 0.16858691534054512 0.05801239146193822 0.037718176002545345 0.01984113855894436
1 0.2290158853437268 0.08320025956691143 0.06482611600890867 0.06748902837152992
1 0.018579466701134778 0.25436089106622684 0.032322698679181236 0.09309678213245362
1 0.4398897506763177 0.0838691639609734 0.07892497867599957 0.07102320533113407
1 0.43953576201463573 0.12056518190766205 0.08208634134309048 0.07423913354437942
1 0.43769199868713543 0.16346573574772805 0.08998974801081765 0.08227895407749282
1 0.5992192973424542 0.08460025283648687 0.08219542934436319 0.08361413354437941
1 0.6686147346833173 0.14206942352788485 0.113609061346272 0.09858591567683303
2 0.024510198679181243 0.09286946159934022 0.045912484006999675 0.05288095909205777