1 0.9299569908819443 0.16711334679340326 0.03713763050895835 0.051980670671545236
1 0.05857164694211788 0.4851113440085905 0.11714329388423576 0.16084768801718105
1 0.41372800636517326 0.3885118007240428 0.10603440729444458 0.12619996801399935
1 0.3920004363610414 0.2811987400540884 0.08310474715020835 0.0806329293443631
1 0.7729231280404164 0.29969748543917696 0.0692604526972918 0.08984429734245411
1 0.4435824265773956 0.21381179272754264 0.06555357123840296 0.06480793467536321
1 0.5253227358479512 0.22726631273867853 0.06402743882958326 0.06635225334181775
1 0.6318279621965971 0.18396230275299602 0.052835365691319504 0.055287484006999676
1 0.5874058149701387 0.17875663474695086 0.054397865691319505 0.05530566534054513
1 0.4646865218484023 0.6165100787316788 0.15723453780340294 0.17834427068745348
1 0.7881772668144091 0.6851355461091313 0.13975740349472243 0.23281359468490823
1 0.47847169244187426 0.8600669853596351 0.22849390159486127 0.27986602928072984