1 0.6681315292871005 0.7602378724118475 0.16876544662978255 0.3055694114963739
1 0.7791176119403591 0.062132166249375766 0.034614017412854636 0.03590326674922299
1 0.6340076713034704 0.4101436730738013 0.10152927973732648 0.15280397642635143
1 0.8160001362506186 0.06071736951636342 0.03247830732694616 0.024892992142117154
1 0.801613409656367 0.08119253535596363 0.03863977611928178 0.05323631596343472
2 0.6411285317734914 0.2593260357702484 0.06403592378986112 0.12144266046291667
1 0.824027320217245 0.10181540446255148 0.04192855042954165 0.0565068651776464
1 0.6471538817280628 0.17424256037735425 0.05015048620519025 0.06468323821317572
1 0.8746038523294206 0.10808682919349186 0.04809666327441171 0.05523546360606986
1 0.7672041101313367 0.11013301860674063 0.04529921189493056 0.06133991439185813
1 0.5637072959069855 0.09282343237942624 0.03576043758467105 0.05777826674922302
2 0.6278107394845505 0.09502594127076638 0.04463747060135788 0.07845463978475228
1 0.7091968583223145 0.15598702005448267 0.05253185775648763 0.08038101282028158
2 0.8975633175037115 0.17807399751429145 0.07218261646291495 0.09844180810555185
1 0.5328556863414756 0.21825792596928545 0.07268058344622812 0.07820208271265772
1 0.6057243775441913 0.06815307216417853 0.02942855042954129 0.055924668320799564
1 0.9623893781100182 0.28603635483405504 0.055568326548823065 0.10857878742738744
1 0.6749247568974049 0.06276140487683626 0.03863977611928178 0.05323631596343472
3 0.4532689263918529 0.4816076424708394 0.21979011533126105 0.5058990512811263