1 0.7131639840574835 0.2277938785121881 0.05960737336031983 0.06537173328250008
2 0.19621666497189222 0.5544556831300002 0.18096447421940248 0.1774379350298613
2 0.17613878109612283 0.6838340586049654 0.2488690264579661 0.28201763867708357
1 0.7662546845324533 0.25953549420350763 0.06651247060135787 0.07801720364722228
1 0.8395793198785608 0.3081743223757646 0.06889384215265544 0.09367857123840287
2 0.7342843102676223 0.3471803113578479 0.09240658525525039 0.12543771751493066
1 0.3319505263464244 0.3824014580156253 0.09545634215265535 0.09429682028847228
1 0.9468418639765239 0.42565472273635496 0.0722512155129749 0.15774107123840295
1 0.5547472964728124 0.2804253031897227 0.06791119629109836 0.07492857123840277
1 0.6274146760531687 0.6998130424561463 0.18366675033868418 0.22900043502986128
1 0.45242132010570335 0.7254637398351046 0.20176165309764632 0.21693684612402803