1 0.45147095258518866 0.19101687572161644 0.06443918479069169 0.08877570967712844
2 0.6885888809872706 0.6519865707164364 0.16863057216657182 0.34939218610347994
1 0.6425429160447923 0.42137011744944886 0.09954369665368965 0.14655397642635143
1 0.538366116121342 0.18024850371954443 0.050122016805913994 0.08187073821317573
1 0.7770545899238879 0.06738259242805819 0.03653967787060939 0.05472604135632886
1 0.7189542243340185 0.3064043970189534 0.09779019566510634 0.14179370181924558
1 0.5567049392393159 0.1327570736119206 0.03867518083635879 0.06886131596343473
1 0.6307326882507327 0.13152636744944882 0.04792284684397004 0.06617296360606986
1 0.6686120316346615 0.18085643341288354 0.05506418479069168 0.08833906203449331
1 0.8167166092012597 0.16046265839149293 0.05461851581733086 0.0774015620344933
1 0.5437473414067625 0.06353403866573251 0.03322367688202625 0.049892992142117155
3 0.4490741003411922 0.4957942669541108 0.22381677376317716 0.5172731989237616