1 0.647766980028635 0.1921608239648327 0.04453179734245403 0.06846049498543509
1 0.24734245540258773 0.5031320455267958 0.1079408640197264 0.14840405925034225
1 0.7151544746976349 0.20739336738005743 0.04767497867599957 0.07011392319868044
2 0.34908731608049626 0.5830121106496329 0.1198237933640895 0.2299723079967011
1 0.8035988093570898 0.15167691330256458 0.03978975334181776 0.06363660266556703
1 0.6613669507081344 0.2863283611118512 0.058776110677908555 0.08449467194503928
1 0.7481766073758618 0.2916176031942924 0.06660679201145392 0.08628449247815259
1 0.3921629647119525 0.32229591950426373 0.07156701201463571 0.10985838479802065
1 0.24190787869986213 0.23757524168672978 0.06019316000954502 0.0720401360516619
1 0.8468231927116342 0.30672211447706355 0.07291133601209054 0.09115384890464337
1 0.6784106420671333 0.4749589520989358 0.10170904535327185 0.14978470282385156
2 0.3747925566915898 0.17275056057049054 0.04460452267663593 0.07471049498543506
1 0.9208146760423161 0.28503131941248616 0.07599997334499946 0.08811977711788872
1 0.8806731234086328 0.5292503323446099 0.12062267735518048 0.16439277210332381
1 0.501245968690317 0.15969296793405338 0.041334072008272216 0.0621195667721897