1 0.55078125 0.2671393952606732 0.0984375 0.1572958314853265
1 0.7765625 0.400082884949091 0.171875 0.26001057878390343
1 0.61640625 0.019681867389840905 0.0359375 0.03936373477968181
1 0.52890625 0.1481009689240791 0.065625 0.09288472099021768
1 0.61171875 0.15655894005547108 0.06875 0.10869173151356133
1 0.61015625 0.05508744531714295 0.0515625 0.06394067363517102
1 0.43671875 0.06831402936271819 0.034375 0.05043961575678069
1 0.48671875 0.07008936098921902 0.0421875 0.04933214206513992
1 0.75625 0.10126595335082507 0.071875 0.09012374203690507
1 0.865625 0.09177058503379562 0.1015625 0.11841534200867018
1 0.47890625 0.03616938729757826 0.03125 0.04244510523343699