1 0.24081271684934052 0.3115152586824029 0.10832295269729171 0.089680644417414
3 0.1045180730413547 0.630991445647078 0.1915797023160421 0.5119828912941561
1 0.26288969823197955 0.42100388817089807 0.0999298776591667 0.13181360226293642
1 0.39054191954663225 0.4014367976154268 0.07634690729444457 0.12542724687674198
1 0.42504681895729207 0.5414623547970191 0.11969817021222226 0.17567268657189175
1 0.3156477562682641 0.2377419362773041 0.06733427678548623 0.07381929508134392
1 0.3692624123284377 0.19196634884509073 0.048438806420763925 0.06746021077238855
1 0.6041296812301391 0.28160206234795376 0.056687717514930645 0.08625566256778665
1 0.43550500816812515 0.18532143910597448 0.042116071238402775 0.06429884933607007
1 0.45327308320625015 0.14324302341492992 0.033903527735416716 0.04706589754067201
1 0.7346231471295491 0.6190344055357038 0.13928462480937503 0.21171927088084708
1 0.4008747818194792 0.1405947463857627 0.030851262917777865 0.050172716822512745