1 0.6648768515392707 0.1430529854023937 0.035611498100139014 0.05432540145127884
1 0.06945067629305521 0.8972445330322918 0.13890135258611042 0.18051093393541642
1 0.7216535284010068 0.15199891026731746 0.038772865691319505 0.05599702885594056
1 0.6727971478920484 0.20522560318840855 0.04513196846486114 0.060902783665263985
1 0.743799978914097 0.20664920473235462 0.04687630642076392 0.06876984736759484
1 0.3603640041809718 0.515111556994091 0.09745949430041687 0.16264882213985138
1 0.16569054986815943 0.36032239719010956 0.08045252583555565 0.10272818511654283
1 0.8202533761405555 0.2086630833181427 0.048402438829583616 0.0672619110699257
1 0.6852042692829511 0.30939474801626543 0.06787979065319458 0.09916667549789597
2 0.3573897002287498 0.240438939208076 0.048947952697291706 0.0906994110699257
1 0.8776846696435415 0.18948400818306646 0.049964938829583264 0.06731647477225651
1 0.8274092998681594 0.33721466925299215 0.07758209897381967 0.11355655771188111
1 0.5076806409581943 0.22270082378431386 0.04858427678548623 0.0750744110699257
1 0.929965376521805 0.6263639600898323 0.10974259517409735 0.22084326805616747
1 0.7898267665300687 0.8451462203414511 0.16631990349472242 0.23687006134007832