1 0.87890625 0.73203125 0.20390625 0.2515625
1 0.2984375 0.53203125 0.134375 0.23359375
1 0.39296875 0.4359375 0.09609375 0.13359375
1 0.44296875 0.35859375 0.09375 0.11484375
1 0.115625 0.56171875 0.09296875 0.17421875
1 0.48203125 0.17421875 0.05625 0.0515625
1 0.55859375 0.16328125 0.0625 0.06328125
1 0.47265625 0.2046875 0.065625 0.059375
1 0.2109375 0.23984375 0.05390625 0.0796875
1 0.10703125 0.23203125 0.046875 0.071875
1 0.7125 0.2796875 0.096875 0.0890625
1 0.16328125 0.18515625 0.04375 0.06328125
1 0.80859375 0.26484375 0.10546875 0.09609375
1 0.8359375 0.3984375 0.13359375 0.10546875
2 0.21171875 0.1453125 0.03515625 0.06640625