1 0.6754837805538234 0.7953424824756038 0.16907945337363445 0.3055550384437538
1 0.47177971459263973 0.520255030530296 0.12429311736154425 0.21419969810012063
1 0.4826017726368651 0.19410528833221202 0.061882929344363194 0.08444359905006031
1 0.6595353479471843 0.3542604590698554 0.0976397106938169 0.20499511646291485
1 0.5561023599618199 0.2519343984635488 0.07801700668363551 0.12901247060135787
1 0.6631892486473646 0.10734451549229058 0.04456816000954511 0.07260534034363304
1 0.6183403726527733 0.06987549299105338 0.031849984006999676 0.05320024310259504
1 0.7628892566438646 0.12788498756398645 0.04771134134309048 0.07433161465389256
1 0.8161142539783647 0.1165070742895749 0.05085452267663584 0.07605788896415207
1 0.8718375426480008 0.0917250802824687 0.05079997867599957 0.07137038896415207
1 0.8152062819860006 0.060338961444704645 0.04127952800763594 0.05837906603337355
1 0.9745176473185916 0.05745522162146997 0.049219297342454026 0.0697260018090223
1 0.585990401973274 0.16604448609364844 0.05563292934436319 0.08411605042954129
2 0.6016704933163644 0.09339155811991579 0.03998974801081765 0.08173467887824379
1 0.8321552352800934 0.3483369284280179 0.10953972668681722 0.15408771370395283
3 0.5056585593173188 0.09139636816039551 0.1347942653564534 0.17727290818602892