1 0.8117875949411658 0.8091071329648359 0.22192271543677008 0.2411473465663967
2 0.3687977154367699 0.2145118403656528 0.14096719269935692 0.12976889081820958
1 0.5278053009120335 0.2172814677444083 0.07263368676785795 0.09851458271265771
2 0.4941704471479812 0.12178918527941955 0.056754018783080264 0.09153683664159917
1 0.5391500247145794 0.09229858436979677 0.05273768083635879 0.06951628742738744
1 0.8484560405319101 0.15303476137704872 0.09820668973360754 0.11374147642635143
1 0.7523702663116223 0.042448325892741376 0.05905134783255335 0.07136988585581087
1 0.6947951882507326 0.07017737365921103 0.057425180836358794 0.06973461124870502
1 0.6808454347906915 0.05438970781961082 0.05723417984777566 0.06504711124870502
1 0.6851681788591926 0.028394557900664086 0.04929434585538672 0.05678911580132817
1 0.6394245973382617 0.03675059760436311 0.04916701186299797 0.05843323821317572
1 0.6157987549429158 0.009573937346334166 0.0409725098858317 0.01914787469266833
2 0.6127838428896373 0.025362680212322342 0.04798651384016459 0.050725360424644685
1 0.5954690088972485 0.020612040944298703 0.04116351087441501 0.04122408188859741
1 0.8792550543720747 0.21734981844914328 0.11791169467652338 0.1380522717116217
1 0.5065311842964 0.06016032651191392 0.04116351087441501 0.053381865177646426
1 0.4548731838021084 0.06021813854640721 0.03953734387822046 0.05174659057054058
3 0.882055107718385 0.09673998945603 0.1422352154367701 0.19347997891206