1 0.44921875 0.2135509782353901 0.0203125 0.028243174668035033
1 0.47578125 0.21917426433974357 0.0203125 0.03136817466803503
1 0.4921875 0.23255096311007958 0.0296875 0.0361102168225127
2 0.51328125 0.2998611829576544 0.0421875 0.06274543969514967
1 0.48046875 0.45513903541698236 0.0796875 0.10983860831306061
1 0.44375 0.3377379119786114 0.046875 0.0643352107723885
1 0.38046875 0.2787760024358869 0.03125 0.0454943071815924
1 0.41171875 0.24380155961747926 0.025 0.03608294574527386
1 0.38203125 0.23972259279496652 0.025 0.03452044574527387
1 0.61796875 0.4239077370159888 0.078125 0.10201701795398091
1 0.40546875 0.2179839481811608 0.0203125 0.02668067466803503