1 0.1828125 0.72890625 0.140625 0.2203125
1 0.315625 0.7796875 0.14921875 0.25
1 0.71640625 0.23125 0.046875 0.06640625
1 0.6515625 0.20625 0.03828125 0.0609375
1 0.7515625 0.18359375 0.040625 0.0515625
1 0.65546875 0.27109375 0.046875 0.071875
2 0.18359375 0.490625 0.10859375 0.1796875
2 0.17890625 0.33828125 0.07734375 0.121875
1 0.2890625 0.32578125 0.06640625 0.08671875
1 0.77421875 0.27890625 0.05078125 0.07421875
1 0.45859375 0.3359375 0.05859375 0.1109375
1 0.80859375 0.23671875 0.05625 0.0796875
1 0.40390625 0.271875 0.04375 0.07421875
1 0.78203125 0.39140625 0.06953125 0.109375
1 0.8578125 0.2046875 0.046875 0.0609375
1 0.48984375 0.23515625 0.0375 0.06328125
2 0.7140625 0.4953125 0.08515625 0.16640625
1 0.33515625 0.19140625 0.0375 0.0515625
1 0.46015625 0.17890625 0.03125 0.05
1 0.95546875 0.44609375 0.08828125 0.11484375