1 0.5934069009729347 0.1800000794810635 0.043278441558013726 0.06397321996293312
2 0.14651349918263054 0.8300421640651505 0.22938313149117412 0.33991567186969895
1 0.687651778813956 0.16689493347208026 0.03988070616851012 0.04823909255827141
1 0.661716570209814 0.20190485053245572 0.04478639448011279 0.060902783665263985
1 0.44470021428288975 0.42777783665263963 0.08159664772652384 0.1121577488188736
1 0.6515893680984935 0.3374058409138089 0.06893300649282175 0.10234623920022674
1 0.796184847805954 0.3908632015282476 0.09612279788867965 0.1392113221398513
1 0.8018700117678275 0.26926102003990193 0.06383640340856686 0.07874504809323427
1 0.31640979869945846 0.2796354586150057 0.04492276217486459 0.06871528366526398
1 0.6956178319776415 0.44434781087674197 0.08178756249917622 0.1230952488188736
1 0.8733768189919979 0.25067720034712127 0.07014095048646744 0.08208830290255768
1 0.4748478157455871 0.18679073810391844 0.036782979707460584 0.0496924651536097
1 0.8098378392812421 0.6810070518910674 0.14737738068039513 0.2128323606144388
1 0.9486145752829488 0.4306400080590024 0.10277084943410238 0.13183533175849824
1 0.9620768547058128 0.7092015176776492 0.07584629058837429 0.1983135036281972