1 0.2875 0.41484375 0.07265625 0.1109375
3 0.05078125 0.64296875 0.1 0.43359375
1 0.18359375 0.73125 0.15234375 0.23125
1 0.31171875 0.2484375 0.05234375 0.078125
1 0.37578125 0.23359375 0.04375 0.071875
1 0.56171875 0.1640625 0.02890625 0.05
1 0.39453125 0.303125 0.05703125 0.0890625
1 0.475 0.25390625 0.04609375 0.06875
1 0.62265625 0.196875 0.03828125 0.0703125
1 0.40234375 0.20859375 0.034375 0.06328125
1 0.4828125 0.20859375 0.03515625 0.0609375
1 0.44140625 0.17421875 0.02890625 0.05390625
1 0.49140625 0.16484375 0.03046875 0.04609375