1 0.7453125 0.209375 0.03046875 0.0390625
1 0.55859375 0.9140625 0.10859375 0.171875
1 0.3953125 0.93984375 0.11171875 0.1203125
1 0.5515625 0.721875 0.08359375 0.16328125
1 0.4109375 0.771875 0.08828125 0.1703125
1 0.209375 0.92578125 0.13203125 0.1484375
1 0.44765625 0.56953125 0.075 0.140625
1 0.30546875 0.69296875 0.090625 0.159375
1 0.0765625 0.878125 0.153125 0.24375
1 0.34140625 0.5734375 0.07421875 0.11875
1 0.2328125 0.5984375 0.08125 0.121875
1 0.36640625 0.484375 0.05703125 0.09453125
1 0.28671875 0.4890625 0.06171875 0.09296875
1 0.39609375 0.428125 0.05 0.071875
1 0.32109375 0.41796875 0.04921875 0.078125
1 0.39609375 0.37421875 0.04375 0.06484375
1 0.33515625 0.3765625 0.040625 0.06640625
1 0.35859375 0.346875 0.03515625 0.05546875
1 0.37265625 0.31484375 0.03203125 0.05703125
3 0.4171875 0.30546875 0.06796875 0.13671875
3 0.07890625 0.66953125 0.15625 0.4109375
3 0.20390625 0.41796875 0.134375 0.20390625
3 0.28984375 0.30625 0.0875 0.1296875
3 0.34765625 0.25 0.0875 0.1203125
3 0.42734375 0.246875 0.05 0.08359375
1 0.94453125 0.315625 0.06875 0.0484375
0 0.41328125 0.22421875 0.084375 0.071875
1 0.9640625 0.5734375 0.071875 0.103125