1 0.62265625 0.184375 0.03046875 0.04609375
1 0.71796875 0.18125 0.02890625 0.04296875
1 0.69453125 0.21328125 0.03125 0.0484375
1 0.6515625 0.22578125 0.034375 0.05
1 0.76328125 0.2234375 0.03828125 0.05703125
1 0.63671875 0.2796875 0.04140625 0.06328125
1 0.7140625 0.25078125 0.03828125 0.059375
1 0.3390625 0.48828125 0.07421875 0.1109375
1 0.678125 0.4015625 0.05859375 0.0984375
1 0.81328125 0.45859375 0.078125 0.10390625
2 0.87421875 0.3765625 0.0625 0.1109375
1 0.89609375 0.28828125 0.053125 0.071875
1 0.76875 0.69140625 0.10859375 0.16484375
1 0.4125 0.19921875 0.03125 0.05390625
1 0.3671875 0.20390625 0.03046875 0.04609375
1 0.971875 0.39921875 0.05625 0.0890625