1 0.32833046809354116 0.6853353266231837 0.1653726507001803 0.2487658586887262
1 0.22295098273390596 0.49278529463718324 0.10926700668363551 0.1262545120146356
1 0.38623059070654364 0.289295573281366 0.07627269334818117 0.11024770401018139
1 0.46213001937458903 0.29857002860441195 0.07322041868236298 0.11646134134309047
1 0.27954423870145295 0.2530319039624563 0.05550566000954502 0.07094884667409058
1 0.6343493700270442 0.19186440058086757 0.06362724267981754 0.09760225334181775
1 0.593660188017181 0.11967177458627642 0.04927384134309047 0.07243862133990878
1 0.6771539406826811 0.11010532324159512 0.04752952800763595 0.056795440006363315
1 0.7507459820178173 0.12253205056495922 0.05225339067472703 0.059974984006999674
1 0.7304794826941351 0.19387124856782273 0.06807838534372675 0.07734429734245411
1 0.835166435351681 0.1254565085535052 0.06015679734245403 0.0678783906747269
1 0.8605306093650441 0.2236121978835508 0.07274770401018102 0.07583634134309047
1 0.7249396493873157 0.38927465523554994 0.09996473201781733 0.132395424013363
1 0.8575521547183158 0.37054174188418715 0.11257382001909022 0.14191587468172662
1 0.8552293227641318 0.7081144672183688 0.1810885573679073 0.2567601720241807
1 0.957833418045816 0.32640029587050595 0.06851473734881744 0.11484429734245412