1 0.7640735453411587 0.1519950979269798 0.06643058344622813 0.07645470364722229
1 0.7175404613291037 0.2765398498268409 0.08377521370395283 0.10963087955902787
2 0.6054532191310198 0.266908317057431 0.0839323439616777 0.14240701196784727
1 0.7777896438253921 0.41371384792697974 0.12463258706427283 0.17456620174736132
1 0.7491312138154945 0.7751046363959728 0.17946392921692808 0.267917464665139
1 0.15215107247649326 0.8634286799958681 0.22757388059640907 0.26279485999173635
1 0.33348744515944456 0.48218259925816 0.1169019742194024 0.17594686379145835
1 0.4750851249421995 0.5486823810776393 0.11853971732199753 0.20719686379145835
1 0.34470714891377474 0.3240434441479169 0.09224281094499087 0.12231271751493064
1 0.4898791287873868 0.22052166669684067 0.057710680687265994 0.08873649810013892
1 0.42582659486618885 0.17455389684520867 0.05409435775648763 0.07928876291777787
2 0.4978310696514182 0.14891942363069485 0.054667567842395924 0.09022626291777783
1 0.3945046737898611 0.1277873464083684 0.040939260515449584 0.06649782218833336
1 0.4158949949116174 0.08927036027607674 0.03732293758467105 0.05705008700597225
2 0.5060696155584037 0.08278593056454904 0.032635437584671044 0.05694098423243057