1 0.8058170465080007 0.8915416542259361 0.3079776419239657 0.19580697240056466
1 0.2604670631400622 0.016622663961873483 0.03343412628012441 0.033245327923746966
1 0.4731839549228535 0.34991681047387657 0.12005343671876342 0.1316511948044245
1 0.26812764469597583 0.03833224837844221 0.041519642065139896 0.0428693384737585
1 0.38015720783603807 0.055145827112968074 0.04804265785015538 0.04766593262955987
2 0.2592517155873715 0.2081907808458463 0.0883484104104042 0.12329322402541773
1 0.2921328340455752 0.16851462621946364 0.06025423151356133 0.06973184740221225
1 0.19103931285771353 0.3126112739459874 0.11342400512049747 0.15182732710967278
1 0.49865657885449066 0.08905144846116773 0.05474768415851479 0.05558752678536123
1 0.5040644156720762 0.11476451461379189 0.06788472099021767 0.06674321509696393
1 0.41572995776545085 0.12881910633396126 0.06944722099021768 0.06677048863591431
1 0.11123217356458386 0.1239675596598024 0.0506062157285458 0.0648807061685102
1 0.16616259727034205 0.10032946225759014 0.04877069994353027 0.060165932629559826
2 0.6330007577513335 0.1398854711893392 0.07789675782192056 0.07784435633066597
1 0.6199771129847704 0.17139456980936743 0.07255681043863901 0.0933602621748646
1 0.5463953998164733 0.18362756290950857 0.07110072625188942 0.06836026217486464
1 0.12095651308359245 0.07609312134819968 0.043810184158514696 0.055396612012708825
1 0.18305469468185842 0.0546760430207109 0.042247684158514744 0.05536933847375849
1 0.12451415258848361 0.04318516396187348 0.03361613680346807 0.0411704707790068
1 0.057734718218207394 0.21249031737044013 0.04424979991529541 0.08974433847375848
1 0.06642863680346808 0.039506784903036066 0.029201652588483618 0.04577615016215577
1 0.8371477443853923 0.35529446266792253 0.13118835779368573 0.10843188311602728
1 0.7517107733245874 0.3653882573101912 0.13900085779368573 0.1085682508107789
1 0.14268032366340588 0.01940674472499423 0.030309126280124367 0.03799092370110612