1 0.8217971335230644 0.010902919358766078 0.0237920560063543 0.02140411910658786
1 0.7484278173704402 0.013720955026570582 0.027135244317957153 0.027441910053141165
1 0.7649295247567662 0.0062166700803825085 0.019022735389503255 0.012433340160765017
1 0.7692624687504119 0.024278368696812304 0.030478432629559828 0.04669521753501129
1 0.8025016627440575 0.043026214644036366 0.032013659090609534 0.04520549214211715
1 0.7827249508935045 0.05799839723285958 0.03689207386326192 0.05636131596343472
1 0.6300130081176748 0.08618767142568068 0.040098894480112966 0.061194365177646426
1 0.6850550641240293 0.06332806017697568 0.03842730032431163 0.054871590570540585
0 0.6432766672082844 0.04185547456883383 0.0481841298696164 0.07718323821317571
1 0.9181482077933634 0.12584936911109706 0.07630912986961605 0.07849318114108117
1 0.8453283165596612 0.13860838834151942 0.06408186525911966 0.0935359842842343
1 0.9293021217552369 0.2471057849506973 0.07989778003177221 0.1052012303552929
1 0.392643647322782 0.17920788709866514 0.09837504464226869 0.09044952564056316
1 0.6407789586041421 0.0126978603199462 0.0256545649348082 0.0253957206398924
1 0.9579923632338201 0.4370201555050272 0.069996674511885 0.16406680810555194
3 0.22740265665827283 0.8414639462376744 0.45480531331654567 0.3076971075246512