1 0.8803339710496679 0.1546894752148691 0.03826628742738727 0.050418170671545234
1 0.8272260876750565 0.1388922998886415 0.03812073821317554 0.04729317067154524
1 0.8262115512811263 0.18424116255573236 0.038630160462916764 0.058230670671545234
1 0.9561366457806084 0.20461620253823315 0.045171258891340216 0.06455339600572696
1 0.33708489288512417 0.3228171452896384 0.0661387303552928 0.07885225334181775
1 0.5811751871369373 0.24337290392268537 0.0674829065339754 0.07418293467536322
2 0.5525386108344202 0.19915073659295793 0.06323205417661057 0.0835033906747269
1 0.6067317669541108 0.4228604092536855 0.11748721463952716 0.1419158746817267
1 0.7257215155063687 0.47697464990454985 0.10654971463952734 0.14178860534690846
2 0.5399636821745385 0.16412175592777606 0.038193512820281585 0.04885567067154524
2 0.5021554671207266 0.17472344859963945 0.054255160462916764 0.05841248400699968
2 0.6673609361034799 0.14700588657704955 0.04182793507002245 0.059829533338636144
1 0.6241010876750565 0.1412558732495493 0.03804796360606986 0.04573067067154524