1 0.7830023557789778 0.27247035276714043 0.048801114363184794 0.06475601282028158
1 0.30029685656454463 0.7688785483856422 0.1843214996072165 0.2678896290313853
2 0.7312807744950843 0.2974125407326471 0.06299996974937905 0.08884848428423435
1 0.2314211541799714 0.38431730376232565 0.12752607806243949 0.1715197431755744
1 0.15193818725926278 0.34544954879992695 0.11171018052176751 0.13797949710451585
2 0.36658194935951116 0.38983105727698236 0.11824198165323567 0.1867080955329393
1 0.874826241415793 0.339264054586386 0.05665906615858276 0.0729323858558109
1 0.3812716841360048 0.2826735287409351 0.07556360226293624 0.10036818114108118
1 0.3958386990649235 0.19660975020488775 0.0519170240041051 0.06333906203449331
1 0.7162309287732517 0.7351115938758003 0.13385789129415607 0.18587334160399785
1 0.8934059862494316 0.9009901121774639 0.10275333703942983 0.19801977564507212