2 0.2484400225573232 0.8091946155584037 0.2357771520528158 0.38161076888319273
1 0.4403870006365468 0.24509000847928464 0.07598179201145391 0.08830558344622812
1 0.689806839990455 0.10650662256735033 0.04138861600890866 0.06775406603337353
1 0.5466097286362286 0.2530020850281078 0.06520792401336309 0.10179487336031982
1 0.5473915259786828 0.18581458502810777 0.04927384134309047 0.07441350180902231
1 0.6468359006206384 0.3731685001115416 0.08275905068427178 0.13394563206674706
1 0.7180494713160462 0.16505278493725076 0.052362478675999566 0.07145227611928182
1 0.6170409546467281 0.17930231343138175 0.049292022676635835 0.07597600180902231
1 0.877233019971365 0.2570399683380503 0.08085110534690827 0.1041762449116174
1 0.5502170813176371 0.1445311657608024 0.04295111600890866 0.06783595318850329
1 0.6012165073201825 0.12844249830251936 0.04146134134309047 0.07400406603337353
1 0.9481625906270018 0.34205677747401886 0.08432155068427179 0.1340275192218769
3 0.4382619739815463 0.15898873416902515 0.1490385786919079 0.19363489258219668