1 0.2656290227002319 0.2794301210744741 0.06880834980971962 0.0800344924781526
1 0.5613884861598356 0.04921245750921212 0.03478617688202625 0.0493922462390763
1 0.45071233543808253 0.3715852141731297 0.1291330375661605 0.18167120031656908
1 0.4852743137264337 0.0787384846271008 0.0409725098858317 0.04801160266556703
2 0.30775817289051244 0.3562366619824163 0.13126854053191012 0.1957791644231918
1 0.559814057300643 0.10700222545590077 0.05748884783255317 0.07034124373179385
1 0.4888794747911291 0.10516459230723277 0.04923067885919252 0.05917642319868044
1 0.6282165474148114 0.15183134065788012 0.07062551779449713 0.08632995658477531
1 0.6448337030422993 0.20362952137840792 0.09039418973360754 0.11187552586424747
1 0.379593363612703 0.24021920539764102 0.06743685079830275 0.08467652837152997
1 0.32685036558986935 0.23238998502281222 0.057425180836358794 0.06877874373179385
1 0.431005966388172 0.14664505014564927 0.046042011862997965 0.057522994985435096
1 0.7343326017497048 0.2860806570343584 0.11660386266130089 0.14229045157021042
1 0.36710263387865805 0.1446028285171792 0.03947367688202617 0.049528638558944314
1 0.39788706026639264 0.0976679925446596 0.03465884288963732 0.0462672462390763
1 0.43666305878351785 0.10356263987909257 0.03934634288963732 0.04640363855894436
1 0.9336933428152753 0.7172611462138058 0.08371706129215681 0.2927163489046432
3 0.6206215647150168 0.07017296143473802 0.10716519566510634 0.14034592286947603
3 0.5280984836883776 0.061885953748288425 0.0767136917107738 0.12084134890464333