1 0.471875 0.21953125 0.053125 0.0796875
1 0.69140625 0.84921875 0.18671875 0.3015625
1 0.45859375 0.53125 0.12421875 0.2296875
1 0.65078125 0.21796875 0.053125 0.09296875
1 0.59765625 0.11875 0.03359375 0.05703125
1 0.71796875 0.084375 0.03359375 0.0515625
1 0.76640625 0.08671875 0.03515625 0.059375
1 0.81484375 0.071875 0.03515625 0.05703125
1 0.5375 0.309375 0.071875 0.121875
2 0.56796875 0.15390625 0.03984375 0.09453125
1 0.75859375 0.203125 0.06015625 0.08359375
1 0.64921875 0.1 0.034375 0.05546875
1 0.93515625 0.296875 0.08828125 0.11484375
1 0.915625 0.50390625 0.12421875 0.18125
1 0.56171875 0.09921875 0.03359375 0.06328125
3 0.48828125 0.11328125 0.128125 0.15390625