1 0.6200984842842343 0.07327304788538429 0.040410984284234175 0.06315456493480816
1 0.6748223715877872 0.07500887174864619 0.038630160462916764 0.058439791395857824
1 0.6504431098009629 0.12142022158649042 0.04353598428423418 0.06320911201270882
1 0.6882556329603268 0.17906512621287307 0.06174232878371626 0.08538412094116259
1 0.6140390370131026 0.21133610957378157 0.058908427212139715 0.09157957386326192
1 0.7880030758882322 0.2089083591667445 0.07482452564056316 0.09810230925276527
1 0.7580330936709124 0.33640606777088666 0.09910108767505647 0.15004663879807004
1 0.7075900996667684 0.510383310060249 0.1442723465663967 0.2148455243497292
1 0.9424187481379732 0.531907302753353 0.11516250372405352 0.2085955243497292
1 0.30161181162020856 0.20744390178371358 0.061451230355292895 0.0791341209411626
1 0.23611978390822158 0.8601795693990351 0.22091192927905431 0.2796408612019299
1 0.3439662855653606 0.2620456270269472 0.07020980024766903 0.0995829886359143
1 0.30613245347187545 0.4385848076279123 0.11992300992479751 0.16133869480442442
2 0.42417386228216236 0.15728203489974074 0.051532574854774894 0.1008182061685102
1 0.4984289995857152 0.1593587779998819 0.048660131926869354 0.07266593262955982
1 0.403803550247669 0.10540588920181186 0.0369948858558109 0.056850017856907485
1 0.5070548287837162 0.09315707954200947 0.035286836641599 0.05369774431795715
1 0.4451712588913401 0.07178091152294622 0.03365156203449331 0.05210797077900679