0 0.44441054420664755 0.23495469945770703 0.18573422618081653 0.20885789129415605
1 0.17546431591425987 0.20291994603986147 0.08067098997087019 0.0879545179539809
2 0.24693615063313828 0.2423546298812787 0.09523359514371962 0.10522383118569749
1 0.9890009728488579 0.35209466413892043 0.021998054302284232 0.07985112646343318
1 0.47423809969606623 0.37386720853289335 0.11242109514371953 0.1053238251355733
2 0.26940453252816504 0.18205747931554458 0.0791084899708702 0.08794542759490129
1 0.32558163935036716 0.3403512474659173 0.09063702335696497 0.10832156010845857
1 0.9113683751646022 0.3049065676315208 0.11278480799670092 0.1178238251355733
1 0.9879954081549857 0.43021966413892043 0.024009183690028735 0.1595749878997516
1 0.867593294602359 0.38486223322436947 0.09849498746358769 0.10992951190385672
3 0.7838033163099712 0.35175027225558925 0.4220307420159344 0.3836407644379395
1 0.7707206431112908 0.3049434499486864 0.0903187746106063 0.09738406010845857
1 0.7219578488381363 0.5357349076960128 0.16097826708875881 0.1634090359079618
2 0.5082757820659467 0.4963461965308408 0.11929087226160817 0.18035109621281203
1 0.8033907391129403 0.2461497120489348 0.0903187746106063 0.09738406010845857
1 0.7330040312745238 0.19029968784843793 0.07561977711788863 0.07542724687674207
1 0.6596119953811466 0.19228943472517998 0.06941524122451134 0.07695338544042359
1 0.7573176534696251 0.8379241215916593 0.19647314937949698 0.2557874334486335