1 0.7984375 0.8828125 0.265625 0.234375
1 0.21484375 0.0515625 0.02578125 0.03359375
1 0.43984375 0.3546875 0.09609375 0.11484375
1 0.22421875 0.07421875 0.03359375 0.03671875
1 0.3328125 0.07890625 0.03828125 0.040625
2 0.22578125 0.2390625 0.065625 0.1109375
1 0.2546875 0.196875 0.04765625 0.0609375
1 0.16640625 0.346875 0.08671875 0.13515625
1 0.4484375 0.1 0.04453125 0.0484375
1 0.45546875 0.12421875 0.05546875 0.05703125
1 0.37109375 0.146875 0.05703125 0.05703125
1 0.07734375 0.171875 0.03828125 0.05703125
1 0.12890625 0.14453125 0.0375 0.05390625
2 0.58125 0.13515625 0.06328125 0.06640625
1 0.57109375 0.16796875 0.05546875 0.08359375
1 0.50078125 0.1859375 0.05859375 0.059375
1 0.08515625 0.12578125 0.034375 0.05
1 0.14296875 0.0984375 0.03203125 0.05
1 0.08671875 0.09375 0.02578125 0.03671875
1 0.0234375 0.26484375 0.04453125 0.08359375
1 0.02734375 0.09609375 0.02578125 0.04296875
1 0.79140625 0.3234375 0.11171875 0.0890625
1 0.709375 0.340625 0.11796875 0.0890625
1 0.10234375 0.06875 0.02265625 0.03359375