1 0.04453125 0.94140625 0.0875 0.11640625
1 0.09765625 0.78125 0.13515625 0.2109375
1 0.17734375 0.64921875 0.078125 0.1515625
1 0.590625 0.90234375 0.121875 0.1953125
1 0.42890625 0.85 0.10078125 0.23125
1 0.21875 0.896875 0.146875 0.20546875
1 0.43671875 0.646875 0.08828125 0.159375
1 0.58203125 0.73984375 0.09609375 0.18359375
1 0.2375 0.51640625 0.08828125 0.140625
1 0.10390625 0.41015625 0.084375 0.09296875
2 0.10625 0.3390625 0.07734375 0.11875
1 0.36015625 0.48359375 0.07578125 0.12578125
1 0.2125 0.27421875 0.04921875 0.06328125
0 0.92578125 0.35625 0.065625 0.1
1 0.82421875 0.425 0.09765625 0.08671875