1 0.38644084414921076 0.9744682856622682 0.1150716209411625 0.05106342867546374
1 0.25410781087102785 0.8241662403665815 0.13013533360249455 0.20837009263643722
1 0.12460154301412033 0.7860404515702104 0.13613987175194148 0.19448944906292773
1 0.2810155896882792 0.4868397366056579 0.056405732953871454 0.10002874373179385
3 0.35663319845457714 0.47966974577685784 0.15019446347211085 0.28391566191590945
3 0.19694850689656357 0.41255513895465573 0.20677174593951494 0.30430236975432584
3 0.4142802828711458 0.3376701138818311 0.08899213636243815 0.17750052586424747
0 0.48021320007943025 0.2677500704666064 0.04722164772652384 0.11069345909205772
1 0.3472155137964224 0.3427464072970558 0.048075035713814884 0.07011392319868044
1 0.4631660219140972 0.23055394734706827 0.028834112012708957 0.04144335391920819
1 0.9258041639585782 0.8367527523742684 0.1483916720828436 0.18717705423577727