1 0.35228538544604227 0.7554581286286116 0.24208362290951407 0.27780429451244915
3 0.11679202896968768 0.22447562620953718 0.1541459053945835 0.18686150512049746
1 0.15529344414791696 0.3367249972279897 0.10258209897381954 0.11676183674699833
3 0.3756455777910074 0.5188604759695409 0.5627650245043754 0.580471352108491
3 0.7670577066844452 0.8153343865917065 0.4530601033422226 0.36933122681658687
3 0.34629834422416683 0.26358914704446307 0.22220622758291686 0.22827473137238705
1 0.49126796494947944 0.3914018758566014 0.1294355397032639 0.13080892619541978
1 0.6380176380114934 0.49513236256124743 0.16610039152687506 0.16415204721387228
1 0.822831008736806 0.6252657255460179 0.20440047853284754 0.20071117349399667
3 0.9305999558314237 0.5922018675405706 0.13880008833715252 0.25708299985882554
1 0.7322943148732295 0.4897006808923942 0.16112195079743064 0.1513790314288567
1 0.5644327080156254 0.3839603731551783 0.12474803970326391 0.1305359104104042
3 0.44638926320211825 0.2733197337914614 0.22347778685347244 0.2158657366340589
1 0.15277046903354205 0.4629689788121382 0.14949477298576402 0.18815098933548208
3 0.08632458539045162 0.2897975183452643 0.13314372758291687 0.2230874314570917
1 0.9646028942797574 0.7497714438348124 0.06867987765916653 0.13507222099021768