1 0.68984375 0.19921875 0.03125 0.0484375
1 0.64140625 0.22421875 0.04140625 0.06484375
2 0.72109375 0.24140625 0.04453125 0.071875
1 0.77265625 0.2203125 0.03671875 0.04296875
1 0.79765625 0.19609375 0.03515625 0.04609375
1 0.6640625 0.33046875 0.04609375 0.0703125
2 0.28359375 0.36640625 0.059375 0.11484375
1 0.70625 0.49375 0.07734375 0.13671875
1 0.840625 0.31171875 0.05390625 0.06640625
1 0.503125 0.25859375 0.0375 0.06328125
2 0.46171875 0.19375 0.034375 0.0796875
1 0.91875 0.59375 0.11015625 0.1515625
1 0.84140625 0.85625 0.13046875 0.19609375
1 0.9640625 0.36171875 0.0625 0.0796875