1 0.1371754727084526 0.3148138517635938 0.08521134134309047 0.07629690637700666
1 0.11037661537236185 0.29310927012638804 0.08829997867599956 0.07333568068726617
1 0.22594707137172548 0.2944814196059896 0.08052384134309047 0.07605124491161738
1 0.23822944271163432 0.3435330732694628 0.08539315467854491 0.09192190637700666
3 0.9695687073519992 0.4460415926028813 0.06086258529600173 0.24398237336031983
1 0.1952237827020893 0.27100962008095947 0.08353975334181776 0.06684001922187681
1 0.3779550140435889 0.34070572365357554 0.09009883601209037 0.09373006784239593
1 0.3270834047183158 0.39737844753429374 0.0949317866804539 0.10647572930778501
2 0.865645918045816 0.38266076605405813 0.15045562802354445 0.18121677973732647
3 0.7026817466979531 0.2671541954981288 0.1948237933640895 0.23663462008095948
1 0.5774839413987698 0.5120019487774892 0.13130563868554468 0.1458591338757694
1 0.8318970793682257 0.30047238579633334 0.10432496801399935 0.10852955223856356
1 0.6701452507558596 0.6917514037750148 0.2024726613621805 0.22298155585660825
1 0.601409600692226 0.21968497399225986 0.06026588534372692 0.07967421189493056