1 0.6771454540109858 0.5762625671013941 0.12201871865896922 0.2767563797834557
1 0.7432104423990104 0.05675170064577354 0.029534387305303157 0.04925585391920826
1 0.6675441673261857 0.27311483504808276 0.07367684389007838 0.11767088479802065
1 0.8065421343358021 0.40907873027094477 0.1013304824490227 0.15594377461060632
1 0.7148042975718598 0.07309811467325393 0.03573892319868044 0.04787521034569897
1 0.5567788489046434 0.0880147578510518 0.032704851411925875 0.050909282132453625
1 0.6217733630904083 0.12191003622258172 0.04244356426490725 0.06368206677218971
1 0.8326570387963711 0.15302495856333234 0.04864810015828454 0.06230142319868044
1 0.9093331990629279 0.1591589497878437 0.05847774122451135 0.07819920783841652
1 0.6186878155185485 0.06952082211595904 0.026363923198680438 0.04760242570596289
1 0.9631796130904082 0.29043769351963755 0.07364077381918363 0.11169366943775678
1 0.5987701206122557 0.05567127078317553 0.026454851411925873 0.05072742570596289
1 0.650932014185765 0.050944318355035344 0.02930706677218975 0.04144335391920826