1 0.5834769111390574 0.7897883236119206 0.2720447322426839 0.3230180847795722
1 0.5654166833449977 0.4996534751834972 0.17294670456235509 0.18740160835322078
1 0.20059549657713993 0.38753004094204413 0.1320033695813831 0.17769696856846862
1 0.38357384536109534 0.0747882541338292 0.05723417984777566 0.06504711124870502
1 0.2616935281746205 0.1455287855653606 0.07394151878308027 0.09233735731976359
1 0.12585541212764062 0.7731528637299043 0.20332390714754367 0.35880572745980877
1 0.19328442638773455 0.05500863937046754 0.0524193458553869 0.06170378742738745
1 0.6458257890490354 0.21488467700274275 0.09243685079830274 0.08696065260503386
1 0.5612252959691176 0.24369457361192057 0.10426568874502422 0.10934507485477489
1 0.758945212965312 0.25446306141081154 0.09562551779449713 0.08866870181924558
1 0.10372983646384673 0.01964687406898659 0.04495967292769345 0.03172518899896401
1 0.96929778114037 0.3925217952807611 0.06140443771925987 0.10810790653397531