2 0.6887685554593159 0.2429763890756937 0.04931673151356133 0.07112472749876275
1 0.7497592633659411 0.2587109317033189 0.04702618942018653 0.058542840343632996
1 0.062480529292131014 0.8520372127994417 0.12496105858426203 0.2540744255988834
1 0.2871502454441998 0.7610691333099425 0.16603233660582398 0.256380554047586
1 0.6991152502823487 0.3344202606269912 0.06667083148532651 0.10163109905006032
1 0.2792368478350394 0.506756769560561 0.11911256299888784 0.1729196008590826
1 0.8875854870575818 0.27377044493230196 0.05364021046687384 0.06512038896415202
1 0.82465503462439 0.47970286239058507 0.10184946828879475 0.14397572930778502
1 0.7590006715690325 0.5844036504956545 0.10900952090551304 0.15992827792830405
2 0.4491145212584489 0.24060390434084172 0.05326077886860805 0.08535100180902226
1 0.9541975924321932 0.3948066412234003 0.05684080517696728 0.09332727611928178
1 0.12162031086216211 0.36057673111680744 0.10093941567207607 0.1283507293077851