1 0.5724771976470936 0.15122198074472368 0.07674550649282175 0.10087270401018134
1 0.409882551141681 0.7814896413908154 0.23763200811437954 0.36831583736472595
2 0.5825265332814783 0.33653277207986 0.1548001428552599 0.2767454080203627
1 0.5557533478092493 0.1244594860757238 0.1079136858759707 0.09654883068109026
1 0.664904431008002 0.2280941107574504 0.0881193831160271 0.12599997334499946
1 0.9343010876629796 0.10464061879372144 0.05566934740221221 0.05688634667409058
1 0.9812579082798305 0.10049855880008478 0.034865923701106284 0.028524989337999785
1 0.7190851907472348 0.07869409476445005 0.05769549756436802 0.08346702800763602
1 0.774103927354554 0.10512078210531332 0.05775004464226861 0.08659202800763603
1 0.7786647422893622 0.06766623543917695 0.04284206493480802 0.037990896005727005
3 0.6059266716725112 0.0703446980824053 0.1568693831160271 0.12679995202099906