1 0.0739296628065965 0.8482886778601486 0.09887783035645852 0.22358632213985138
1 0.5431297913187846 0.10827373603536587 0.04029899810013902 0.05448909255827141
1 0.5985985413187846 0.10633672460262052 0.04981946846486114 0.06106647477225655
1 0.653050305186493 0.08101677687220597 0.0434603656913195 0.056160719962933106
1 0.2025813396683326 0.854724672417853 0.232963196047778 0.2829117368379741
1 0.37481936236975616 0.8666641333102933 0.2211892414506252 0.24659229092165802
1 0.23307676519888854 0.41651534428755194 0.08993662860909728 0.10774306733052796
1 0.29279464447357595 0.5338640461943177 0.11268445079743064 0.14600695916315995
2 0.5964522002287498 0.23209069275145508 0.06955139342673622 0.10390873920022684
1 0.6915835154832289 0.20300833876043828 0.0770729526972918 0.0916815577118811
1 0.7211995867216319 0.1379636921184829 0.06264677678548622 0.07556548439090341
2 0.33386062804041644 0.27873011289187344 0.09397081838861121 0.14691469473518967
1 0.742163437310972 0.2769617047323546 0.08993662860909737 0.10774306733052796
1 0.7920939681805208 0.1105083255135944 0.06896951196784737 0.07890873920022683
1 0.8494499136596179 0.22872012297385647 0.09462412860909737 0.10790675843752044
1 0.7372525060808328 0.5550321410300237 0.15312891926229177 0.2067460517214313
1 0.4202358455553471 0.1898461729660072 0.05643314437666671 0.07690972958157997
1 0.37241594139503453 0.19854161588709832 0.05152743882958344 0.06737103847458736
1 0.30497386825677064 0.2118253550873251 0.051418336056041715 0.06268353847458741
1 0.3745785066495137 0.17270580218476747 0.044913762917777864 0.05152778366526398
1 0.3302654621965971 0.16488586770119684 0.038591027735416714 0.04818452885594056
1 0.29271091080982625 0.1685391465571374 0.04335126291777787 0.05147321996293312
1 0.9323715164331595 0.22114074675032108 0.05225479065319476 0.0986210384745874
1 0.4128207762168053 0.3071973640729998 0.07892639342673621 0.10423612141421197