2 0.63359375 0.11171875 0.03359375 0.05546875
1 0.67109375 0.15546875 0.034375 0.059375
1 0.66640625 0.26328125 0.05703125 0.09453125
1 0.85859375 0.4609375 0.10546875 0.1484375
1 0.21953125 0.81328125 0.175 0.27421875
1 0.1515625 0.6265625 0.16015625 0.19453125
1 0.37109375 0.40390625 0.078125 0.13125
1 0.3125 0.33828125 0.071875 0.10390625
1 0.42890625 0.24453125 0.05234375 0.078125
1 0.47734375 0.503125 0.08984375 0.171875
2 0.375 0.2109375 0.05625 0.12578125
1 0.4671875 0.175 0.0375 0.06328125
1 0.52578125 0.146875 0.03203125 0.05703125
1 0.48125 0.1265625 0.03203125 0.0484375