1 0.640625 0.13515625 0.03671875 0.06328125
1 0.68515625 0.1609375 0.034375 0.05703125
1 0.6765625 0.2046875 0.04375 0.06875
1 0.7234375 0.28203125 0.065625 0.09453125
1 0.64921875 0.3953125 0.08125 0.13515625
1 0.853125 0.384375 0.090625 0.128125
1 0.88828125 0.671875 0.15859375 0.26640625
1 0.328125 0.234375 0.05234375 0.07421875
2 0.47421875 0.58984375 0.09296875 0.2390625
1 0.3875 0.38359375 0.07890625 0.11875
1 0.40234375 0.20546875 0.04375 0.071875
1 0.42734375 0.25703125 0.05703125 0.08515625
2 0.46328125 0.13828125 0.03046875 0.06640625
1 0.51953125 0.12109375 0.03125 0.0484375