1 0.0733536173135504 0.5725011613224096 0.1467072346271008 0.17062267735518083
1 0.8216356561099216 0.10602525588800515 0.0552163489046432 0.07249316534054513
1 0.22882105265293173 0.45655689330045607 0.14954066191590937 0.1470033640197263
1 0.29283808854630905 0.45737395862509284 0.16974551332783516 0.19722154002227157
1 0.7329846815784576 0.17344056989977735 0.08108016693047429 0.10247156667727224
1 0.172045866917839 0.3947386933084102 0.12211434389007839 0.11700678134945389
1 0.6592289328320989 0.18523259257641325 0.07772784639736088 0.09462270401018139
2 0.8125093940357276 0.3123116185550961 0.10137594655564541 0.15581474267981754
2 0.9303394032069278 0.2351849498727331 0.0679724131695508 0.1351204346753633
1 0.4608225250728246 0.21331378126991202 0.07906302586424747 0.08682838534372683
1 0.40598191237812775 0.16553080927754804 0.06762542069139794 0.06951361600890867
1 0.528198927026111 0.4476064179265034 0.14218280298213629 0.16253745735199915