1 0.2175483028520188 0.14583117134838536 0.08424234882113639 0.07391019867214013
3 0.24697581768076643 0.07567320745273884 0.21803902866891206 0.137173788834828
1 0.27322795847950665 0.19851126463433116 0.0847516847906915 0.08641019867214013
1 0.33929862745286743 0.18795555971567515 0.08280718281352524 0.07702610831306052
1 0.33421719661650856 0.2551294241770557 0.0912563527754691 0.09269656010845857
1 0.42865294612221694 0.25802314090137257 0.0960075197716634 0.09428633118569749
1 0.4189185073771927 0.36267882464459394 0.11252385771838505 0.1162522347764936
1 0.5206083413695815 0.36014469798476906 0.11695668973360754 0.11002950585373243
1 0.960491900647391 0.47679340514292035 0.04450868676785795 0.09554884933607007
2 0.4444636299243253 0.17684586377400952 0.09913251977166357 0.09430451190385672
1 0.9512986313700189 0.5681678388861416 0.05576452174883002 0.10342498184962742
1 0.6115132311797387 0.4880475050681656 0.1304116946765234 0.1335397287263694
1 0.48404480578058723 0.5287219811622563 0.14393036661563344 0.1586124515990063
1 0.9013662514456936 0.3936172907797356 0.11140702669174588 0.127180644417414
1 0.8378250162744413 0.3229184505188519 0.0725063527754692 0.09258747579950324
3 0.736610026160273 0.27544348681959707 0.22737421939110264 0.2512635599120669
1 0.6581746669590134 0.39767248994285503 0.11657468775644109 0.10065450585373252
1 0.7371884159332491 0.7982270018467117 0.19947471247102033 0.21829652380771342