1 0.70234375 0.16484375 0.02890625 0.04296875
2 0.61328125 0.2109375 0.03515625 0.06328125
2 0.19609375 0.33046875 0.07578125 0.14609375
1 0.63828125 0.3015625 0.04375 0.0703125
1 0.371875 0.34453125 0.053125 0.07578125
1 0.7171875 0.29609375 0.04765625 0.071875
1 0.78828125 0.296875 0.053125 0.06875
2 0.26953125 0.26171875 0.05703125 0.109375
1 0.83515625 0.2484375 0.046875 0.059375
1 0.66484375 0.4390625 0.06953125 0.121875
1 0.4046875 0.196875 0.03203125 0.04609375
1 0.3625 0.19140625 0.03125 0.04296875
1 0.9703125 0.50546875 0.059375 0.1171875
1 0.9515625 0.9296875 0.096875 0.140625