1 0.4018281244963345 0.8407671231860452 0.18889298393263587 0.29718855172849495
1 0.6021668426439547 0.5479250906578802 0.13508617349399668 0.2035916644231918
1 0.6940846579913298 0.08119458023303885 0.040503173635170954 0.05265363855894436
1 0.731406292587485 0.4848902300747543 0.12554457352223167 0.17367684389007837
1 0.5870471607633401 0.23171506895026778 0.05749325256024882 0.07654577962517113
1 0.655001958259561 0.3638850597790677 0.09496243145709152 0.13067098997087018
1 0.7458522843420414 0.11634481855455636 0.0410492052052021 0.06202863855894432
1 0.798021729094487 0.13120528892938518 0.03737817363517095 0.05256271034569897
1 0.7482877686276129 0.19504648007475428 0.06374325256024882 0.07672763605166186
1 0.5976122054169636 0.1440559445770884 0.04426521046687402 0.06368206677218971
1 0.6467322448795025 0.13092780727178527 0.04297572625188941 0.06832410266556703
1 0.5431823106504006 0.11444265241550489 0.03912268415851479 0.05573317445232169
2 0.8375098923474885 0.22988682983732747 0.08762036831702957 0.11173913354437941
0 0.5925599553463764 0.07010997921682446 0.04186825256024882 0.07609113855894437
1 0.6303406764071813 0.07758985860456878 0.03223564732681172 0.044613818025830934