3 0.11335198635114889 0.2472096579913298 0.15324493217453844 0.17877598933548197
1 0.15937942390237086 0.3440167685570258 0.1033861732831983 0.1119833314853265
3 0.37319798304137997 0.4945040740163417 0.539567845737827 0.5440942363517103
3 0.7684782880465599 0.7528662507058718 0.46304342390688014 0.43493206797821105
3 0.3346469435470779 0.25547166609559907 0.21414819892376152 0.21504668927901224
1 0.4765690779551468 0.35922745569931225 0.12413532092583353 0.12254139988706055
1 0.6197069559530748 0.4386279874105178 0.15833053846084474 0.15414001038216937
1 0.7998375657540377 0.5385916481032706 0.19728603060296201 0.1875741366622936
3 0.9189084735308672 0.4806286877069839 0.1621830529382656 0.25899411035393455
1 0.7090048963997809 0.42167643486438633 0.15469611621110388 0.14302049985882553
1 0.5447368810982999 0.3427232241857509 0.11944782092583353 0.12226838410204496
3 0.4292873554577367 0.2523095977644522 0.21349322745980875 0.20098418927901224
1 0.9565786785551833 0.6260931061510702 0.08684264288963348 0.1307333314853265