3 0.08308631848804934 0.2901948145156926 0.1516941953020042 0.1724658130679506
1 0.1310942579840658 0.38787248924663303 0.09835859514371963 0.1091267510334573
3 0.3391842396416657 0.5493323358130296 0.5065086935861446 0.5151115012383451
3 0.73692409151581 0.8109911197257604 0.4539172395086517 0.37801776054847913
3 0.3070095517950019 0.3107942206353832 0.20095004922121246 0.2028468258882322
1 0.44541517075790493 0.4205053225784633 0.1157279515702104 0.1161772717116218
1 0.5845027513201482 0.5067789245215434 0.1493588054894186 0.14583053846084476
1 0.7589140664429854 0.6158200924280581 0.18616012351524952 0.17719185442427943
3 0.8962836858015997 0.5729327332462677 0.18379129295300628 0.256661030602962
1 0.672457392386375 0.4952293025194714 0.14587009263643722 0.13318498924663302
1 0.5130800438774431 0.4072283806840152 0.1110404515702104 0.11595894789030421
3 0.40006923000824723 0.31199930975818174 0.20210337226160835 0.18885710049533805
1 0.9202032559390018 0.7187739261741732 0.0958246285298145 0.12929370181924557