1 0.52109375 0.33984375 0.07265625 0.090625
1 0.06328125 0.578125 0.12421875 0.21484375
1 0.7125 0.328125 0.05625 0.08359375
1 0.621875 0.3265625 0.04765625 0.071875
3 0.24765625 0.696875 0.271875 0.60546875
1 0.775 0.4859375 0.09453125 0.1390625
2 0.8734375 0.44609375 0.07265625 0.1390625
1 0.646875 0.46484375 0.078125 0.128125
1 0.2421875 0.40078125 0.07109375 0.10703125
1 0.2328125 0.3453125 0.06328125 0.090625
1 0.90390625 0.78203125 0.14921875 0.21640625
1 0.40078125 0.321875 0.05390625 0.08359375
1 0.36953125 0.43203125 0.06484375 0.121875