1 0.8453125 0.71171875 0.21328125 0.25546875
1 0.3515625 0.10859375 0.03828125 0.04296875
2 0.46640625 0.11796875 0.053125 0.06484375
1 0.41484375 0.7890625 0.18046875 0.278125
1 0.3421875 0.13125 0.053125 0.05703125
1 0.49921875 0.11015625 0.03203125 0.0515625
1 0.41796875 0.33984375 0.09140625 0.11875
1 0.4140625 0.178125 0.05625 0.059375
1 0.209375 0.2515625 0.05625 0.08515625
1 0.51328125 0.18203125 0.06484375 0.06484375
1 0.57578125 0.18046875 0.06640625 0.06484375
1 0.6203125 0.15859375 0.05390625 0.06328125
1 0.603125 0.28125 0.08203125 0.0890625