1 0.3877278878324983 0.4621556368430847 0.1309644742194024 0.17698370031656907
1 0.22602691146538928 0.011257063406977422 0.033303822930778534 0.010329746239076305
1 0.2807144114653893 0.012848307138771262 0.033303822930778534 0.010329746239076305
3 0.2495097563315781 0.1765327224198929 0.16293817051050077 0.2512395542357774
1 0.47267501865604994 0.29691473324044554 0.10778592378986111 0.12170516693047428
2 0.4181292022839921 0.030107666468255863 0.050320904567984215 0.03734688730530311
1 0.17260749886834623 0.40597251834240006 0.10144739258219664 0.14960284639736088
1 0.36055571969684663 0.06275503041659398 0.050976001809022266 0.04984688730530311
1 0.4068984531885033 0.05396270361527441 0.05294793758467105 0.05770485141192581
1 0.542781721505869 0.1164209026782023 0.07432497060135787 0.07860838479802065
1 0.6507170522385637 0.1219016760351673 0.07712242198083885 0.072449313011266
1 0.7555174168924562 0.17175457501895292 0.09471935775648746 0.08076191818411553
1 0.1008122274987628 0.04817673871722891 0.040284163274411575 0.054216138558944346
1 0.16027243668015992 0.03664585682220213 0.040120388964152064 0.05109113855894435
1 0.04036605042954132 0.05577863855894435 0.04028416327441157 0.05421613855894434
1 0.7428226650834339 0.12302155832590549 0.08962242198083885 0.07281302586424747
1 0.9367674168924562 0.3965596613871839 0.12646516621508752 0.14319973370266403