1 0.7099789719968228 0.03909289977035093 0.045667056006354304 0.022158842889637365
1 0.6021901968363147 0.3020783780215211 0.09927507142762995 0.14144735376405224
1 0.5863760564133915 0.1779087075652856 0.07205800649282175 0.10286501482874759
1 0.7567004188331374 0.3185376606447658 0.12632849512873606 0.17065469269935693
1 0.747097142451518 0.06249590767901634 0.058930715096963834 0.06641817885919248
1 0.5130203770302425 0.1702288587441492 0.06098413879807012 0.09460684585538685
2 0.5655783612019298 0.11529861961856411 0.0608750446422686 0.08835684585538686
1 0.6619488007313487 0.14815222338261638 0.07030459172016937 0.09186384783255326
1 0.8186721335230643 0.08261208950395833 0.06397277110331814 0.08692167984777566
1 0.4887703993513769 0.12624143680503894 0.05128185633066593 0.07547484387822054
1 0.6167005304388092 0.09783654699488183 0.06394549756436803 0.08535917984777566
1 0.5161647422893623 0.07966752574034358 0.0511454886359143 0.06766234387822052
2 0.5995363498378442 0.05101062653864633 0.04467730032431163 0.05490767589344296
1 0.9100726550334197 0.17624402577752463 0.06761596834337488 0.11673651384016441
3 0.507922405036715 0.6269338676042168 0.4007549399298652 0.7461322647915665