2 0.8640625 0.8578125 0.26875 0.284375
1 0.80234375 0.66640625 0.20859375 0.190625
1 0.30078125 0.040625 0.02421875 0.028125
1 0.2890625 0.0546875 0.03046875 0.03671875
1 0.21484375 0.0609375 0.03359375 0.03359375
1 0.2 0.36015625 0.07734375 0.11328125
1 0.31171875 0.34375 0.08046875 0.1109375
2 0.36484375 0.05703125 0.03359375 0.0484375
1 0.34140625 0.0703125 0.02890625 0.0484375
1 0.27890625 0.075 0.03046875 0.040625
1 0.2234375 0.26015625 0.06015625 0.090625
1 0.30625 0.225 0.06796875 0.08671875
1 0.17265625 0.1734375 0.040625 0.05703125
1 0.08515625 0.19296875 0.04296875 0.0609375
1 0.41328125 0.134375 0.04453125 0.04453125
1 0.32734375 0.1265625 0.04375 0.040625
1 0.20078125 0.1390625 0.03984375 0.0484375
1 0.01640625 0.1796875 0.03125 0.05546875
1 0.43203125 0.1640625 0.05546875 0.05703125
1 0.53515625 0.15546875 0.0625 0.05546875
2 0.11328125 0.11484375 0.034375 0.0609375
1 0.63046875 0.28359375 0.09765625 0.08515625