1 0.11724836916145356 0.9608884204562355 0.087622016805914 0.07822315908752912
1 0.14339042201347235 0.8201135232317046 0.16860671444818678 0.233056533611828
1 0.20553364186168555 0.6799142875661607 0.10187020060802228 0.16482118676785795
1 0.6542907713289003 0.9045329328321156 0.14759387749004843 0.19093413433576883
1 0.48466667942784614 0.8691173449039848 0.1349957184025195 0.2504058596955513
1 0.2797682738003583 0.9064356838021084 0.16883220752810457 0.18712863239578326
1 0.46548430342067243 0.666327925930624 0.11012836958138301 0.17607702174882983
1 0.6247903192380033 0.7476946255500632 0.12195720752810466 0.1983976907221905
1 0.33231107018940537 0.3458005672236559 0.06769151878308026 0.09167284684397004
1 0.7615648300752371 0.41008849068282194 0.08819501977166358 0.09718801779449712
3 0.2760836334215475 0.24835522285114378 0.11210736364988402 0.1480793557412186