1 0.6289657258685649 0.3413211038203814 0.060868067330527964 0.08884560087368065
1 0.7480654115332619 0.46266681411711746 0.08388890507947586 0.12216724715020852
1 0.640198347830931 0.4667386779085758 0.09170140507947586 0.12234908510611113
1 0.781845189208076 0.34478832988468683 0.06215774881887359 0.08106946846486114
1 0.8151909133473604 0.418170625287534 0.08156251324684405 0.10025587955902786
1 0.0598561165200705 0.6140248259880555 0.119712233040141 0.215700348023889
1 0.2568402108076224 0.49127373774781236 0.1265873257680484 0.18248780452090294
1 0.1951140263240518 0.44821537519062477 0.10485616950744618 0.14139002583555574
1 0.11390123185901464 0.426687173727604 0.1030208509957919 0.13354115824437507
2 0.8593575424813027 0.6958221933918048 0.174682574586922 0.263229964665139
1 0.4938094758685649 0.34446690045749956 0.07525794954451293 0.09854790919430556
1 0.35442702813815036 0.40157349848138857 0.07742065027015244 0.11577177678548622
1 0.2979711862128512 0.3193617169462497 0.07542164065150558 0.10323540919430556
1 0.7393624678943805 0.9577792923656243 0.19231647477225663 0.05287434612402784