2 0.5404806440165447 0.12814756007317846 0.03819089067472685 0.05981135200509069
1 0.13755311612822135 0.9448676046705907 0.13879087468172657 0.11026479065881852
2 0.10363845607890546 0.5823772426798175 0.14616811736154417 0.20948518268618094
1 0.5647181226925443 0.19717028007636012 0.04760225334181776 0.06304544000636332
2 0.6117743886855446 0.1461623107494962 0.05083634134309047 0.07245680267345422
2 0.3108135147199066 0.3957510413749072 0.07491018801718105 0.12741702267663593
2 0.2681982060391346 0.2913629860359529 0.05724997334499946 0.08659202800763595
1 0.20798741203849822 0.28597550469445326 0.05557838534372683 0.07719884667409058
1 0.713465252705271 0.2926384160964046 0.07936133068109008 0.10715906667727229
1 0.3586413927036801 0.2767925033815887 0.05717724801081765 0.08034202800763604
1 0.3118112986950896 0.21297490404199806 0.03968066534054513 0.053579533338636146
1 0.8056794773631349 0.22887645544235863 0.06980451734563572 0.09142497867599957
2 0.2524544800286351 0.21384651336727117 0.04300566000954502 0.07080339600572705
1 0.36715277936027146 0.20268284138286136 0.04763861600890866 0.06617044000636332
1 0.7030839254057695 0.5417026247612684 0.11273745202099902 0.1559783746817267