1 0.5598998233256951 0.834415741406724 0.21599390159486126 0.2868112986950898
1 0.34532229815572957 0.5077879647119524 0.14993118407993072 0.2001283640197263
1 0.5000838397588547 0.579882235399406 0.1415004350298613 0.17347495735199914
1 0.6242473851617019 0.5453992420830416 0.1449527433504862 0.18757382001909004
1 0.7597835352379517 0.46262419943504074 0.11344686379145834 0.10910337468172653
1 0.9066234740675352 0.5299400634547672 0.11969686379145834 0.10917610001590834
1 0.46454246399954896 0.39514360872849713 0.08528549620027785 0.10721361067790855
1 0.5888527861878823 0.4340799340785873 0.09952983415618064 0.11518974267981755
1 0.21750315662885447 0.3516550486950896 0.08699346656500007 0.11348179201145392
1 0.38850598765090305 0.34973965471831575 0.07740026101791671 0.10399770401018138
3 0.893825348023889 0.4072383601209035 0.212349303952222 0.24629538669636233