2 0.529890861248705 0.04548268060426026 0.0499315334984459 0.0664432061685102
1 0.5785488391227986 0.08294572443575006 0.05163958271265763 0.06959547970746054
1 0.6017937481379733 0.19591332873782114 0.08485449710451576 0.11232845048646736
1 0.8510596557054058 0.36044956696999364 0.14884853060296202 0.17901711850553054
1 0.27503673469400985 0.8521453323879739 0.2524530277074778 0.29167285145940197
1 0.15883803825144777 0.6907595933450225 0.21880146567298447 0.2395648806803951
1 0.33178527088305226 0.408607792209932 0.11657968610347993 0.15659664772652385
1 0.2533477477236884 0.3528993088490235 0.10262419396136276 0.12512845941492107
1 0.35079632836943153 0.22922425527830104 0.07460620181924557 0.09341480925276535
1 0.46685593775610973 0.48834806493810345 0.13736737510244393 0.20067393019392785
2 0.2864234592628437 0.20689133360578982 0.09107026385373888 0.1452227711033184
1 0.3720484361034799 0.1483191286550956 0.054982906533975306 0.07433752678536125
1 0.42715115901517464 0.1059173944834082 0.0483690334984459 0.06641593262955987
1 0.3758240994618808 0.09508503449929426 0.046442660462916764 0.058576159090609516