1 0.83828125 0.1326230223537851 0.0640625 0.056622704722264314
1 0.65 0.891530910622879 0.1453125 0.18678290339440445
1 0.48046875 0.9261109645830174 0.1515625 0.14306926483072288
1 0.26953125 0.946869413058766 0.1703125 0.10411584913967857
1 0.61484375 0.7011104437021705 0.121875 0.19445904800821018
1 0.46640625 0.7347865278147341 0.1234375 0.1991556383672899
1 0.3140625 0.8169228378249969 0.15625 0.2243465359079618
1 0.1515625 0.8889619851692772 0.16875 0.2212942587805987
1 0.46875 0.5527416422761148 0.109375 0.1787613251355733
1 0.3453125 0.6378347806434045 0.115625 0.16317268657189174
1 0.20078125 0.6925818888582691 0.14375 0.21489881303532493
1 0.36171875 0.5385205818730685 0.096875 0.13493860226293625
1 0.26015625 0.5609864552132436 0.1015625 0.13340337334017516
1 0.365625 0.46584160597536944 0.08125 0.10672269867214013
1 0.28828125 0.4701978287498106 0.084375 0.10986587939029953
1 0.3859375 0.4063484313073344 0.06875 0.09102497579950324
1 0.30078125 0.4146563558771736 0.065625 0.08631929508134384
1 0.37421875 0.35563535900043153 0.05625 0.07532725292686618
1 0.3078125 0.3700841992613153 0.0578125 0.08314884328594588
1 0.3265625 0.3309126149523599 0.05 0.07372839149054773
1 0.33984375 0.29489784690018317 0.0484375 0.07215680113146812
3 0.384375 0.272763771666414 0.0984375 0.16307269262201593
3 0.13359375 0.5656290242986927 0.2671875 0.40624195140261465
3 0.20859375 0.378473937062871 0.140625 0.2023806323171656
3 0.2515625 0.29931770218818154 0.115625 0.15848518657189176
3 0.3 0.23106715105671335 0.115625 0.14911018657189173
3 0.38359375 0.20714331684595386 0.06875 0.10196247579950315
1 0.93203125 0.197702600809008 0.0546875 0.06594316256778665
0 0.26953125 0.19921316305876596 0.084375 0.08955337939029935