1 0.3610196379073528 0.6402815128144003 0.1025413626613009 0.14300985376405215
1 0.4235077090481603 0.5798268324723329 0.07882001977166339 0.09680601581733086
1 0.42782118285070625 0.45522608049516666 0.060613847832553344 0.07110567885919253
1 0.4795428503411922 0.45703131962075166 0.07043451680591399 0.08242518083635879
3 0.35780574908577895 0.7726629312934693 0.3294990879839025 0.4299208992388783
1 0.5754150603407547 0.6589347178338658 0.09265702669174569 0.13012785178688588
1 0.3664817762346352 0.5054608438410395 0.06424818380210837 0.08373301285158127
1 0.514850292051966 0.5745398131949611 0.0696360207602467 0.10111151384016441
3 0.647124281177551 0.5175019515222434 0.13898288144438115 0.23340936068413462
1 0.680625189276497 0.4754444441078697 0.05111151384016459 0.06759867688202625
1 0.6806278478697343 0.4370995271116752 0.04610567885919252 0.059595175893442945
1 0.5872598498469006 0.4502945468833387 0.052992348821136306 0.07547484387822045