3 0.02734375 0.3924764443756475 0.0546875 0.16817211124870504
1 0.059375 0.4784845649299774 0.096875 0.11076202564056317
3 0.3234375 0.5349356563290876 0.53125 0.5559933664159914
3 0.7984375 0.6776559257689069 0.403125 0.5359633486333113
3 0.2 0.32037235029045025 0.2109375 0.21763707195929075
1 0.3765625 0.36293006968748837 0.121875 0.1259889193542568
1 0.5453125 0.38397666212005577 0.15625 0.1572774607105858
1 0.7578125 0.4084543155536592 0.19375 0.19183655128112634
3 0.88671875 0.31104416046742595 0.2265625 0.27773981803034936
1 0.6265625 0.33175488255055113 0.153125 0.14463191149637405
1 0.4375 0.3202481100103599 0.1171875 0.1242080955329393
3 0.29140625 0.2793962857747576 0.2125 0.2052098465663966
1 0.396875 0.7588589997951123 0.240625 0.30026978949430205
3 0.090625 0.5317165727878603 0.18125 0.31469185442427944
1 0.31640625 0.25479439206106386 0.065625 0.07024403349844607
1 0.95078125 0.44321665157608575 0.0984375 0.13895980024766902