1 0.63828125 0.209375 0.028125 0.05390625
1 0.74296875 0.19296875 0.03046875 0.040625
1 0.70859375 0.23359375 0.0375 0.05546875
1 0.78671875 0.18359375 0.03671875 0.04453125
1 0.27578125 0.478125 0.08125 0.11328125
1 0.78046875 0.23359375 0.040625 0.0515625
1 0.6671875 0.3203125 0.04375 0.078125
2 0.76484375 0.33359375 0.046875 0.1015625
1 0.83515625 0.23046875 0.04296875 0.0515625
2 0.28203125 0.2734375 0.059375 0.09453125
1 0.81953125 0.30390625 0.05703125 0.0796875
1 0.43671875 0.246875 0.03828125 0.05390625
1 0.91796875 0.30859375 0.05546875 0.0703125
1 0.74296875 0.64375 0.09765625 0.15703125
2 0.9515625 0.7953125 0.096875 0.2609375