1 0.6613103934867078 0.19387409572313233 0.041764776119281775 0.05292659255827141
1 0.18103415253181937 0.41884674763774726 0.12003361827193722 0.14767858656782168
1 0.8060806608995623 0.2332416744864056 0.041601001809022264 0.049801592558271324
1 0.7301289925367682 0.2571032712210283 0.05179487336031983 0.06575397477225656
1 0.33811631218818633 0.3806622452754946 0.10613489258219663 0.15031251324684397
1 0.4719214241285455 0.35960075552711357 0.07736143939369348 0.1071974303072194
1 0.40487336499257687 0.28551592558271394 0.08032266508343397 0.10418155771188112
1 0.3466580732694628 0.2460516322988031 0.06503185775648763 0.08025298439090331
1 0.6714577566702623 0.41725703202080144 0.07703389077317446 0.1009474303072194
1 0.32105056365852436 0.20382692676384032 0.05993492198083885 0.07227679328391083
1 0.4708015801668678 0.219194010336437 0.055329309135968605 0.07367560217691818
1 0.5415268379687839 0.214645408792491 0.047107373360319824 0.06559028366526398
1 0.48935682835784544 0.1714931203179036 0.04505355042954129 0.05616071996293313
1 0.7345474926483098 0.8932341671451935 0.19509557326946272 0.213531665709613
1 0.4492297953411587 0.14981652775963222 0.04357293758467105 0.05766865626060227