1 0.6953125 0.053125 0.01953125 0.03359375
1 0.7078125 0.05859375 0.025 0.03515625
1 0.34296875 0.271875 0.08125 0.09609375
1 0.73203125 0.06484375 0.025 0.0296875
1 0.73828125 0.04296875 0.02109375 0.0203125
1 0.72265625 0.02890625 0.01875 0.02421875
1 0.75625 0.01953125 0.02109375 0.03515625
1 0.759375 0.053125 0.02578125 0.03125
1 0.7515625 0.0859375 0.025 0.0484375
1 0.76796875 0.078125 0.025 0.0390625
1 0.61015625 0.49140625 0.08125 0.171875
1 0.52265625 0.18359375 0.046875 0.06875
1 0.77265625 0.48125 0.09921875 0.16875
1 0.73203125 0.0890625 0.02578125 0.0203125
1 0.79453125 0.1046875 0.02578125 0.04453125
1 0.68203125 0.2546875 0.06015625 0.09609375
1 0.78359375 0.1296875 0.03984375 0.059375
2 0.7265625 0.12578125 0.040625 0.0703125
1 0.6359375 0.1296875 0.03671875 0.05703125
1 0.85390625 0.18046875 0.053125 0.08359375
1 0.5796875 0.03359375 0.01875 0.03359375
1 0.596875 0.01953125 0.015625 0.03515625
1 0.94453125 0.31015625 0.08515625 0.10390625
3 0.54296875 0.059375 0.0375 0.08671875