1 0.757480701893594 0.06584919676954072 0.022074987899751618 0.03462953866963623
1 0.7793375211754346 0.06922873543917694 0.022038626463433176 0.028379538669636228
1 0.691631425453602 0.5065191027609501 0.10724993949875791 0.17311133068109025
1 0.728501729020957 0.07801284209894999 0.028388620413308984 0.045639764003818015
1 0.7901704820460191 0.08732475477399507 0.029951120413308985 0.04565794533736347
1 0.7611687832756832 0.10339465010340435 0.03467498184962743 0.05196248933799978
1 0.6640665242986927 0.14132990742358675 0.034720433645025396 0.05977498933799978
1 0.5987596868664793 0.08587879141467807 0.028397710772388507 0.047202264003818016
1 0.5906517501963917 0.13656913474695087 0.031586343285945874 0.05817612667090888
1 0.802315958041914 0.14840770544235862 0.04251475292686635 0.056740896005727
1 0.833284156910446 0.1972088321132675 0.0535886083130606 0.08030566534054513
1 0.8943352863989411 0.17838665412153984 0.05353406615858276 0.07093066534054512
1 0.9765028917851353 0.15590367413267572 0.04566702400410492 0.06146475867281791
1 0.9375398648541641 0.2726457314608123 0.08662836729005079 0.11974997334499946