1 0.6957275673417715 0.8142335615393026 0.1961191191097921 0.3715328769213947
1 0.6832489110941667 0.04657247733694908 0.02583645459715278 0.03695617193911025
1 0.6611252168493406 0.33680088790735285 0.09720492116215293 0.15225751977166357
1 0.8555519365484727 0.5749733444468742 0.1459346683123613 0.2338550296574951
1 0.6530529180280208 0.05704972091115844 0.029143292553055745 0.04489600593149905
1 0.5151541809457987 0.1013833582498576 0.03404899810013902 0.054462006920082205
1 0.5832872383164932 0.14474603908621644 0.04364220364722229 0.06421900889724856
1 0.7600491068576043 0.12697224315427988 0.04832970364722229 0.06441000988583175
1 0.8232030702884723 0.12408200650015273 0.052980836056041626 0.06303851087441492
1 0.5764728874428126 0.08671070459953606 0.0356478656913195 0.05608817391627661
1 0.8740044637152085 0.22761818338217887 0.07554682028847245 0.0936173488211364
1 0.5534347777354167 0.0693812831547174 0.0292523953265972 0.04958350593149905
1 0.6111745425530556 0.06861196201390987 0.029179660144236053 0.04645850593149905
1 0.9671634903585243 0.44628195315384234 0.06567301928295137 0.1498673488211363
1 0.9848887187492016 0.29691862311578626 0.02580139342673604 0.10251750494291585