1 0.36386752336876077 0.5063825815581119 0.06108735731976358 0.07266817885919252
1 0.4250597344936313 0.5033968444096931 0.05876287799792799 0.08972834486680377
1 0.3007639017809735 0.5672126522046279 0.061669554176610394 0.08516817885919252
1 0.37238419065610306 0.5756100840295698 0.0632320541766104 0.08523184585538672
1 0.5525531102197568 0.9970473908359214 0.10748716832079949 0.0059052183281572464
3 0.13558631968748838 0.8767216674904861 0.27117263937497676 0.24655666501902793
1 0.4800554495474432 0.5158132727745941 0.06628427956950453 0.08379667984777565
1 0.49512183147431266 0.444415775246052 0.06697348428423436 0.06511034684397003
1 0.41263873966542697 0.9610833745242988 0.13717897642635143 0.07783325095140228
1 0.5038352820552131 0.8455299476794538 0.10629715756743252 0.17276102076024671
1 0.4736833633201288 0.7198468567669828 0.0965197431755744 0.13025518577927464
2 0.48397666212005575 0.5660679407593716 0.07169952564056317 0.0996126808363588
1 0.538623466710951 0.636392369618564 0.0831464478903042 0.11099584980971962
1 0.6790258347840815 0.7141247332684482 0.10546240363849116 0.18832235376405232
1 0.6309950572814916 0.6025850553978389 0.07533394789030404 0.11067751482874755
1 0.4013781778358215 0.6253209239534577 0.08583480024766903 0.10174818380210837
1 0.6075982526905964 0.5335339664625341 0.058471779569504535 0.08347834486680376
1 0.6338375750641718 0.47433272140545013 0.05534677956950453 0.08335101087441502