1 0.38141105600305913 0.5145759430059091 0.07329322402541774 0.0837599303072194
1 0.4370161736978108 0.5243254544386545 0.06876936525911966 0.09297123920022674
1 0.3109991444768176 0.5511557945498552 0.06709777110331831 0.08666667549789579
1 0.3852860783241935 0.5576538204105708 0.07016822402541764 0.08365080290255769
1 0.4646340279965866 0.9794494309401915 0.11814207386326174 0.04110113811961682
3 0.16080209577406385 0.7582812698702659 0.302130884737585 0.4009375397405318
1 0.4858355032431156 0.547891929210911 0.0733750446422686 0.0884474303072194
1 0.5128559249156268 0.4855928258528664 0.07310230925276535 0.07282243030721922
1 0.37513910551329654 0.91141494895395 0.1750114569792891 0.17717010209210002
1 0.4707771136309713 0.8034598829317755 0.11207508035608349 0.15850695916316013
1 0.46835945129395096 0.7096826010806099 0.1007557508107789 0.13625001324684388
2 0.4960287094116258 0.5950943114248961 0.08803756249917623 0.1233135036281972
1 0.5346605612780649 0.6612475902808367 0.09258869480442442 0.1156646947351895
1 0.6366458011317951 0.6890129809323423 0.09625916558343128 0.14702382213985138
1 0.6009889448011292 0.6143750794810635 0.07512845941492116 0.09943949400955017
1 0.3887753169601078 0.6233606659640671 0.11610801542127547 0.12117065027015243
1 0.6219230077073424 0.5612327213136955 0.062273903408566686 0.07869048439090331
1 0.6758195750777827 0.5178299508952755 0.054270488635914306 0.06748016587924913