2 0.37932158870851373 0.24375 0.13663532092583344 0.115625
1 0.574929495242489 0.3171875 0.08002144789030403 0.1078125
2 0.5398374036384912 0.184375 0.05614730024766903 0.0984375
1 0.601354946442562 0.16328125 0.056472631926869354 0.071875
1 0.8546833076912671 0.21796875 0.08576202564056316 0.096875
1 0.7809118598009629 0.11015625 0.05283820967712849 0.0609375
1 0.7413420916039979 0.1328125 0.0577440334984459 0.065625
1 0.7195205955329393 0.1171875 0.0510573858558109 0.05625
1 0.7218985787837162 0.084375 0.04458906203449331 0.0515625
1 0.6833455010334573 0.0953125 0.04458906203449331 0.0515625
2 0.6571811073197635 0.0703125 0.0416823858558109 0.05625
1 0.6398480581055519 0.0671875 0.04004711124870504 0.0546875
1 0.8840840173683955 0.27890625 0.09750004631872784 0.1140625
1 0.5631978209258335 0.115625 0.039974336641599176 0.053125
1 0.50743797249741 0.109375 0.03663101282028158 0.0484375
3 0.9002269400324213 0.1390625 0.14717902274507894 0.2078125