1 0.3089846485576385 0.4475475612846555 0.13590374525034737 0.1351307508107789
1 0.1954683156357288 0.39252091639750547 0.12147756933854179 0.11926028896022575
1 0.9628941646095484 0.26823301908131403 0.05214568787965277 0.09306025324641087
1 0.5728114124253468 0.41951446997152314 0.10770601006798622 0.1315148271096728
1 0.49641648584795117 0.2123389439969409 0.06566267401194459 0.06986821509696392
1 0.47657676453329845 0.19238100000329528 0.059194468464861136 0.06038412094116259
1 0.41573018351124985 0.18953841802235855 0.06406380642076392 0.06827844155801363
1 0.5965626094230554 0.17076332427359428 0.05145470364722229 0.06337275324641087
1 0.9533113043334716 0.679951769081314 0.06639263867708323 0.23543866801906327
1 0.7388468011993397 0.8016160836090851 0.15113131458888915 0.2525364391223818
2 0.4614108258006243 0.87752361323382 0.20687216831236127 0.23164328652459396
2 0.506701328837847 0.13953268953271397 0.0403353656913195 0.05536933847375849