1 0.5953125 0.23984375 0.04921875 0.08359375
1 0.6328125 0.58203125 0.10546875 0.20546875
1 0.246875 0.40625 0.09140625 0.13359375
1 0.71171875 0.06796875 0.02421875 0.04296875
1 0.74140625 0.08671875 0.02890625 0.04609375
1 0.77890625 0.0859375 0.02578125 0.01875
1 0.58125 0.11328125 0.02890625 0.05
1 0.71796875 0.11796875 0.03828125 0.05703125
1 0.78515625 0.1203125 0.03984375 0.05390625
1 0.81015625 0.1703125 0.05 0.06484375
1 0.61328125 0.05859375 0.02109375 0.03671875
1 0.57734375 0.03671875 0.01796875 0.028125
1 0.5640625 0.0515625 0.01953125 0.03359375