1 0.4180096093383673 0.5500802505891752 0.06634869629109837 0.07380111436318479
1 0.46928882632168045 0.529463223560008 0.07021068068726599 0.08788179508134401
1 0.387814176276252 0.615119443309387 0.07514384215265535 0.09259656615858276
1 0.44596419097557305 0.5764882144848217 0.0824650192218769 0.0832670179539809
1 0.6959729935528209 0.9032587509819585 0.13812187697836437 0.16169199980360816
3 0.39086833446228086 0.747954669207086 0.2704784328349727 0.36240104781181837
1 0.5224957134768102 0.5307166513513011 0.076460680687266 0.08791815651766229
1 0.5173301786511011 0.4619757417103806 0.07399742198083885 0.07072156615858276
1 0.6414725220469519 0.8027638472929667 0.11452060266810485 0.1584306444174139
1 0.8834829596316232 0.8576230223537851 0.17800324852966193 0.1775442587805987
1 0.6129137528250752 0.7200922478587006 0.10087418249628825 0.136482921544777
1 0.5876061363621602 0.6248979225267357 0.08517393939369348 0.10515110831306043
2 0.5819592446844748 0.5022371273471959 0.06453389077317447 0.0987829336450254
1 0.6442821822691458 0.5581416937021705 0.08328389077317447 0.0988920179539809
1 0.65918016395178 0.4994434045727548 0.06913950361804452 0.09724770472226432
1 0.6594767350735363 0.46036726903413533 0.06314180913596842 0.0722204336450254
1 0.44389375791345775 0.6413637807416004 0.10745837516934209 0.11309087334017516