1 0.4750330020285949 0.11069734984690063 0.05736821509696401 0.0663545118629981
1 0.43775119034019766 0.12166934193823523 0.05887616801906326 0.06329317885919247
1 0.5353938035707224 0.12486727920038469 0.05566934740221221 0.05847834486680368
1 0.07554465989809313 0.66042284684397 0.13308878408896188 0.2895956936879401
1 0.187427456572252 0.36129162155854944 0.11846144805083533 0.16721135771838497
1 0.5423256420444809 0.16418444718516226 0.06844208279171564 0.07461268083635889
1 0.43784269358660854 0.17163750844013803 0.06531708279171564 0.07448534684397004
1 0.2804450251605081 0.2784247248283101 0.11980575973923262 0.15477502471457932
1 0.19471030235290646 0.15236229053191014 0.07510118587597074 0.0983048488211364
1 0.2694239301939279 0.13901205634924094 0.0733750446422687 0.08886618182494202
1 0.6722155137964224 0.35996647387690794 0.1191784683433749 0.11883752471457942