1 0.0578125 0.7283418991263193 0.115625 0.2495662017473613
1 0.1375 0.597580901976111 0.1140625 0.17765483415618064
1 0.5203125 0.9019520921368744 0.159375 0.17558449430041706
1 0.36015625 0.8486485202328817 0.1546875 0.26610039152687504
1 0.134375 0.8453098871584721 0.184375 0.20585387575930553
1 0.40859375 0.6404898749062844 0.125 0.19197190729444458
1 0.5421875 0.7662866958603468 0.1359375 0.2094139804327085
1 0.228125 0.46890908168763873 0.11875 0.16370143692972228
1 0.2328125 0.692237478914097 0.1671875 0.24451633225631947
2 0.29296875 0.3845873266536456 0.109375 0.163483231382639
1 0.54296875 0.6217372620647564 0.1046875 0.18368662860909737
0 0.5875 0.4550757857161106 0.1109375 0.22601959897381949
1 0.32890625 0.5298446220564927 0.10625 0.15403549620027784
3 0.25234375 0.30037663402434006 0.209375 0.28143575721819464
1 0.4359375 0.20782219206062463 0.0484375 0.0636273953265972
1 0.3359375 0.18358721789618027 0.05625 0.054434233282500036