1 0.4031474512410059 0.5118066710537977 0.06950616943775678 0.08007838544042353
1 0.45679528846716677 0.4941469932625047 0.06830738229073816 0.09256929508134384
1 0.348022030549608 0.5802475988450907 0.07290395407749291 0.08947156615858276
1 0.42889159732179766 0.5400862071581513 0.08370506175762475 0.08484769867214012
1 0.6644149425320244 0.9047991887131911 0.13887594655564542 0.15546927088084708
3 0.33583896463534807 0.7826539395969538 0.30174698574772807 0.4346921208060923
1 0.5107015384671667 0.4944606106507516 0.07442098997087002 0.08791815651766229
1 0.5127701553184988 0.4233668606507516 0.07548338479802066 0.07073974687674216
1 0.6137139120489234 0.7943293213249442 0.13022837226160816 0.1804147287263696
1 0.592981526392973 0.70122421593875 0.10569973370266403 0.14277837334017515
1 0.5651580547645028 0.6369889991162372 0.0991314849563052 0.13180451190385672
2 0.551584951241006 0.5126702551663614 0.07514841567683313 0.11291815651766246
1 0.6125846357224575 0.5645963695295462 0.09242684389007838 0.11614315046753827
1 0.676144682040676 0.501674188713191 0.08617684389007838 0.11610678903121965
1 0.639644892386375 0.46708102009528024 0.06481866943775678 0.0800511143631848
1 0.44430599716351316 0.601123701108027 0.11563702335696498 0.10846700585373252
1 0.6714237412910184 0.3953787369177929 0.053335600158284535 0.06123748184962743