1 0.657688503628197 0.07831952124445864 0.049166675497895794 0.06617044000636334
2 0.5814980258607156 0.0674825659214127 0.046369057711881115 0.07550907733927245
1 0.6749231328469574 0.12423145790900418 0.06555556733052796 0.0882272533418178
1 0.6977356394703793 0.17320475990614068 0.06399306733052797 0.0882090720082723
1 0.760828405712448 0.23421443789786833 0.08830358656782167 0.113481792011454
1 0.8928571996293311 0.41165709054746 0.15057046279135697 0.19698518268618095
1 0.34056804644877176 0.6658404392902747 0.18082344718226037 0.2582499466899989
2 0.5312971954529798 0.5323177725970941 0.1618750397405318 0.2970760893539081
1 0.29582843220613586 0.4365802006285927 0.10992561542376222 0.1512181493475449
1 0.32945935462398895 0.21344214528963837 0.07013393992586625 0.08515679734245411
2 0.5193775156939147 0.25812629459741226 0.07316965988879928 0.12736247867599956
1 0.45582095798203354 0.1838353666056846 0.06410219473518967 0.0913340720082723
1 0.41161460099579184 0.12651376261141162 0.04604167549789597 0.06613407733927246
1 0.47085319173996476 0.12191662193668473 0.04754961179556503 0.06458975867281791
2 0.4613938569862416 0.052467187937639236 0.036612111795565026 0.06446248933799978