1 0.4625 0.5796875 0.12734375 0.23125
1 0.6640625 0.35 0.07109375 0.13515625
1 0.53671875 0.2984375 0.06875 0.11484375
1 0.46796875 0.2140625 0.053125 0.08515625
1 0.6421875 0.20859375 0.05703125 0.11640625
1 0.57265625 0.17578125 0.05 0.090625
1 0.6390625 0.08125 0.03046875 0.05546875
1 0.5953125 0.078125 0.02890625 0.0484375
1 0.80390625 0.26953125 0.071875 0.1
1 0.86015625 0.23125 0.06875 0.09609375
1 0.90234375 0.16484375 0.0625 0.07578125
1 0.8203125 0.12109375 0.053125 0.0703125
1 0.90390625 0.08984375 0.07421875 0.059375
1 0.58359375 0.1296875 0.03984375 0.0609375
2 0.56640625 0.09921875 0.0375 0.0703125
3 0.4859375 0.11328125 0.12734375 0.15703125