1 0.12578125 0.53828125 0.14921875 0.16328125
1 0.28046875 0.3484375 0.10234375 0.10703125
1 0.87734375 0.2703125 0.04765625 0.08671875
1 0.4171875 0.2984375 0.08125 0.0890625
1 0.50234375 0.2890625 0.084375 0.10703125
1 0.74140625 0.36171875 0.08203125 0.128125
1 0.3703125 0.2484375 0.071875 0.07578125
1 0.63125 0.378125 0.08671875 0.121875
2 0.784375 0.665625 0.10546875 0.2515625
2 0.97421875 0.60390625 0.05078125 0.2296875
1 0.60234375 0.16953125 0.046875 0.05546875
1 0.540625 0.13671875 0.04453125 0.05
1 0.2609375 0.85859375 0.2125 0.26328125