1 0.5758266791053864 0.3693741933234472 0.13055503844375363 0.16917120031656915
1 0.6850866559267808 0.7702654404204533 0.23306031999010238 0.3687285826073074
3 0.4211170041838715 0.09683122707199991 0.10587594301173801 0.19366245414399982
1 0.5382049276350485 0.19417561652212756 0.075962713703953 0.10985838479802065
1 0.8201421658764033 0.5003357221571955 0.2159746393028364 0.28086486975432584
1 0.6148869363414756 0.17478310735092756 0.08484639077317428 0.10075616943775674
2 0.5797140762101389 0.10170096001649458 0.07102955223856355 0.1050344924781526
1 0.500640729873612 0.09230087945425132 0.04529921189493056 0.06060253087881238
1 0.6459399417685425 0.030360303675463773 0.05015048620519025 0.06072060735092755
1 0.508856021596726 0.054619023027760595 0.04488977611928178 0.0527900308788124
1 0.4690465711217563 0.025355071853261642 0.03173467887824373 0.039926318025830944
1 0.8301810656946893 0.1599380426903089 0.1063053109449907 0.12322220282385157
3 0.4167338828597166 0.5323552296125358 0.3249423620519007 0.6335017879384413