1 0.6826412030719443 0.848461562689028 0.16427262002052548 0.303076874621944
1 0.45777405504029306 0.5544784393982642 0.12154878883482798 0.21530030452090293
1 0.45507279849918947 0.2129630866247226 0.06141928903121965 0.08423083605604172
1 0.6462649041799714 0.3885300503399311 0.09338742739850954 0.20839568787965285
1 0.5336199793155446 0.27651839997934075 0.07575449980360816 0.1314331443766667
1 0.6407335634281083 0.1305538961796186 0.04260565651766228 0.07285692496187504
1 0.5909608224050988 0.09032763326184076 0.03155907220870695 0.053852351823611144
1 0.7445080032214537 0.15562859099312562 0.04730224687674216 0.07452852773541671
1 0.8000403857350111 0.14598214048003538 0.048882927594901204 0.07768989532659724
1 0.8572125363007451 0.12309080755812571 0.05040906615858276 0.07147626291777782
1 0.797251729020957 0.08809690529767428 0.04095225292686635 0.05719555737069448
1 0.9691358193800366 0.09053484032753553 0.06132838544042372 0.06860583605604172
1 0.5614818797830828 0.18809233282500046 0.05516928903121965 0.0840853656913195
2 0.5751949218393647 0.11418270735003522 0.03797269867214013 0.08212282218833336
1 0.8259660397185907 0.39036857332569513 0.10869426483072289 0.15407186379145835
3 0.4736642380961433 0.10635006392329902 0.1338124394987581 0.17496624525034732