1 0.62265625 0.17578125 0.02890625 0.04609375
1 0.153125 0.5390625 0.10546875 0.1390625
1 0.28046875 0.5734375 0.10234375 0.14453125
1 0.45390625 0.44453125 0.06484375 0.10703125
1 0.25703125 0.4046875 0.06875 0.090625
1 0.34296875 0.41953125 0.06484375 0.1015625
1 0.6375 0.234375 0.034375 0.0609375
1 0.71484375 0.2609375 0.04453125 0.06875
1 0.48203125 0.30390625 0.04140625 0.0703125
1 0.68203125 0.41875 0.065625 0.1203125
1 0.8265625 0.31484375 0.05234375 0.078125
1 0.48828125 0.2359375 0.03515625 0.05390625
0 0.4296875 0.23515625 0.04453125 0.11328125
1 0.3734375 0.23046875 0.03984375 0.05703125
1 0.92421875 0.32890625 0.06328125 0.078125
1 0.3671875 0.18046875 0.028125 0.040625