1 0.40432224558898583 0.5165376477382637 0.06980124491161739 0.08197917549789598
1 0.4653006891665507 0.5151909133473603 0.07185506784239593 0.09140873920022674
1 0.3513510538204433 0.5661309091710092 0.07687011646291486 0.0978224303072194
1 0.42417440015697017 0.551847665161459 0.08575379353213641 0.08877481252120453
1 0.5355201724310648 0.9291244385751039 0.127525213703953 0.11206846878180698
3 0.2933448812737776 0.6988640528177397 0.27047843283497264 0.3697222560752678
1 0.5165699400710618 0.537663624872773 0.07810506784239593 0.09162699400955035
1 0.5411328488229177 0.46871272823081755 0.07720430913596861 0.07443949400955034
1 0.5239032417437987 0.8418699752355927 0.12751192559888339 0.1713343413771451
1 0.7435716898439193 0.9562970298674308 0.14579717887824373 0.0440823606144388
1 0.5271300610565326 0.7540971567239383 0.10087418249628843 0.13921132213985138
1 0.5346758881711826 0.6591293971052916 0.08541960085908258 0.1121577488188736
2 0.5799740208037566 0.5377975449283733 0.06601450361804453 0.09900298439090349
1 0.6144961849826792 0.6140773027329216 0.08673643939369349 0.10752481252120454
1 0.662738933173657 0.5638664824071687 0.06749511646291495 0.09749504809323425
1 0.6731917542954131 0.5243674727885219 0.06486808344622812 0.07712798439090349
1 0.4030264184743359 0.6112871525475871 0.10614153663473136 0.12067957694917482