1 0.38165619798857897 0.52890625 0.06980124491161739 0.0796875
1 0.4318985374277009 0.509375 0.06971935775648763 0.078125
1 0.33294538105069427 0.59375 0.07538950361804461 0.096875
1 0.41424296868079385 0.62265625 0.09479460085908258 0.109375
3 0.33840865049971375 0.93671875 0.2628828595655099 0.1265625
3 0.36028805178833767 0.77265625 0.42416335481581147 0.43125
1 0.5777732021724505 0.6328125 0.09553158525525038 0.1234375
1 0.5683340044110141 0.5296875 0.06848440637700648 0.084375
1 0.4034559548859839 0.56015625 0.07416119629109837 0.0734375
1 0.5829597484181204 0.47421875 0.058126760515449585 0.065625
3 0.4853068204443877 0.4890625 0.13688692559888338 0.1671875
1 0.636610370873929 0.434375 0.05212242198083885 0.0703125
1 0.597623113976524 0.403125 0.039956614653892684 0.046875
1 0.6321176226829512 0.3859375 0.03987472749876275 0.0453125