1 0.13692618776061893 0.4456828725660157 0.11388702564056316 0.09878414772652384
1 0.0371916691493691 0.6256897467535891 0.0743833382987382 0.15487050649282175
1 0.1862282510379665 0.845277723621676 0.22984597353086733 0.2085330689919978
1 0.46448599173234156 0.7537724675358912 0.16458053846084475 0.14806712743398426
0 0.22647022312109177 0.5846305499205697 0.1443408130679506 0.14927507142762994
3 0.6018169795312326 0.5538797873419633 0.3376242402800903 0.24320016964062105
1 0.8415343351983664 0.8205688608014835 0.1341652923897861 0.13192393019392767
1 0.024858643094521175 0.49001134537361735 0.04971728618904235 0.09810230925276535
3 0.5567034168775666 0.85208150812097 0.5971833308506309 0.2852003035674272
1 0.5787796240734957 0.8306195653451406 0.14880998924663302 0.14466939204448082
1 0.31807325641464995 0.9140123125024715 0.23547523531769157 0.16179443668674978