1 0.2740391260343621 0.2625918023544035 0.05879429201145401 0.08639385698624161
1 0.5737744020130449 0.11609134690425864 0.03815452800763595 0.05755952885594055
1 0.5047062286759996 0.086346794001701 0.033394302673454314 0.051145837748947987
1 0.6318323500159083 0.13920395389050033 0.04767497867599957 0.0703869110699257
1 0.6269544933561353 0.18979423093234232 0.061955654678545004 0.0896279843909034
1 0.3423004193984515 0.49144597785229943 0.11115677068745367 0.15694445916315997
1 0.245116336728179 0.4615005283077863 0.10779541335136278 0.13652283175849825
1 0.4516368673615442 0.22349956442012103 0.05563292934436319 0.08315972958157988
1 0.7054340293602716 0.2229911660488851 0.071421561346272 0.09776786660488854
1 0.37909879602958957 0.23111860226173625 0.06030224801081765 0.08176092068857255
1 0.4107840533497719 0.13538944001068423 0.03344884667409058 0.055833337748947984
1 0.46658915802036277 0.1662327014434296 0.049146572008272216 0.06262897477225651
1 0.7536004513844522 0.4027257952676454 0.11588063335454439 0.16023315027015245
1 0.9418527873567717 0.46716778510084433 0.11629442528645662 0.18227184137714508
1 0.4371556493475448 0.11991077295030879 0.03170453333863606 0.04015377404661713
1 0.38866360534690847 0.11353179817805223 0.033285214672181596 0.041770837748947985
3 0.6148079346753632 0.08550603501602634 0.07147610534690844 0.10245536660488849