1 0.7430118400986115 0.16353938515121266 0.03681025324641087 0.050627291395857824
1 0.6595350925342436 0.2477837459461055 0.04969208279171564 0.07272047970746058
1 0.7379776923720878 0.27296893222911334 0.062437544642268604 0.08700116801906325
1 0.24909069602553577 0.40568338961214423 0.08329551542127547 0.11860572402541773
1 0.37161630682042857 0.3215384403434929 0.0705773271096728 0.10588753571381497
2 0.44641570941821634 0.37646567370440137 0.07416597727182861 0.13250458279171565
1 0.8431385251638034 0.19928024188891574 0.046321620941162676 0.058603432629559825
1 0.7825186250016477 0.2268927731385038 0.05596935633066593 0.07439207386326192
1 0.504502719157449 0.22549746307166432 0.04653980925276535 0.07110343262955983
1 0.8544191241908689 0.35840978003836266 0.07663641233702023 0.09505912986961622
1 0.3917942134754061 0.19466229464556398 0.041715941558013545 0.06320911201270887
1 0.7444563741941641 0.8414325600701348 0.1571342102256999 0.23236030681713338
1 0.47927662256601566 0.14939861323382014 0.033685253246410876 0.05057274431795715
1 0.9166256546329732 0.911061447246647 0.07753643912238176 0.14662162986961605