1 0.0453125 0.93984375 0.08828125 0.1203125
1 0.096875 0.78046875 0.13671875 0.2109375
1 0.17890625 0.64609375 0.078125 0.1515625
1 0.59140625 0.90078125 0.12265625 0.1984375
1 0.42890625 0.8453125 0.10078125 0.23125
1 0.21875 0.8953125 0.14765625 0.209375
1 0.43671875 0.64375 0.08828125 0.1609375
1 0.58203125 0.7359375 0.09453125 0.18515625
1 0.23828125 0.51328125 0.08828125 0.140625
1 0.02734375 0.48984375 0.05234375 0.10390625
2 0.04921875 0.38203125 0.096875 0.140625
1 0.32109375 0.603125 0.096875 0.16640625
1 0.17578125 0.3046875 0.05625 0.06640625
0 0.84296875 0.265625 0.04609375 0.07578125
1 0.64296875 0.26484375 0.04765625 0.0609375
1 0.2484375 0.23671875 0.04296875 0.05