1 0.5480284338414172 0.07669414807445112 0.044122704722264317 0.06457157733927246
1 0.49801479830279777 0.07845609540099689 0.044122704722264317 0.06457157733927246
1 0.6113914970731338 0.06336799208304164 0.04566702400410509 0.061464758672817886
1 0.5134307200439665 0.11457540873645133 0.04884656615858276 0.07087612133990877
1 0.5869682139938424 0.09824243141308724 0.04569429508134402 0.0661522586728179
1 0.6062312984009937 0.14456344808240532 0.06455337939029934 0.0851204346753632
1 0.7037875544511178 0.1628872814289956 0.08023292154477701 0.0946772480108177
1 0.5869404220357564 0.23731402207985997 0.08343973477649361 0.10877611067790856
2 0.7084881691088901 0.29498216609640465 0.10556926483072289 0.15278064934754482
1 0.8958836299794747 0.315132676121858 0.1368647166261212 0.16095677601845368
1 0.9091274767814618 0.5903053987905398 0.17656354176169414 0.2707863093570898
1 0.259864316747758 0.321795373368862 0.0803147347764936 0.10873974801081765
1 0.3187984343323965 0.3982675140435889 0.1023624515990063 0.1386817866804538
1 0.4542723260193361 0.4795367900620426 0.14183401775758925 0.20944882001909004
1 0.4398881600337038 0.26607372672658813 0.07565450585373235 0.11337270401018137
1 0.37654834358053346 0.14110954205122492 0.051944295081343836 0.06622498400699968
1 0.4375812923508695 0.12541236405949724 0.0535886083130606 0.08030566534054513