1 0.6255040187830803 0.10353680128986162 0.044479511862997964 0.057231924961875034
1 0.5849718606841344 0.1431798763279866 0.05273768083635879 0.06835126291777782
1 0.08560580243208929 0.6451319684648611 0.1144975346004111 0.16657186379145833
1 0.44141674513144624 0.7767339926848962 0.178491050417742 0.24299019984749998
2 0.18364671300249305 0.6185350605048265 0.17629188045579797 0.22732883225631967
1 0.6961348537640523 0.11298584289298667 0.05098417984777566 0.0636273953265973
1 0.7376710963496784 0.078829701650452 0.04766817885919252 0.05886716014423614
1 0.6913637821289532 0.16829093873267417 0.05774351581733086 0.0762728656913195
1 0.6396076225471325 0.20064819063253525 0.061059516805913996 0.08103310087368065
1 0.7819251151327589 0.16883775902114645 0.07425985376405216 0.09851154160312507
1 0.6454848908359214 0.28742149201930606 0.07738485376405216 0.09858427678548623
1 0.7383780449805345 0.23026491508132008 0.07075285178688588 0.08906380642076392
1 0.38707948323126706 0.32433503808774333 0.0725063527754691 0.0937876740119445
1 0.7771181872993306 0.5105888479269798 0.13863537155854946 0.18430487765916687
1 0.9606032134596034 0.5604291130289591 0.07879357308079307 0.19131729065319458
2 0.9772462381555925 0.38352177412312577 0.0455075236888149 0.1575228656913195