1 0.14519506557908832 0.8887499867531561 0.2060463613745322 0.18187502649368775
3 0.08465155472495448 0.5997073341207508 0.12983350067736854 0.45371033175849823
1 0.3457573145630355 0.20551086770119684 0.0621525192218769 0.0848313569862417
1 0.3962353493887446 0.2726239566312712 0.07497342378986112 0.12115080290255768
1 0.31579201209732927 0.5298040287711225 0.1315376843053107 0.18863096878180663
1 0.48129750339090194 0.5068054944728864 0.11369508706427282 0.17553076805616746
1 0.40932184757972223 0.22364081960796262 0.06091756784239592 0.09102679328391083
1 0.49815637550802644 0.32072166153326187 0.07456398801421252 0.11333830290255768
1 0.45579737788287555 0.16957831298454065 0.04570864767057934 0.06866071996293313
1 0.5223607581406003 0.20012641933781014 0.05236808344622812 0.07669147477225655
3 0.4213537788328153 0.10973208703115778 0.0792448439616777 0.14313493030721935
1 0.4803945861597615 0.13115073004491612 0.042010437584671226 0.057614092558271414
1 0.5232781269783644 0.142958760081983 0.042174211894930556 0.06073909255827141
3 0.9553469985296619 0.5599304282386669 0.08930600294067617 0.483452395460829