1 0.23840695238457327 0.3700427105056979 0.09907382513557321 0.11395980024766902
3 0.10407337988127867 0.7177439640203547 0.20814675976255734 0.4957620719592907
1 0.23058029596510674 0.5070889462376742 0.11338176483072289 0.1568022717116218
1 0.3601132598607532 0.5276111538478881 0.11972266842151917 0.17271837014004526
1 0.3887548476857501 0.8402545490093238 0.22977035499341075 0.29343759263745534
1 0.26077737695441244 0.28386761600621596 0.06926815046753827 0.09226458271265772
1 0.3102779280858806 0.23313771588238144 0.05982951795398091 0.08089043507002262
1 0.5283284913175972 0.20892315819111432 0.05664997579950324 0.0713698858558109
1 0.3720284943426592 0.22479436890170007 0.051962475799503235 0.07115156203449331
1 0.3965245002945876 0.1760101124915593 0.040961343285945875 0.05970463978475231
1 0.6252166059753694 0.3364059952469982 0.09921927088084707 0.13895980024766902
1 0.3347830243968885 0.18279095947224067 0.03937157220870695 0.05494436517764645
1 0.4232869881943392 0.14039794417075974 0.03774543969514958 0.04393409057054054