3 0.4721138109922213 0.4905666246021848 0.08276808996629618 0.2618829293443632
2 0.7741201759445813 0.8135928552275958 0.16276466217500313 0.31593517735518084
3 0.6004700942679044 0.5835979145846857 0.12386578863843631 0.3436056440165448
1 0.8097809408734999 0.7264650252228233 0.11196471057599666 0.1778533746817267
1 0.6430393893492484 0.5174820185789586 0.04582156010845857 0.08802725867281787
1 0.7318746303722581 0.5555081825668682 0.06774201190385654 0.0960942973424542
3 0.49006035597536945 0.3598978799331849 0.03964428298109546 0.10045453333863615
1 0.5861359252572103 0.36190472792014006 0.018931807181592396 0.031468176002545346
1 0.5479273981298471 0.34985017059200346 0.018940897540672096 0.03303067600254535
1 0.5254075035160414 0.3266762999284124 0.015770445745273774 0.02518181333545444
1 0.5437711632551576 0.39286437392586704 0.02520907825883114 0.03622840133672707
1 0.5550859131569619 0.3278933545910489 0.01731476502711473 0.02207499466899989
1 0.5394972745932802 0.3218251679265034 0.01418976502711473 0.022038632001908986