1 0.62109375 0.084375 0.03046875 0.059375
1 0.671875 0.08125 0.03046875 0.0484375
1 0.584375 0.10546875 0.028125 0.0484375
1 0.65390625 0.10703125 0.03515625 0.04453125
1 0.65234375 0.14375 0.04140625 0.06328125
1 0.7234375 0.16953125 0.046875 0.071875
1 0.6140625 0.19140625 0.046875 0.06875
2 0.69296875 0.240625 0.05234375 0.09296875
1 0.82578125 0.29375 0.078125 0.10703125
1 0.765625 0.3984375 0.09765625 0.1296875
1 0.7140625 0.5953125 0.11640625 0.21484375
1 0.29609375 0.33359375 0.06484375 0.10546875
1 0.27734375 0.55625 0.11328125 0.18515625
1 0.3859375 0.8828125 0.18125 0.234375
1 0.47109375 0.38203125 0.075 0.128125
1 0.44375 0.16171875 0.04609375 0.06640625
1 0.51015625 0.1734375 0.04765625 0.08515625