1 0.4449897922526736 0.03215068177473389 0.06756929508134384 0.06430136354946778
2 0.10481320238457328 0.3750161395754783 0.14515900565734077 0.25055998407381014
1 0.3908961481298472 0.33336217668953 0.13533857806243949 0.173451452503779
1 0.5652750211754347 0.031703725254113815 0.06289997579950324 0.06340745050822763
1 0.5253449127641783 0.04437672944742279 0.06759656615858275 0.0742257262518895
1 0.6689812832756832 0.05553549537361267 0.06917724687674198 0.07744173151356135
1 0.5021290847999348 0.2761195531108287 0.12427381303532492 0.1509394156720761
1 0.24732341013189973 0.3112659107633401 0.10867608411256366 0.15471686305535756
1 0.6399750393258073 0.07440659271454189 0.07386474687674198 0.0777147472985769
1 0.3378353015242516 0.19118935821720875 0.09755677693097127 0.12282982622365468
1 0.5593108466055956 0.1126871136906421 0.08640110831306061 0.08469278939195171
1 0.6008216357350111 0.0923067242563381 0.07386474687674216 0.0777147472985769
1 0.1801773376286051 0.1738183896460655 0.09921927088084717 0.1401083314853265
1 0.18842162968488693 0.09914461333770626 0.06924996974937896 0.08994173151356137
1 0.32606253025062104 0.06691740031058355 0.06608860831306052 0.08350972099021765
1 0.9524330909482547 0.3318957851185002 0.09138859016268767 0.13652830517696718
1 0.9432939194034777 0.4261463140576954 0.10863063231716552 0.14690436305535748