1 0.13001413872843232 0.78359375 0.1317637524190744 0.2234375
1 0.615684455134615 0.13515625 0.0488617052052021 0.0609375
1 0.25769879394775186 0.8296875 0.2126189102692299 0.2703125
2 0.7007874972279897 0.14765625 0.05996580517696728 0.090625
2 0.6488602471574026 0.221875 0.07833637357870131 0.1109375
1 0.7698714261954198 0.1265625 0.06383425782192056 0.0765625
1 0.7637117024331918 0.20859375 0.07742632096198285 0.0953125
1 0.36882267861449425 0.35 0.08789338410204497 0.1140625
1 0.7786325051910847 0.07578125 0.0519867052052021 0.0609375
1 0.46711669447009696 0.28046875 0.07604583148532651 0.0984375
1 0.3359052208490433 0.2140625 0.05869173151356133 0.06875
2 0.7598263811888604 0.41015625 0.1266366366622936 0.1890625
1 0.86105016304124 0.12265625 0.06833974729857673 0.0734375
1 0.40865247611071515 0.215625 0.06594278939195171 0.0859375
1 0.8999978129283006 0.24140625 0.09185284200867017 0.1015625
1 0.9461678866622936 0.46328125 0.10766422667541278 0.1703125