3 0.46243253393541206 0.4539852551717957 0.08737492003499839 0.2617423287837163
1 0.8191434212285504 0.7333044582338956 0.14287948535963507 0.20029971463952717
1 0.6443541485916853 0.5220331261404103 0.05893974267981754 0.09956766046291676
1 0.5427200179424118 0.39871125020939696 0.03030566534054522 0.05450771753501123
2 0.5622427246180932 0.3314317049241267 0.022384077339272324 0.044768844499482
1 0.6056012786044119 0.43013887862160977 0.04603975334181776 0.06461046360606985
3 0.5226807852880475 0.30906870740532605 0.03519316000954511 0.07191354135632881
1 0.5498609032861385 0.32185765178097353 0.01587953866963616 0.02260274607105863
1 0.5872518152848659 0.329486061210433 0.023892033338636053 0.04015411910658786
1 0.5717251705920035 0.5230733953708327 0.05105451734563573 0.09295378742738744
1 0.6704321065404604 0.8979577713018461 0.13288632001909004 0.1467380669968918
1 0.5462364639560929 0.2978208382987382 0.019022720003181705 0.02431079528527036
1 0.5726898759548202 0.30595866997793864 0.019095445337363515 0.03056079528527027
3 0.49104043395927466 0.27696683685099616 0.028797709341181487 0.05912244292790545