1 0.05703125 0.71953125 0.1125 0.19453125
1 0.14921875 0.76328125 0.15625 0.22421875
1 0.09453125 0.44296875 0.10234375 0.1296875
1 0.63671875 0.18984375 0.0375 0.06875
1 0.40078125 0.52421875 0.08359375 0.14453125
1 0.31640625 0.44140625 0.078125 0.12421875
1 0.79375 0.23046875 0.03828125 0.059375
1 0.72578125 0.240625 0.03828125 0.05703125
1 0.28203125 0.359375 0.0625 0.09296875
1 0.44765625 0.35078125 0.06484375 0.11875
1 0.85859375 0.32890625 0.0625 0.0796875
2 0.85390625 0.21015625 0.03828125 0.0796875
1 0.3875 0.21484375 0.040625 0.0703125
1 0.72265625 0.57578125 0.08515625 0.15