1 0.62421875 0.18125 0.028125 0.04296875
1 0.6953125 0.21171875 0.03203125 0.05
1 0.71875 0.16796875 0.03046875 0.040625
1 0.13046875 0.859375 0.153125 0.2203125
1 0.64453125 0.2390625 0.0375 0.059375
1 0.71640625 0.26484375 0.04453125 0.06328125
1 0.171875 0.490625 0.08984375 0.11875
1 0.80078125 0.203125 0.03671875 0.04609375
1 0.78984375 0.28984375 0.04609375 0.06484375
1 0.66953125 0.378125 0.05859375 0.08359375
1 0.80546875 0.47421875 0.084375 0.12421875
1 0.70625 0.5890625 0.09140625 0.15390625
1 0.37109375 0.190625 0.03125 0.04296875
1 0.51171875 0.18984375 0.03046875 0.04609375
2 0.42421875 0.18046875 0.03046875 0.05546875
1 0.9625 0.52890625 0.075 0.1140625
1 0.9796875 0.3953125 0.040625 0.090625