1 0.3677799359827166 0.5174281244942549 0.06136474687674198 0.07556548439090349
1 0.4208503938282388 0.5099082903735039 0.06767837939029935 0.08672123920022692
1 0.3182389991162372 0.5945883360196674 0.06929542154477701 0.09615080290255769
1 0.5781104654477707 0.9462574742241024 0.1429147287263694 0.10748505155179515
3 0.24543379995311781 0.8269717277674815 0.43639305971567516 0.3460565444650371
1 0.38287821603694583 0.5616964796663979 0.07860678903121973 0.08554068511654282
1 0.5976230138487643 0.8207069250345598 0.11668857201231528 0.1868502139724832
3 0.3140423785065366 0.6787996449126749 0.22500104176169433 0.2765526094333124
1 0.7181986133812261 0.7358731119652011 0.13401242739850955 0.2108879146981227
1 0.24679072511213213 0.5311681875636135 0.10983860831306051 0.08350695916315995
1 0.4950055113146815 0.5015625662342196 0.0645079275949012 0.07879961179556502
1 0.3356259661351417 0.49521581859647235 0.09257838544042354 0.07040675843752062
1 0.4790850746445939 0.45023567921091107 0.06596134328594587 0.06010417549789597
1 0.5714907432625047 0.4909549376484315 0.05982042759490121 0.07863592068857254
1 0.6376924601832133 0.45811764499749297 0.05198065651766246 0.07367560217691818
1 0.5749561108471433 0.4153100969042587 0.056604524004105095 0.06290179328391084
1 0.6467674783335859 0.406882527211478 0.04406816256778665 0.05621528366526398
1 0.617007255460949 0.3933458168671918 0.03933521077238851 0.04823909255827141
1 0.5093043606507516 0.5426786395551974 0.07395565046753809 0.09162699400955035
1 0.8819474959929792 0.687696050709941 0.19314198770335977 0.17077383538669527