2 0.440625 0.82109375 0.18984375 0.35703125
2 0.25390625 0.0453125 0.02734375 0.0390625
1 0.43046875 0.50390625 0.11796875 0.1609375
2 0.3125 0.065625 0.034375 0.04453125
1 0.24140625 0.2796875 0.065625 0.0890625
2 0.32578125 0.0515625 0.034375 0.040625
1 0.31015625 0.09140625 0.034375 0.04453125
1 0.20703125 0.153125 0.04453125 0.05703125
2 0.1625 0.68359375 0.140625 0.3
1 0.35859375 0.14375 0.05234375 0.05703125
1 0.49765625 0.13671875 0.05703125 0.05703125
2 0.1140625 0.11875 0.040625 0.06640625
1 0.1359375 0.0953125 0.03046875 0.03671875
1 0.0375 0.3265625 0.07265625 0.10390625
1 0.03984375 0.14609375 0.04375 0.06328125
1 0.72265625 0.1953125 0.07890625 0.06640625
1 0.80390625 0.259375 0.10703125 0.1
1 0.7453125 0.34296875 0.1375 0.109375
1 0.02890625 0.09921875 0.03046875 0.0390625
1 0.06796875 0.07578125 0.02265625 0.03671875
2 0.9859375 0.29609375 0.028125 0.07421875