3 0.07655215472899339 0.40547305810555184 0.13804812670923625 0.1640711162111037
1 0.14719326947038236 0.4899251408182096 0.08495818787965286 0.09604455417661058
3 0.3956872804882991 0.6045121414373822 0.478025042171806 0.48738460752465135
3 0.8307103650257293 0.7940069809744654 0.3385792699485414 0.41198603805106904
3 0.29822647976711836 0.3736559396181366 0.18863000816812514 0.19139990363849116
1 0.4631442713702434 0.45157338606069863 0.11024912860909737 0.1097089478903042
1 0.6220477991056601 0.5057986213783903 0.14211737765916688 0.1377269400324213
1 0.8233933999793408 0.57292627108794 0.1755844943004167 0.16738020678164425
3 0.9280555308695486 0.4883586801031147 0.14388893826090268 0.2383091368892682
1 0.705568160712917 0.4730097001621066 0.14026393692972228 0.12515416542531543
1 0.5256981695466323 0.4232707576484859 0.10556162860909737 0.10949062406898662
3 0.38908721589941 0.3544757541338292 0.1930265674386807 0.17911822745980874
1 0.9801830349536115 0.6172499675305021 0.03963393009277709 0.12115156203449332