1 0.46847236601268893 0.795290048758994 0.13868844301173802 0.20529055674305993
1 0.3049863981248645 0.7944452996169238 0.13901599163225703 0.21154055674305994
1 0.384715920964786 0.6168036844149445 0.12833079715018095 0.18626777210332382
1 0.09278961329915549 0.8571258413827959 0.17923155585660824 0.2049101235152495
1 0.21137359622498525 0.6696605967930722 0.13121013568479167 0.18167120031656908
1 0.0481797139310955 0.7471992604248412 0.096359427862191 0.22252352084968247
1 0.300280045229617 0.5259309803374517 0.1021091338757694 0.1324608105039836
1 0.1609375842391976 0.5570863889546558 0.11830734396167766 0.1438529515702104
1 0.3595532259168831 0.44002222406924557 0.08032266508343389 0.10374477711788863
1 0.2528119029861046 0.4463056648189032 0.08690021370395282 0.1101766335443795
1 0.3850312607425922 0.3719087215619631 0.06552318068726617 0.08927310015828453
1 0.31866263229388975 0.3543287649771878 0.0621525192218769 0.0844946719450392
1 0.3534404240170038 0.3177835112162641 0.05869997060135788 0.07815374373179385
1 0.3825856914298583 0.284204133082161 0.048669873360319825 0.06538095909205772
3 0.43291324005037735 0.2794089844940868 0.10391065128862387 0.1668358105039836
3 0.09386510741780332 0.4709239169304743 0.18773021483560665 0.3543478338609486
3 0.2612462799644691 0.2853681648189032 0.14551829715018094 0.18676787727617325
3 0.3627921698331322 0.21399092148282078 0.12800989258219672 0.15037573620994643
3 0.45785900836774296 0.22145173198680435 0.07366322930778502 0.09575042069139794
1 0.9737285905707755 0.4109464218120252 0.015693599050060313 0.06130121285298138
0 0.4729860413844298 0.2015484089464085 0.08007700361804453 0.09905727711788863
1 0.7269697772509356 0.3716863788590189 0.06750176051544958 0.06748902837152997
1 0.8489222631174413 0.5379826317620127 0.11181832654882307 0.10934155925034225