2 0.32890625 0.6640625 0.16171875 0.3484375
1 0.49140625 0.2 0.06640625 0.07421875
1 0.721875 0.08203125 0.034375 0.05703125
1 0.5875 0.1984375 0.05078125 0.08359375
1 0.5890625 0.1453125 0.040625 0.0609375
1 0.66796875 0.2859375 0.06328125 0.10390625
1 0.74921875 0.1390625 0.04453125 0.06328125
1 0.64921875 0.13515625 0.0375 0.06328125
1 0.89375 0.2296875 0.071875 0.09609375
1 0.590625 0.10703125 0.03515625 0.05703125
1 0.63671875 0.09140625 0.03515625 0.0609375
1 0.96171875 0.31953125 0.07578125 0.12421875
3 0.48828125 0.125 0.125 0.1609375