1 0.29320331289962265 0.9231287200355311 0.13499438311602727 0.1319604081860291
1 0.3958356148487873 0.7661561030067892 0.11525462743398433 0.16370837516934209
1 0.4285354719935275 0.49312139472990324 0.06690685633066593 0.07687676051544959
1 0.47787695291880405 0.5027320901164904 0.07186709172016936 0.09274742198083885
1 0.36130310754518663 0.5317468034817591 0.06866027110331832 0.08789614767057934
1 0.4999948295387142 0.9957982581406004 0.09429547077900687 0.008403483718799265
1 0.4182309918790299 0.6182475474888653 0.0893273271096728 0.10927318068726599
1 0.5449316339235108 0.7669450763216805 0.105606892044481 0.14759205223856356
3 0.5431025324641088 0.5280054070543752 0.11081258928453738 0.177525213703953
1 0.6610202840856666 0.7995672258012821 0.13619441882984215 0.20071040818602892
1 0.6277463137136968 0.5925426198538168 0.06405459172016936 0.09233798620519007
3 0.6135280807598255 0.4934500226127788 0.08828302434972919 0.13887879353213642
1 0.7107439999967047 0.5180582762308235 0.05278980925276535 0.07301477611928178
1 0.6815104675293007 0.49779336386092304 0.03686480032431163 0.05500840456798421
1 0.7150633072208752 0.4972101876962127 0.03988070616851012 0.048922178878243724