1 0.7200397646104966 0.005509236276453449 0.05054547077900686 0.011018472552906899
1 0.6544556749189221 0.004052036355595731 0.041088650162155814 0.008104072711191462
1 0.7247721290588375 0.03669442247376462 0.057450035713814886 0.07038670783841652
1 0.4696249330365969 0.11517608979995031 0.051418224025417555 0.08270485141192578
1 0.5041323465914334 0.061854861507562656 0.043278441558013726 0.06372753087881237
1 0.5734181347408803 0.07389420876285335 0.0575591298696164 0.07663670783841652
1 0.5976412443212524 0.4308201586837111 0.14389782467404083 0.19159176959604132
1 0.7985993668839727 0.10169964535587592 0.08299550649282175 0.10236413354437941
1 0.443167573052483 0.06519046166584722 0.041688668019063256 0.0621195667721897
2 0.49297270413991523 0.03138207182000814 0.04018071509696384 0.06276414364001628
1 0.5454255482957167 0.0255537890607339 0.04160684740221221 0.0511075781214678
3 0.426754225653566 0.6028950501456494 0.35053675161826253 0.7566952470304992