2 0.7796875 0.80859375 0.28125 0.3609375
1 0.71796875 0.596875 0.18203125 0.171875
1 0.30859375 0.04453125 0.02578125 0.028125
1 0.29609375 0.059375 0.03125 0.040625
1 0.221875 0.06484375 0.03359375 0.03515625
1 0.18671875 0.33828125 0.071875 0.10546875
1 0.28984375 0.3203125 0.07421875 0.10390625
2 0.37421875 0.0609375 0.03515625 0.05
1 0.35078125 0.075 0.03125 0.0484375
1 0.28828125 0.0796875 0.03046875 0.0390625
1 0.21015625 0.246875 0.06015625 0.08671875
1 0.28984375 0.21171875 0.06328125 0.08125
1 0.16484375 0.16640625 0.03828125 0.05546875
1 0.07890625 0.18359375 0.04140625 0.059375
1 0.42734375 0.14296875 0.04765625 0.0484375
1 0.340625 0.13515625 0.04453125 0.040625
1 0.190625 0.13359375 0.0375 0.0484375
1 0.015625 0.1703125 0.02890625 0.05390625
1 0.45234375 0.1734375 0.06015625 0.059375
1 0.559375 0.16640625 0.065625 0.05703125
2 0.1078125 0.11015625 0.034375 0.0609375
1 0.66796875 0.30625 0.10859375 0.0890625