3 0.0874970839044009 0.32107502132400045 0.13695251038216935 0.1530533693507265
1 0.15132363645053223 0.41023697131604625 0.08845482622365468 0.09783861067790856
3 0.38208706001511605 0.5334182906190477 0.47290250483814883 0.4520748613939972
3 0.8071879576242764 0.775202517226323 0.38562408475144705 0.43606805338954296
3 0.3054735391801902 0.30524838462763815 0.18675508930724707 0.17705449069063528
1 0.46052433120297775 0.39022172660727544 0.10904034200867016 0.10276246801399935
1 0.6119117969315236 0.4525660905872309 0.14009292093374787 0.12654541335136288
1 0.802490565276788 0.530090011895323 0.17445251038216938 0.15348972135581712
3 0.9229201024614266 0.4573508512094603 0.1541597950771468 0.22234880935708984
1 0.6955664601139382 0.4257939579090042 0.13789338410204496 0.11558973201781733
1 0.524048504908736 0.3668109512651395 0.10435284200867016 0.102707924013363
3 0.3969329970868154 0.29167568594845694 0.19071454721387227 0.16460903469127164
1 0.9666844194771557 0.5959769992043695 0.06663116104568871 0.12300224267981755