2 0.31028545580241884 0.6528731980426344 0.19430555366555086 0.3662988040260897
1 0.5168142743968885 0.20446461207031494 0.07391019867214013 0.08210452267663593
1 0.7587932170189045 0.10883612810308615 0.03941702400410509 0.061392033338636146
1 0.61287166296057 0.2118327640833598 0.05988406010845857 0.08819089067472693
1 0.6194261899897373 0.15956173941754156 0.04569429508134402 0.06615225867281786
1 0.6857546510567134 0.3079997867599957 0.0740738251355733 0.11022952267663584
1 0.780322783373879 0.1684656667727224 0.050390885440423715 0.06776930267345423
1 0.680390961066976 0.1555833114258139 0.04256929508134384 0.06611589600572705
1 0.9164370244950846 0.27396278345794883 0.08184996369925486 0.1040704293443631
1 0.6251176537871879 0.12134412408495063 0.040979524004105095 0.06141021467218155
1 0.6720653766598248 0.10938956409131398 0.040997704722264314 0.0645352146721816
1 0.9650967174116879 0.37062924546463033 0.06638859016268768 0.13201361600890865
3 0.52038015681225 0.12871972473740584 0.1400715298578376 0.17505563868554458