1 0.45689569318616197 0.634375 0.19644217207625303 0.24375
1 0.1283647333609085 0.07578125 0.03977161201270887 0.040625
1 0.17774712459461056 0.06640625 0.03664661201270882 0.040625
1 0.22318235551988708 0.059375 0.03826365909060954 0.04375
1 0.221851680600965 0.04609375 0.03319432954530477 0.021875
3 0.23708734821628644 0.2921875 0.22242401947846524 0.3
1 0.5265162666423867 0.40546875 0.1528637215897856 0.1640625
2 0.3034192804388092 0.07265625 0.05259889448011297 0.059375
1 0.19754796672511232 0.6328125 0.15063874837514693 0.215625
1 0.24876300811767482 0.115625 0.05095457386326192 0.0546875
1 0.28578176704612857 0.0984375 0.05421594155801355 0.0625
1 0.40708402272817146 0.13125 0.07167617694751698 0.078125
1 0.5034232345787245 0.1171875 0.07477390340856652 0.0765625
1 0.5991215182639446 0.13984375 0.0905352711033185 0.084375
1 0.050097637176512264 0.1734375 0.04796594155801359 0.0625
1 0.11143060349129219 0.15078125 0.05114548863591426 0.065625
1 0.004818139205107151 0.19609375 0.009636278410214302 0.0640625
1 0.5732544935071783 0.1 0.08091480925276535 0.0703125
1 0.03952437581242654 0.1078125 0.04473184740221224 0.05625
1 0.7317958762194636 0.28203125 0.1443421095770768 0.1234375
1 0.848089077923747 0.24375 0.14445120373287815 0.1296875
1 0.932091931008002 0.2203125 0.06917846834337489 0.1140625