1 0.5124038131442801 0.8343308186353653 0.25487668276559194 0.28793817051050075
1 0.22178012780489867 0.6350456281100183 0.13914873119538154 0.1711047953411587
1 0.07799668705524099 0.5364930206922149 0.09081887978345571 0.11864818068726617
3 0.05944789317779786 0.39039262663968016 0.11889578635559572 0.15983974672063966
1 0.11515335774663896 0.46590055970179545 0.08861988229073817 0.09669129353213642
3 0.34845393956252346 0.544160599277203 0.4646561627073321 0.4736653878324983
3 0.7839725877548862 0.7233712279530481 0.4005027344940869 0.46718301447217847
1 0.8159991407370224 0.5610007027382774 0.2069272645814763 0.19493844301173802
3 0.2625632183297648 0.3325856914298583 0.1810634465556454 0.163940748529662
1 0.41842076174498943 0.39150258876175337 0.10608016693047428 0.10696705223856365
1 0.5679744808661772 0.4257879782917323 0.13805759263643722 0.13360479534115868
1 0.7578576832943174 0.4681005517883377 0.17008048244902269 0.16180503844375363
3 0.8899775129986308 0.3777101679125683 0.20195025956691132 0.238360894391219
1 0.6487076553184987 0.385674233380115 0.1361768438900784 0.12258540818602892
1 0.4786823118241318 0.3579221268668228 0.10295516693047428 0.10680327792830413
3 0.35143550171585963 0.3076465671650273 0.18602373119538154 0.17356140999505118
1 0.01343905971256073 0.4646014105608781 0.02687811942512146 0.09579717887824372
1 0.9344141716158347 0.512671666103546 0.10225648495630538 0.13640889077317447