1 0.71796875 0.52109375 0.1375 0.24453125
1 0.5140625 0.11640625 0.03046875 0.05
1 0.58515625 0.18984375 0.04921875 0.078125
1 0.72734375 0.1046875 0.03515625 0.04609375
1 0.7734375 0.0984375 0.03828125 0.05703125
1 0.58203125 0.11171875 0.03125 0.05703125
1 0.79921875 0.171875 0.05078125 0.05703125
1 0.56015625 0.090625 0.025 0.04609375
1 0.62421875 0.0953125 0.02578125 0.04609375
1 0.83046875 0.2859375 0.07734375 0.0984375
1 0.8984375 0.21953125 0.06875 0.078125
2 0.60234375 0.053125 0.02890625 0.04453125
1 0.95390625 0.46171875 0.09140625 0.1515625