3 0.9326133310600279 0.2506538573357631 0.09081770678164425 0.1738024823325695
1 0.04785949545188604 0.5330112153307291 0.09571899090377207 0.1496025693385418
0 0.8327931135250166 0.2826325155801382 0.10658825599585597 0.17729115824437508
1 0.7596103246498871 0.2788730423656244 0.05661818114108108 0.07623649810013892
1 0.32453319561850175 0.47161389475791643 0.14684938296032665 0.17042421561506949
2 0.32639541025802893 0.3310979975314581 0.09989730024766903 0.10065592306201392
1 0.4438911253118409 0.338508494397326 0.08405397642635144 0.09560474715020843
1 0.5464444671252358 0.7505155722852426 0.1847175641014079 0.24622430262104195
1 0.7677179995902244 0.7750206905420132 0.1437286910658786 0.23746624525034718
1 0.9193296954136141 0.8542146152195478 0.06306088792272532 0.24807513050895835
1 0.26675050496690794 0.8576975183330205 0.24972613399378404 0.26802787385944454
1 0.6284181366843804 0.23041997141156195 0.054255160462916764 0.05901263050895835