1 0.63046875 0.18671875 0.03125 0.05
1 0.0890625 0.9125 0.15 0.175
1 0.68515625 0.1953125 0.03359375 0.0515625
1 0.6421875 0.24609375 0.03984375 0.05546875
1 0.71015625 0.246875 0.04140625 0.06328125
1 0.35859375 0.54296875 0.08515625 0.15
1 0.16328125 0.39453125 0.071875 0.09296875
1 0.78359375 0.25 0.04296875 0.0609375
1 0.65859375 0.34609375 0.059375 0.090625
2 0.340625 0.2796875 0.04140625 0.08359375
1 0.8375 0.23125 0.04453125 0.0609375
1 0.79765625 0.371875 0.06875 0.10390625
1 0.48359375 0.26328125 0.04296875 0.06875
1 0.9328125 0.64921875 0.134375 0.20390625
1 0.78984375 0.85703125 0.146875 0.21640625