1 0.4885999960432711 0.30716736150756263 0.09948210085908257 0.11210284639736087
1 0.10130587743264967 0.6866241586172042 0.16903104025277602 0.21865437476889085
1 0.6697548207830719 0.24417195335257702 0.07341756784239592 0.09106292069139794
1 0.18519844131831664 0.9166406160599092 0.2439624412027157 0.1599900801000249
1 0.23436511816039554 0.49943874419401224 0.13606140999505117 0.18493259263643722
3 0.11370011222327255 0.3970304612036288 0.2274002244465451 0.30337636724704337
1 0.3668943351437088 0.5158640630777731 0.1395139586155702 0.19127352084968266
1 0.8364676079836302 0.32278738367739346 0.11641729534115867 0.1375574874635877
1 0.6865827154014335 0.4737996173800575 0.12907442559888338 0.17068823620994636
1 0.2546543639765241 0.3951005851810968 0.0904346494796016 0.11808006175762475
1 0.9042947585948855 0.6063152860263913 0.13703741180407364 0.2333246285298145
1 0.36619272953492776 0.3208698118241318 0.0804864393936934 0.10686977711788863