1 0.053294516067364225 0.6978775780191612 0.10658903213472845 0.2417448439616777
1 0.12460328476556437 0.5752822037543301 0.12094807878390341 0.17768898801421235
1 0.47396145875367124 0.8755290287212736 0.17378465244730937 0.2022662641334943
1 0.32497719815974035 0.8124602199239893 0.1649248629141833 0.26411116689245623
1 0.10209343500556076 0.828035389529979 0.19949728398910552 0.24255707146044045
1 0.38437312691540887 0.6084001616925319 0.13243161035393447 0.18763719810012064
1 0.5088432349208561 0.7179278906616327 0.14482519454068415 0.2132104081860291
1 0.21864795833014822 0.444956216644629 0.12647003669052861 0.16551653663473137
3 0.018683568613495547 0.5577782004749698 0.037367137226991094 0.3125685990500603
3 0.1515045029131846 0.2872499372459868 0.25378994183926096 0.29213434757972234
1 0.2733864791650741 0.21387995703369053 0.05244173151356133 0.07128850180902227