1 0.4701540264691326 0.19352264950756903 0.06323205417661057 0.08419446846486114
1 0.41900663358400847 0.5209216041047219 0.14333058477957222 0.2624298776591667
1 0.5646016158013282 0.6455189477602079 0.15096330231458363 0.292262848023889
1 0.5312670008285695 0.28887021067798563 0.07747864474715094 0.12198540919430556
1 0.7340260895370833 0.04066518075836744 0.04004711124870504 0.055560322188333365
1 0.6236492458661708 0.3663211038203814 0.08809081306795061 0.148766114741389
2 0.5743171416467792 0.15207807228524256 0.06846751778268026 0.1295797036472223
2 0.7790667617868243 0.029789090854148985 0.03877570967712849 0.05957818170829797
1 0.45118785670059103 0.1650891781929163 0.08921235731976367 0.07231271751493065
1 0.7806806116629897 0.07781903543177018 0.04368153349844608 0.06657055737069446
1 0.7514447218782374 0.11908046827742994 0.0549829065339754 0.07463763050895836
1 0.8534973734498141 0.12294839105510344 0.061451230355292805 0.0794706008736806
1 0.6097666441279784 0.11145241907486061 0.04048375889134022 0.06493532218833335
1 0.915862478702663 0.2416789008387492 0.09095894789030404 0.10981271751493064
3 0.49705047435943683 0.08520100323104124 0.14328773531769165 0.16097648043270846