1 0.5203125 0.35078125 0.06796875 0.0890625
1 0.121875 0.48359375 0.10859375 0.16484375
1 0.77734375 0.3296875 0.05625 0.07421875
1 0.74140625 0.40078125 0.07421875 0.109375
1 0.16953125 0.64609375 0.13828125 0.2
1 0.63046875 0.41796875 0.06484375 0.109375
3 0.35859375 0.4484375 0.14296875 0.33515625
1 0.16875 0.36796875 0.07578125 0.1203125
1 0.83515625 0.64296875 0.13984375 0.19609375
2 0.9390625 0.5546875 0.096875 0.18359375
1 0.68515625 0.65390625 0.11171875 0.171875
1 0.28671875 0.34296875 0.05 0.09453125
1 0.26015625 0.31171875 0.05390625 0.078125