1 0.033194118669965286 0.6227852247722565 0.06638823733993057 0.1986954495445131
1 0.7328671659544247 0.19938254045832196 0.037105157850155376 0.048075401451278844
1 0.6389960686134956 0.22506953202080143 0.0441742052052021 0.06235615626060227
1 0.7542115449359723 0.2361384959932848 0.04371917889684287 0.05454365626060227
1 0.6865158107209878 0.22907747494189254 0.040503173635170954 0.052872028855940556
2 0.639770342361606 0.292420723127794 0.05767526308359248 0.07998016587924912
1 0.8036123054593158 0.23473225261670674 0.04215667889684269 0.05448909255827141
2 0.3020953080901519 0.21643605416850203 0.07199536831702939 0.11166667549789597
1 0.6523173030402415 0.45334086496042597 0.077972352532014 0.1071974303072194
1 0.4425460028425975 0.23778031922944445 0.0472992052052021 0.06246528366526398
1 0.765750471484328 0.4815700470817439 0.08927387357870131 0.11382937622353531
1 0.8558140293627183 0.4674926781146027 0.09396137357870131 0.11399306733052797
2 0.3525349238469325 0.18375252894075855 0.06023882096198285 0.09722222958157993
1 0.9225457740304591 0.3970189762078369 0.07678928413027997 0.0868849303072194
1 0.6596244849208561 0.7714286660488852 0.15327473137238706 0.2220982332097771