1 0.6067101106295325 0.19140625 0.03528683664159917 0.053125
1 0.660597089951368 0.20859375 0.038411836641599174 0.053125
1 0.5948800446660977 0.22734375 0.04182793507002245 0.059375
1 0.7198458114153208 0.19453125 0.043172111248705035 0.0546875
1 0.622690367453958 0.31796875 0.05356595574818712 0.0765625
1 0.40015608788445345 0.39921875 0.07497007485477489 0.1
1 0.7755820810600278 0.27265625 0.052983758891340216 0.0640625
1 0.7400383792407823 0.36484375 0.07140842721213972 0.090625
1 0.8398457882559569 0.2515625 0.0577440334984459 0.065625
1 0.37511120016661575 0.24921875 0.04353598428423426 0.0625
1 0.8624763054194646 0.36953125 0.08078342721213971 0.090625
1 0.7011576999617279 0.64609375 0.1045163337461151 0.1640625
2 0.9085849021952583 0.7046875 0.12781259263745498 0.228125
1 0.9393491745260526 0.34609375 0.0740240049623985 0.0796875
2 0.3248436805219086 0.17109375 0.040410984284234355 0.0625