3 0.6737785665977304 0.539469454091048 0.2006010786919079 0.19517987510244392
3 0.8874598059357304 0.5150281879609976 0.11855110001590816 0.12264559553293922
1 0.04226657928868387 0.7341781009096228 0.08453315857736773 0.15273120181924557
1 0.38488769458150396 0.6456101763835702 0.15621473201781733 0.13845468610347994
1 0.06078931261936581 0.806926396194893 0.12157862523873161 0.2201027923897861
1 0.3729956745703681 0.7271320041338292 0.18010676535645356 0.1786088052100677
1 0.6291098619112313 0.6835619023956369 0.1374283693507266 0.13445639081820956
1 0.8514308519255488 0.5883907593011157 0.08693747334499946 0.08994010339082212
1 0.8252677939210946 0.6200024782838691 0.09169769867918127 0.09640842721213971
1 0.908789365929367 0.5629220324604794 0.0601204346753633 0.06682793507002245
1 0.966374599260049 0.5851459429233963 0.055469297342454385 0.06973461124870503