3 0.0703125 0.5218009583968749 0.140625 0.31577308320625014
3 0.4171875 0.24107110315479133 0.28125 0.2456086664125002
1 0.140625 0.2701644167937499 0.046875 0.049528527735416716
1 0.27265625 0.6311538553389928 0.165625 0.214792464665139
1 0.13359375 0.4726718209540623 0.0921875 0.12402068787965277
1 0.26875 0.4468697743169442 0.13125 0.14367987765916687
1 0.26953125 0.3257578405213539 0.084375 0.08321384992375007
1 0.03359375 0.39140559678961806 0.0609375 0.07485583605604162
1 0.084375 0.3542861500762499 0.0578125 0.06540810087368057
1 0.54140625 0.418648629655937 0.16875 0.15861519984750014
2 0.79375 0.3791815136802771 0.278125 0.25178593123013904