1 0.5855887418318748 0.21028491418246115 0.039100174011944586 0.07049659057054054
1 0.6047530498681594 0.39497028328904904 0.07485714247680555 0.13147263192686953
1 0.2825150271667358 0.3619735769216895 0.08223323138263901 0.11308650496239867
1 0.722454921827743 0.1095122803935649 0.022820557370694418 0.041643844499482
1 0.7384611283247569 0.1274639137681764 0.03404899810013902 0.054653266749222995
1 0.750907230148368 0.09675972332147034 0.025945557370694417 0.04178939371369372
1 0.7714184454790971 0.15637231782095234 0.038736498100139016 0.054871590570540585
1 0.8029041816113889 0.18130169726662243 0.043496733282500345 0.05821491439185813
1 0.5704923783247569 0.11964064350429673 0.026091027735416716 0.04803939371369372
1 0.7635864552627429 0.2240499693925289 0.054797909194305564 0.07434933664159918
1 0.8411484108098263 0.21827731244426882 0.054797909194305564 0.07434933664159918
1 0.9045004363610414 0.3189900959427149 0.07249455547083343 0.09702485731976358
1 0.6096646343086805 0.08314237137839024 0.022747822188333443 0.038518844499481994
1 0.5865362588337153 0.06876950227180238 0.021185322188333446 0.03844606989237613
1 0.5590288546734028 0.07452719664744988 0.021112587005972117 0.035321069892376156