2 0.5956563033100011 0.185785603626563 0.03661020934118149 0.05864895459715278
2 0.08704744187623296 0.9120460583206249 0.14111699069063527 0.17590788335875018
1 0.7059307319780465 0.17819326880479228 0.03497498400699968 0.05236258700597225
1 0.14932291191918554 0.5989492591180557 0.1269272213558171 0.16853440729444458
1 0.1933200019494114 0.3772567502843404 0.06962270401018138 0.0766001740119445
1 0.648252949952275 0.36674596931788245 0.058830654678545 0.08884560087368065
1 0.7844171692791388 0.4175843835461812 0.07298406134627218 0.09698540919430557
1 0.818275095958002 0.3285043529609729 0.07134883601209019 0.09069904160312507
1 0.8589733686346378 0.2559942265360771 0.065171561346272 0.09680357123840286
1 0.4164131512969562 0.27773344823197954 0.0460579346753633 0.06511716014423623
1 0.47418019796309263 0.2829852991056601 0.0429329346753633 0.06504442496187508
1 0.7252950659214127 0.5959444664680908 0.10808631468808994 0.16028549620027785
1 0.9151473592457313 0.6667875625921188 0.14745789735836254 0.1877571859797918
1 0.3615898386378195 0.22097364874506975 0.036537484006999674 0.05239895459715278