1 0.5810650420285695 0.886166135193732 0.22731397241989287 0.227667729612536
2 0.2788296936526516 0.03231136097883724 0.03050585391920819 0.02898881802583094
1 0.25637803213245364 0.03868338143280836 0.026091138558944314 0.038227425705962895
1 0.5645378054229117 0.6229436873179384 0.17937657759274242 0.26281355172849497
1 0.7884012027573446 0.5904280186716045 0.21058111348611952 0.26216033386094856
1 0.3092519456977156 0.3266978584715548 0.08604045157021041 0.11334709765100204
1 0.19882056254904762 0.3945181927947217 0.09113712852981451 0.1275459899708701
1 0.3075600989046433 0.08076323284473416 0.03555706677218975 0.04162521034569897
1 0.21829301042484123 0.07114052876724133 0.03381271034569906 0.035329746239076296
1 0.3758113083924125 0.2802380471096414 0.08576766693047429 0.10397209765100204
1 0.06238896905468061 0.4272361014119258 0.08984741316955058 0.13687552586424748
1 0.2774777938109361 0.09315793276559188 0.04511392319868044 0.04814799498543505
1 0.3613526886380866 0.07842549452321665 0.04493206677218975 0.041897994985435075
2 0.19393317108710936 0.22654944279472175 0.06894387978345576 0.1159719924781526
1 0.3962792695960413 0.15203649076229295 0.06257420783841657 0.05802310015828453
1 0.6061400029029939 0.14799516310304356 0.07075042069139811 0.07075042069139795
1 0.032125841382795936 0.13831835391920827 0.037665136051661885 0.06042067445232169
2 0.06667668613080416 0.09170777837152992 0.04083560015828456 0.06207410266556703
1 0.1037447771178887 0.07795516693047427 0.034040030878812376 0.043142246239076296
1 0.814507747030499 0.36091401491068076 0.1407279515702104 0.11493834138279588