1 0.6234375 0.3203125 0.046875 0.078125
1 0.74140625 0.425 0.065625 0.10390625
1 0.6453125 0.43203125 0.071875 0.10390625
1 0.7625 0.315625 0.04921875 0.06875
1 0.79921875 0.38203125 0.065625 0.08515625
1 0.11640625 0.58125 0.1375 0.1796875
1 0.30390625 0.4640625 0.09609375 0.15546875
1 0.24453125 0.42890625 0.08125 0.121875
1 0.16875 0.41328125 0.08046875 0.11328125
2 0.86640625 0.63203125 0.13515625 0.228125
1 0.50078125 0.325 0.05859375 0.08359375
1 0.38203125 0.38046875 0.059375 0.0984375
1 0.32421875 0.3109375 0.05703125 0.08515625
1 0.7828125 0.9296875 0.16796875 0.140625