0 0.4663930265201207 0.20090900132014822 0.18352367349399668 0.20500105172849495
1 0.2032706712160966 0.16566914944600403 0.07991428413027987 0.08655727711788867
2 0.26951802652012075 0.20663747875460606 0.09332433674699833 0.1025459899708702
1 0.47938730823132614 0.33935773588074203 0.11051183674699842 0.10304609514371962
2 0.29875747646365103 0.14651232099533182 0.0783517841302798 0.08651181301126601
1 0.3355686897731224 0.3045461298499627 0.09047235253201383 0.10714256175762475
1 0.9206262292356613 0.27582380397308 0.11280237884037306 0.11559155925034234
1 0.8684197161520689 0.35533545922507176 0.09828485253201365 0.10736988229073816
3 0.7846663424321931 0.3203359850893192 0.4119202312312126 0.3769910266556703
1 0.7811009976515128 0.27442409151580993 0.08983531570031093 0.09620506175762475
1 0.7045784820782587 0.5036091378340285 0.1591915314288567 0.16217705423577744
2 0.49797914255925013 0.4620450781214679 0.11644258930724707 0.17809155925034226
1 0.8211414397025353 0.21632443501017695 0.08983531570031075 0.09620506175762475
1 0.7573666370152295 0.15968564159495222 0.07606124203690498 0.07396634890464333
1 0.6847558896460655 0.1610184725529069 0.06999325256024883 0.0769094924781526
1 0.7042019665755918 0.8046715326611791 0.19406633134415224 0.25210337226160817