1 0.40546875 0.5265625 0.05078125 0.06640625
1 0.45703125 0.509375 0.04609375 0.0703125
1 0.35625 0.578125 0.05234375 0.078125
3 0.190625 0.884375 0.30625 0.23125
1 0.41953125 0.5546875 0.0625 0.06640625
1 0.57734375 0.91953125 0.09375 0.1609375
3 0.33359375 0.684375 0.178125 0.26640625
1 0.5015625 0.52890625 0.05390625 0.071875
1 0.51484375 0.4640625 0.05703125 0.05546875
1 0.5515625 0.76953125 0.075 0.13671875
1 0.68125 0.715625 0.07890625 0.128125
1 0.36484375 0.50859375 0.08125 0.06328125
1 0.5421875 0.66328125 0.06171875 0.0984375
1 0.56875 0.55 0.04453125 0.06640625
1 0.7609375 0.9375 0.140625 0.125
2 0.57890625 0.4765625 0.0375 0.06875
1 0.6453125 0.51328125 0.04296875 0.06484375
1 0.66484375 0.46953125 0.03671875 0.06328125
1 0.69765625 0.44453125 0.03359375 0.04609375