1 0.72734375 0.0609375 0.02265625 0.03671875
1 0.75390625 0.0640625 0.02421875 0.03515625
1 0.64609375 0.36328125 0.075 0.12421875
1 0.69921875 0.0734375 0.025 0.04453125
1 0.7671875 0.0796875 0.02578125 0.04296875
1 0.74140625 0.1015625 0.03125 0.0515625
1 0.63359375 0.11875 0.03046875 0.05546875
1 0.571875 0.07421875 0.02265625 0.0390625
1 0.56640625 0.11484375 0.02890625 0.0484375
1 0.79140625 0.15078125 0.04375 0.059375
1 0.8203125 0.20390625 0.05546875 0.08515625
1 0.89609375 0.18515625 0.05546875 0.07578125
1 0.96484375 0.14140625 0.046875 0.0609375
1 0.953125 0.29453125 0.09375 0.1328125