1 0.62890625 0.2296875 0.034375 0.0484375
1 0.69609375 0.23203125 0.03828125 0.05390625
1 0.7515625 0.20546875 0.03203125 0.0515625
1 0.64921875 0.29296875 0.04140625 0.0609375
1 0.39609375 0.359375 0.05703125 0.08671875
1 0.7359375 0.31484375 0.05234375 0.0796875
1 0.39296875 0.23984375 0.034375 0.05
1 0.81640625 0.21875 0.034375 0.05
1 0.3203125 0.25 0.040625 0.0609375
1 0.50546875 0.2484375 0.03359375 0.05546875
1 0.41484375 0.19921875 0.03125 0.04453125
1 0.5203125 0.20390625 0.02734375 0.04296875
2 0.46484375 0.196875 0.03515625 0.08125
1 0.87578125 0.328125 0.0625 0.08671875
1 0.37578125 0.190625 0.02890625 0.0484375
1 0.72734375 0.6453125 0.10390625 0.16484375
1 0.953125 0.471875 0.09375 0.1015625