2 0.4719538299457513 0.7995005457840968 0.2660024699649327 0.3857245201359724
1 0.40391730153883226 0.48376774943131906 0.15486259821299111 0.1925901563445141
2 0.2002142341716874 0.052394382124479 0.04125229139585782 0.036883057370694486
1 0.16440696793633772 0.2845717556995832 0.0862023271096728 0.10665134992375007
2 0.21255059293798534 0.042728441395034546 0.03944432954530477 0.02278418977951393
1 0.202144926947517 0.07345176453329844 0.04467730032431154 0.05414329255305559
1 0.10434440097293467 0.1570111065732638 0.0574227621748646 0.06849673328250003
2 0.15643219561190808 0.7232166816113887 0.20435585795222383 0.3436811840799308
1 0.2615568831160272 0.11896297986402757 0.06526253571381498 0.07024107123840287
1 0.40711879910649557 0.08509386008864549 0.07153980925276535 0.07194904160312506
2 0.014913708197105089 0.13799030927055553 0.02633640340856666 0.07714438145888894
1 0.01990517126547414 0.11051927270142362 0.03670115909060952 0.04458645459715278
1 0.6544029021907507 0.1027852806821175 0.09519549756436803 0.08499455547083343
1 0.7506699760540125 0.15525435762010353 0.13184210957707682 0.1264560100679862
1 0.7047183222384088 0.25401981915111055 0.16490007142762994 0.14128222948277794
2 0.9461324805182393 0.15930215872253392 0.03735572402541791 0.08208645459715277