1 0.21325371050118874 0.6955007828792735 0.15415676881613755 0.23013276385373888
1 0.7213613854415261 0.17388241646328195 0.0405565334984459 0.06737159057054054
1 0.7963999267978549 0.20483700992930665 0.04488016046291676 0.05977741439185813
1 0.2592938407754284 0.4232404851128038 0.0896147717116218 0.11642982878371626
1 0.7593023411897131 0.2488438751069531 0.053202082712657806 0.07107878742738745
1 0.3716931792790543 0.2645482276692057 0.05661818114108126 0.07747433664159917
1 0.7058370469379002 0.32806264826631687 0.06017982878371626 0.0869948858558109
1 0.8047133486333113 0.36651937262575374 0.08114730024766885 0.10200345574818703
1 0.8817274588485589 0.32221925496690795 0.06642982878371625 0.08728598428423426
1 0.46422528163641913 0.2508431385464072 0.05214900496239885 0.08194351282028159
1 0.5368815316364192 0.24745911931598483 0.05029540653397539 0.07562073821317572
1 0.45068501240599684 0.1786599234925953 0.03833906203449331 0.05323631596343472
1 0.9224401960282773 0.2717804532714968 0.06108735731976367 0.07300516046291676
1 0.4925835680303493 0.20411153370784296 0.040192660462916766 0.05955909057054054
2 0.8420102189782442 0.8815257884653539 0.17163105913900906 0.17014133374611512