2 0.7162933011069098 0.5287773745790728 0.164821575078485 0.2880506154237622
1 0.6212973043862702 0.3975695253973795 0.10802494120271575 0.15661707694917482
1 0.6196385498637145 0.27663946650437204 0.09708744120271576 0.15623513103285883
1 0.8471537974888653 0.43664941668185736 0.14378537878738662 0.21401291469812272
1 0.745088929216928 0.2895983126908405 0.10202724672063965 0.13145338584218225
1 0.5787501990046318 0.1660367832019278 0.06256195499752551 0.09264385698624164
1 0.7261054765942516 0.04641130788151711 0.04283595318850324 0.04360615626060225
1 0.7595288082314575 0.07409236377929965 0.05368492198083885 0.07205853847458739
1 0.8148780495250302 0.05886915706321046 0.05163109905006032 0.06262897477225653
1 0.6572536572815177 0.1313468138719669 0.06026247060135788 0.07852679328391084
2 0.5450469063770067 0.10325404100647613 0.04636374491161739 0.08116071996293313
1 0.8510103013340524 0.10847977666332387 0.06823874491161738 0.08192461179556512
1 0.571285179782755 0.0831151557972661 0.03913109905006031 0.0621924651536097
1 0.8442457242194024 0.20260179889584246 0.08517393939369314 0.10747024881887368
1 0.5481442509045111 0.04331604581579954 0.03691350180902227 0.04963790145127882
3 0.4218859611019611 0.6887748125212045 0.4797936363621602 0.6224503749575909