1 0.8815450226110368 0.8322245796899457 0.14230658420556921 0.2765129146981227
1 0.44083827640886974 0.11257434483570608 0.0551438569862416 0.05966766587924912
1 0.35687250417635125 0.1038020347615723 0.05498016587924912 0.054980165879249074
1 0.3494096567239384 0.4739235618034143 0.15914685462398898 0.222480179126093
1 0.3581572072642434 0.2457712799522489 0.0817807680561673 0.10741568511654283
1 0.567016341292327 0.18619783939341047 0.07772818511654282 0.08074405771188106
2 0.7072866772271764 0.19144335618363345 0.10371033175849824 0.10974207694917473
1 0.14720234909687535 0.23128966161807982 0.0705158858421822 0.09765873920022675
1 0.6337648424734533 0.2634572546396874 0.1226240228654909 0.1150843413771451
1 0.820230621329394 0.219491455913481 0.10149306733052796 0.09093751324684396
1 0.24961307568323043 0.1364186165200705 0.05892362141421188 0.0785267932839108
1 0.8147916092636762 0.39758917406231553 0.15614585099579195 0.136542679126093