1 0.33359375 0.225 0.04921875 0.06484375
1 0.3265625 0.48515625 0.09296875 0.1609375
1 0.4515625 0.54609375 0.103125 0.18359375
1 0.721875 0.16640625 0.04296875 0.06328125
1 0.484375 0.15390625 0.03828125 0.06640625
1 0.596875 0.1765625 0.040625 0.06640625
1 0.49765625 0.28046875 0.05234375 0.10390625
2 0.44453125 0.13203125 0.03984375 0.0796875
1 0.68984375 0.23984375 0.05546875 0.090625
1 0.6078125 0.22421875 0.05390625 0.08515625
1 0.5171875 0.1890625 0.03984375 0.0703125
1 0.77734375 0.37109375 0.0875 0.13515625
1 0.84453125 0.5359375 0.14296875 0.21640625
1 0.490625 0.10078125 0.025 0.03515625
3 0.80390625 0.22578125 0.12421875 0.19609375
3 0.64453125 0.13046875 0.06640625 0.1390625