1 0.65390625 0.16953125 0.03828125 0.05390625
1 0.64296875 0.13671875 0.03046875 0.05
2 0.6921875 0.22578125 0.05390625 0.1015625
1 0.81015625 0.453125 0.09765625 0.1390625
1 0.30703125 0.65390625 0.14140625 0.25546875
1 0.23515625 0.46640625 0.090625 0.13515625
1 0.31875 0.48671875 0.10390625 0.13515625
1 0.4203125 0.27890625 0.05703125 0.08671875
1 0.390625 0.228125 0.04921875 0.06875
1 0.4609375 0.1890625 0.04140625 0.05703125
1 0.51171875 0.265625 0.05625 0.090625
1 0.41953125 0.159375 0.03359375 0.0515625
1 0.48203125 0.1296875 0.03125 0.04296875
1 0.52421875 0.134375 0.03125 0.0484375
2 0.45 0.103125 0.03203125 0.06484375