1 0.43748762023308563 0.17133686369448162 0.06571925843752062 0.09437004809323421
1 0.3245313625981733 0.839774317330528 0.2520288137871488 0.3204513653389441
1 0.4909499592479779 0.45098964735974556 0.11597720798203355 0.19288195916315995
1 0.6528671498068164 0.6634227038905003 0.15195440271722305 0.28465279691210804
2 0.5227629213215448 0.20006455362034786 0.0858531983633867 0.17934524881887368
1 0.41393106914462646 0.14476444001068423 0.09486112141421188 0.07978175843752049
1 0.7221205366604888 0.032239680476855395 0.03486607332097762 0.015262901451278833
1 0.6961309555349628 0.047718347537230844 0.04538691106992569 0.04840278366526396
1 0.787482641832632 0.049347824123585904 0.04684028366526398 0.04533234736759482
1 0.5626587458236487 0.13591277358328097 0.05138393992586625 0.08606647477225655
1 0.8265203491816934 0.11703632112836101 0.06868056733052796 0.08979167549789598
1 0.8958234206885726 0.09058543773324954 0.06895338584218216 0.09760417549789595
1 0.5434424651536097 0.054871104708806975 0.0556349303072194 0.0737301658792491
1 0.6125644873861283 0.045580439462530056 0.03762897477225664 0.049692465153609686
3 0.4505927662420688 0.07737853256895563 0.14493553248413757 0.128348233209777