1 0.6816361815917773 0.1392547258540743 0.042092324739800804 0.05940417490485981
1 0.7980667650380053 0.2188387495800705 0.06174308344622812 0.07735567885919252
1 0.7692943911118586 0.3540931586675995 0.08328389077317447 0.10162084980971953
2 0.6642383989137748 0.3427962199225753 0.09215427973732648 0.15187551779449712
1 0.8302772359780475 0.5210697530401116 0.14255707146044044 0.1913491946765234
1 0.793503090793859 0.9326784847141418 0.20843437697836437 0.13464303057171634
1 0.25420049411864787 0.7150997124710203 0.19928510628614954 0.26226387254713257
2 0.10351109735257966 0.6660825978325533 0.15772612731704871 0.3915401956651065
1 0.4098994589542545 0.42832124855430626 0.09963923111680746 0.1459438527754692
1 0.5347699841690252 0.4606946912536632 0.09026423111680729 0.14556185079830275
1 0.42847131727656895 0.30668367049341655 0.07892393939369331 0.10767984882113639
1 0.5526657338303409 0.23690436418135669 0.057137470601357876 0.0787271778706093
1 0.5027166434867079 0.19121252079742773 0.048424211894930555 0.06122134288963736
2 0.5650971347802806 0.17660353414330057 0.05096935775648763 0.08003500988583175
1 0.4764916581860289 0.15194443235641464 0.04538109905006031 0.06265650889724857
1 0.495906721505869 0.12077268680503891 0.03863977611928178 0.05302684091247101
2 0.5754713907731743 0.12167595361095289 0.034034163274411534 0.05439833992388783