2 0.622403636492882 0.10428168369868107 0.051891114741388834 0.08241376291777783
1 0.6817260447372571 0.2040466007767714 0.06319229065319458 0.09829333605604171
1 0.7672719929692366 0.6253416789490285 0.16668357940652784 0.2506208618915974
1 0.08706108215941037 0.7883189240119446 0.1295836229095141 0.2669355397032639
1 0.323209602392292 0.4338542020317016 0.10047539152687505 0.1569422906531944
1 0.27010082655673634 0.33267225531833355 0.09829464247680572 0.1303434230620139
1 0.3789290062682641 0.2446293542921531 0.07096842306201392 0.0969126740119445
1 0.4390976672655215 0.8779646118915974 0.19960518218006965 0.24407077621680529
1 0.33007262575930574 0.1919576427611461 0.058213849923750074 0.08568423328250008
1 0.4107219072944446 0.13449194129812533 0.050001306420763926 0.06831489532659725
1 0.4704612364166321 0.1850744759673962 0.0550524823325695 0.08404899810013892
2 0.367843423062014 0.10382251633625031 0.05221842306201392 0.09647626291777782
1 0.43061552678548615 0.08342040377906286 0.0356478656913195 0.05548758700597225
1 0.4783438587574653 0.054079049105660124 0.032377395326597204 0.04916485182361115
1 0.44295121941479165 0.04310452830409759 0.02754442496187508 0.042805749050069467