1 0.62265625 0.17890625 0.028125 0.04453125
1 0.7140625 0.17421875 0.03046875 0.0390625
1 0.69140625 0.2015625 0.028125 0.04296875
1 0.64921875 0.2140625 0.03046875 0.05390625
1 0.75546875 0.21796875 0.0375 0.05546875
1 0.6328125 0.26484375 0.03671875 0.06328125
1 0.70859375 0.2390625 0.03359375 0.0515625
1 0.309375 0.54921875 0.08515625 0.13359375
1 0.671875 0.37109375 0.05390625 0.09453125
1 0.79453125 0.42109375 0.07109375 0.09609375
2 0.85703125 0.35625 0.05703125 0.109375
1 0.87890625 0.26953125 0.046875 0.06484375
1 0.74765625 0.61015625 0.09140625 0.14296875
1 0.40625 0.209375 0.03671875 0.059375
1 0.35859375 0.2140625 0.03203125 0.05
1 0.9515625 0.36640625 0.06796875 0.08515625
1 0.95625 0.77734375 0.0875 0.1921875
1 0.8421875 0.9328125 0.165625 0.134375
1 0.44453125 0.175 0.02734375 0.040625