1 0.6824827086155703 0.19924125851812136 0.03699538896415202 0.05060001785690753
1 0.7404147173219975 0.21742424268980876 0.03823034034363317 0.04437729139585782
1 0.6816914925367682 0.24371796144022068 0.042092324739800804 0.05849433847375849
1 0.792922241632257 0.22146290624464515 0.035105340343632996 0.04432274431795715
2 0.32707034882291774 0.4919825430174156 0.10440197421940241 0.1751011858759707
1 0.7021954223195231 0.3072992203686744 0.05220430913596861 0.07272047970746058
1 0.767533817276569 0.30297595900458874 0.06042624491161739 0.08066934740221221
2 0.8380134136130959 0.2924981550268292 0.05261374491161739 0.08053297970746058
2 0.530815067276569 0.2988440178536122 0.05162445499752568 0.0914432061685102
2 0.3347722269329359 0.25171209902377 0.05253185775648763 0.07897047970746059
1 0.8256439676606817 0.44370609902047475 0.08385710085908257 0.11073867694751698
1 0.9067191480092636 0.30774705397116897 0.0550017605154494 0.06652502678536117
1 0.8765093475797222 0.252582267039538 0.056564260515449404 0.06655230032431163
2 0.7892339133859532 0.7170384590045887 0.18594630257724792 0.3310705422066368
1 0.9262525565339768 0.6655731907406441 0.1307188127540133 0.17087733603812652
1 0.9612423340678259 0.47126981168180676 0.07751533186434827 0.11262845941492117
1 0.49604724163225705 0.2162809338440806 0.042256099050060315 0.061619338473758486
1 0.558874790252776 0.22362187540209416 0.0405298247398008 0.0584670649348082
1 0.4476130636585244 0.2006053409060952 0.04168288896415202 0.05068183847375849