1 0.43886216282947865 0.3501850973901792 0.11794490514873228 0.12160337468172652
1 0.7932171919098481 0.21455941677272242 0.07430132096198286 0.09611247867599956
1 0.9004913656156063 0.1931667694541308 0.05316977360693613 0.08181362133990877
2 0.6673064102692299 0.27789411608845044 0.10488346302712266 0.13862724267981755
2 0.3025837576101591 0.3025368433720437 0.126576452503779 0.1357567813494538
2 0.39132773919430763 0.29810442938413406 0.09836044724210727 0.13386701734563572
1 0.40985866033981705 0.20072999005408843 0.07119173151356133 0.06953179734245411
1 0.6001350498447082 0.1701537940801781 0.06319722099021767 0.0663158906747269
1 0.5440747656438412 0.15935210673931482 0.06539675782192056 0.07727157200827235
1 0.606523430821807 0.802611758076042 0.23171752076433877 0.30561584269572606
1 0.8183023649803218 0.8597264661043589 0.19239741553090184 0.2739294906906352