1 0.5954375734966054 0.21254968465320662 0.03724105042954129 0.055887901451278844
2 0.20189677691225133 0.5831027097961321 0.10522084577069997 0.19239088584218217
2 0.22804095432015706 0.36799606496827525 0.06650582654882316 0.10837798439090332
1 0.15801173733684384 0.3452009165122213 0.06864818068726608 0.08973711179556502
1 0.6885457643606367 0.2878076341977197 0.05105124491161739 0.08132441106992569
1 0.33285460707911907 0.384179114875608 0.0658507293077851 0.09587798439090331
1 0.3169164258260261 0.27013397304297604 0.04702548620519007 0.06402778366526399
1 0.7759948547042699 0.24703135597475132 0.04546298620519007 0.06397321996293304
2 0.24545086160167484 0.25981154273575663 0.04636374491161739 0.08116071996293303
1 0.37534640151576654 0.2753051118803831 0.05253185775648763 0.07981647477225655
1 0.6274334447092187 0.4234251864673052 0.06749511646291495 0.09749504809323425
1 0.477717806988262 0.21861365697839244 0.03880355042954129 0.0559424651536097
2 0.42109267073764334 0.1939385499921508 0.04529256784239592 0.09048115626060227