1 0.851590380418617 0.21687199174379862 0.042980678859192524 0.059941566033373486
1 0.7990237959319366 0.219597522046952 0.04929434585538672 0.06183161465389251
1 0.5154420444118808 0.6079385685197644 0.14603137749004844 0.21658106965141818
1 0.5571387489742359 0.4300525859326189 0.09154019566510634 0.1420037935321364
1 0.6266447771488564 0.29981620929293873 0.0616325197716634 0.0967798247398008
1 0.6241537885175628 0.24566429782754948 0.053183349809719616 0.08074538896415202
1 0.9621538542211627 0.3471503912234003 0.05493685079830257 0.08551477611928178
1 0.6522416378329907 0.17119324230962554 0.04129084486680377 0.056734678878243815
1 0.624209479734045 0.12901238636216025 0.03322367688202625 0.050075243102595035
3 0.8315126437644897 0.15240337799441725 0.08251802273741297 0.11190685775648763
3 0.9256181294300336 0.22544913161246188 0.1408982085166876 0.20539790818602893