1 0.73984375 0.0484375 0.03125 0.040625
1 0.6109375 0.31875 0.075 0.121875
1 0.61171875 0.18203125 0.04921875 0.078125
1 0.759375 0.371875 0.09609375 0.14453125
1 0.76796875 0.08125 0.03828125 0.05703125
1 0.54609375 0.165625 0.03984375 0.0703125
2 0.60390625 0.1203125 0.0375 0.06875
1 0.68671875 0.175 0.05390625 0.08359375
1 0.82265625 0.11171875 0.040625 0.0609375
1 0.5328125 0.11640625 0.03515625 0.06328125
1 0.65859375 0.1140625 0.04609375 0.06875
1 0.565625 0.08359375 0.03671875 0.0609375
2 0.64765625 0.06875 0.03125 0.05390625
1 0.88828125 0.1953125 0.06796875 0.0890625
1 0.609375 0.053125 0.02734375 0.05
1 0.96875 0.18359375 0.0625 0.0890625
3 0.45625 0.58046875 0.21640625 0.67421875