1 0.74609375 0.21015625 0.03125 0.0390625
1 0.55859375 0.9140625 0.109375 0.171875
1 0.3953125 0.93984375 0.1125 0.1203125
1 0.5515625 0.72109375 0.08359375 0.16328125
1 0.4109375 0.771875 0.08828125 0.16875
1 0.21015625 0.92421875 0.13203125 0.1515625
1 0.44765625 0.5703125 0.07578125 0.140625
1 0.30546875 0.690625 0.090625 0.159375
1 0.07890625 0.875 0.15546875 0.25
1 0.34140625 0.571875 0.07421875 0.11875
1 0.23359375 0.596875 0.08125 0.1203125
1 0.3671875 0.48359375 0.05859375 0.09453125
1 0.2875 0.48828125 0.06015625 0.090625
1 0.39609375 0.4265625 0.05 0.071875
1 0.32109375 0.41796875 0.04921875 0.07578125
1 0.39609375 0.375 0.04375 0.06328125
1 0.33515625 0.378125 0.04140625 0.06875
1 0.35859375 0.3484375 0.03515625 0.05546875
1 0.3734375 0.315625 0.03203125 0.05703125
3 0.41640625 0.30546875 0.06640625 0.13671875
3 0.08046875 0.66640625 0.15859375 0.4109375
3 0.2046875 0.41796875 0.134375 0.2015625
3 0.2890625 0.30703125 0.0875 0.13125
3 0.346875 0.25 0.0875 0.121875
3 0.42734375 0.246875 0.05 0.08359375
1 0.94453125 0.31640625 0.06796875 0.0484375
0 0.41328125 0.22421875 0.084375 0.071875
1 0.96796875 0.5796875 0.06328125 0.0984375