1 0.7326558035773131 0.8680813764182436 0.3033467370110611 0.263837247163513
1 0.21263104464556398 0.40170020698048664 0.12005122158978576 0.1674723079967011
1 0.2918329439936456 0.028814287938441367 0.047584112012708776 0.04198892319868043
1 0.3850920202925395 0.059667134335802244 0.05243525324641087 0.05150031551854848
1 0.2233442224038599 0.19096729546028873 0.0797886858759707 0.09758570533113406
1 0.38616359659143334 0.08783759844242492 0.04777502678536125 0.05292642319868044
1 0.14263178490303607 0.06824519780928666 0.051118215096963925 0.06551735141192579
1 0.49258514610496607 0.17066212179938992 0.07776253571381489 0.07097774122451135
1 0.5706828725660157 0.17449782713052397 0.07951595048646727 0.08196070533113406
1 0.6293993534912922 0.16917148112887453 0.07633640340856651 0.07874477711788871
1 0.6881567447249942 0.16150138512722506 0.08091480925276535 0.07263116943775674
3 0.10113976014626973 0.027173916930474273 0.08209547970746053 0.05080163354437941
1 0.17152044399364558 0.02531355172849492 0.04445911201270887 0.041897994985435075
2 0.8616879277615912 0.29552234712227665 0.1428068831160271 0.12909176959604132
1 0.8714333003276069 0.45369855997525815 0.17416597727182861 0.13625105172849494
1 0.9513389886392096 0.4435172294130149 0.08488528896022593 0.12115959765100222