1 0.03088816522042767 0.6270937651253105 0.06177633044085534 0.21768746974937905
1 0.08622848263160446 0.6869227621984443 0.17245696526320892 0.2605294756031114
1 0.08309917452605257 0.34551651219844426 0.13681941149637403 0.15387949980360824
1 0.6969177336650617 0.1794894528755526 0.055201230355292806 0.07842498184962739
1 0.3781119598865254 0.4843870728960781 0.12014133374611502 0.16471700585373253
1 0.31093092204485323 0.38402397941374045 0.10974748924663302 0.14278746369925477
1 0.8498564890417452 0.24967416696759087 0.05476458271265798 0.06904998184962743
1 0.7773094009524041 0.24775311866479308 0.0530565334984459 0.06591589149054773
1 0.29413087386409875 0.2919591992613153 0.0862714478903042 0.10828519867214012
1 0.4665495293646168 0.31282516940347777 0.0953211162111037 0.13489315046753828
1 0.8930178300265705 0.3626736158361227 0.08405397642635144 0.09421360831306051
2 0.9151732739879332 0.23914066706578668 0.058835652605034025 0.08938066256778665
1 0.436108666253885 0.16148083802138857 0.058471779569504535 0.08156816256778665
1 0.6963096881749037 0.5950053685665971 0.12355743217453856 0.17098518657189174