1 0.3304449619023667 0.5634225714220611 0.09023236364988403 0.14669643992586626
1 0.3704863245636676 0.4231596699707823 0.06313135277546902 0.09426092068857254
1 0.46984965460172373 0.43529259302160755 0.06794618676785795 0.09754961179556502
1 0.38792317536197035 0.33985609664980465 0.04811384783255317 0.07033234736759483
1 0.40560276528585815 0.3080331777753306 0.04154551285158128 0.06230159255827141
1 0.46647925688290115 0.3456943796820964 0.04805018083635879 0.06876984736759476
1 0.5896965809894582 0.3850792834956279 0.059751684790691505 0.08790179328391083
1 0.7399645419404228 0.5647245995602115 0.10391286167271759 0.13781251324684404
2 0.4195498601526618 0.2529364500078492 0.04011034684397004 0.06537202885594055
1 0.46609193771926005 0.27861600708675816 0.03478617688202625 0.049583337748947985
2 0.8298785706093348 0.42584065963434525 0.06807352076024671 0.10067461179556503