1 0.6679794044670607 0.1250236547580867 0.051930681141081084 0.07556362133990877
1 0.705331701200073 0.1621969380967228 0.048878455748187125 0.0770897586728179
1 0.710633477254921 0.21619409476445 0.0601070541766104 0.08346702800763595
1 0.7701282936326403 0.331792370106586 0.09132282092583352 0.11662497334499947
1 0.6819582437992562 0.5801202347628592 0.12991874813797324 0.20764996268299923
1 0.9263289820124319 0.5360633414624031 0.10746155128112633 0.19489542401336307
2 0.3735056191110971 0.9229573366884081 0.19953773531769164 0.15408532662318386
1 0.07565377864074577 0.6948408800127266 0.15130755728149153 0.2379010840229082
1 0.30932568837979146 0.20605274204327073 0.06494010339082212 0.08664657200827239
2 0.47564623945603 0.4112231420671333 0.08649407981717357 0.18059656667727228
1 0.40999346836358075 0.2767930507240428 0.07489730024766902 0.09925566000954503
1 0.40416946153915523 0.15009419072245198 0.045171258891340216 0.064553396005727
1 0.4512606313076969 0.17956406206236078 0.05661818114108108 0.07561816534054513
2 0.4746318188589189 0.08056348806490611 0.0343065334984459 0.0659886266709089