0 0.3671875 0.18203125 0.14453125 0.1609375
2 0.19765625 0.19375 0.078125 0.0890625
1 0.38671875 0.2890625 0.08359375 0.08359375
1 0.28046875 0.26484375 0.06875 0.08515625
1 0.96875 0.36875 0.0625 0.08359375
3 0.60078125 0.24921875 0.26796875 0.2515625
1 0.81328125 0.33515625 0.10390625 0.109375
1 0.55234375 0.3796875 0.11015625 0.109375
2 0.40234375 0.35 0.08046875 0.12578125
1 0.89140625 0.31640625 0.09765625 0.1015625
1 0.80859375 0.2546875 0.0875 0.0890625
1 0.7203125 0.240625 0.06484375 0.08125
1 0.5296875 0.503125 0.11953125 0.1390625
1 0.85703125 0.69453125 0.18203125 0.19296875
1 0.7265625 0.19609375 0.06484375 0.0703125
1 0.65 0.18828125 0.05703125 0.06875
3 0.959375 0.509375 0.08125 0.2703125
1 0.7921875 0.93125 0.18046875 0.13671875