1 0.2798859074417286 0.04069876463433119 0.035684528855940555 0.03769998789975158
1 0.22279017005560037 0.06459026170746496 0.035684528855940555 0.037699987899751576
2 0.5619741441100666 0.4658634328594585 0.14190479092165803 0.2164067708808471
1 0.2781844758685649 0.3579408067888089 0.0916468413771451 0.11925906010845858
1 0.15981393258465407 0.4135135750373774 0.09833335099579185 0.13179542154477702
1 0.33305554746026206 0.062106132022577996 0.040699411069925695 0.047102258976990455
1 0.31753220726424336 0.2604936350476401 0.07849207694917482 0.10043633723582168
1 0.20248012613871733 0.24341469847574843 0.0690079495445131 0.09725679508134392
1 0.3204265726880055 0.11047999950902068 0.04538691106992569 0.047129530054229284
1 0.3629687367531561 0.10056918920417035 0.05201885698624169 0.05810339149054777
1 0.468873996371803 0.08868278844204455 0.04862103847458741 0.050272710772388526
1 0.06576386533894414 0.1754181565176624 0.04782243030721935 0.0721386204133089
1 0.4813516598039813 0.20127823721238053 0.08365080290255769 0.06922269867214012
1 0.712036175413078 0.2635702007152436 0.1139385036281972 0.08658291549465283
1 0.07608629564616351 0.10358860831306052 0.03601191106992567 0.04707498789975162
1 0.7460267402965352 0.3419088241536146 0.10650794954451293 0.09747496369925476
1 0.060935010799773204 0.06755565954272451 0.026309528855940532 0.03764544574527386