1 0.6405189468848499 0.7714047629840112 0.13376254922121245 0.19449540944452864
1 0.49996815472326633 0.8284819856602563 0.1421206185006847 0.21329086123992697
1 0.48587324782192187 0.6394694826351943 0.1285749440483631 0.17728063836728972
1 0.343926406372619 0.9708199974659173 0.14534124373179386 0.05552381303532457
1 0.36385715848419004 0.7964558017206433 0.13813180047485368 0.18358518052176756
1 0.20905966138718393 0.9278472231672245 0.19632473370266396 0.14330561416679294
1 0.37498957211595907 0.6151103529503074 0.10377352084968257 0.13026928298109547
1 0.26183400573948074 0.7275063347017389 0.12798391066226814 0.1569681383672897
1 0.38451167313217344 0.5126938800776705 0.07781877461060623 0.09731133723582168
1 0.2963955591838353 0.5725915757247485 0.09054609514371972 0.10519656010845857
1 0.3753436101209074 0.43929728669352863 0.06325616943775678 0.0800420240041051
1 0.31318459092057754 0.45137965105671346 0.05843227711788872 0.07532725292686634
1 0.3242752036152744 0.40286942818407645 0.05668792069139794 0.06906816256778665
1 0.3340079047897734 0.36139954567051913 0.04713106426490725 0.06276362041330899
3 0.3738372829238764 0.3338194463344491 0.10123955423577735 0.15056360226293633
3 0.14449574155371578 0.6961523164531703 0.2592579573761981 0.3733203670936593
3 0.22950827289474657 0.4221739400879331 0.14741587226160835 0.18051472267624522
3 0.2833343033778476 0.3116858919815271 0.12463159012915473 0.14913745764913058
3 0.37066080713877125 0.2783597866935287 0.07313127461060613 0.09728406615858276
1 0.9071007608205527 0.21194690799060037 0.08485838479802084 0.07079428903121973
0 0.37393055964605376 0.25646206079582967 0.07299488229073817 0.09259656615858276
1 0.6102999686589692 0.26993316657480737 0.0579321719450391 0.05813975292686617
1 0.7483742816702351 0.34257980533488064 0.08834709765100221 0.08331246974937896