1 0.6939326010523649 0.3932997751393316 0.09913870373287814 0.1325062746106062
1 0.7435314062479405 0.2792994596207832 0.07674550649282175 0.10218227711788871
1 0.9074747240221225 0.5363808707452697 0.14384327759614024 0.1884667695960413
1 0.7822759009696394 0.6181884633817069 0.16004102191409722 0.22173391066226814
1 0.8955672390396561 0.3467871733316944 0.1067875624991764 0.12335859514371963
1 0.9661410174498704 0.46652536032042846 0.06771796510025929 0.15686977711788863
1 0.25740476582501726 0.416944492940371 0.09124438311602727 0.12759145407749273
1 0.38183597564697547 0.33594088235724523 0.08647506249917622 0.12276756175762475
1 0.3092615462638265 0.34274246331519986 0.07995232710967279 0.10696070533113407
1 0.24204677272487615 0.3431349198999752 0.07989778003177213 0.10383570533113406
1 0.4916416237805364 0.2678691807870348 0.060847771103318314 0.08610263605166182
1 0.4121586753226639 0.2819066002247916 0.06254663879807013 0.09396060015828453