1 0.40939071906200797 0.5374802566392993 0.06292724687674198 0.07380111436318479
1 0.46240663475305255 0.5184211844305924 0.059847698672140126 0.08159543364502539
1 0.3683844448615111 0.6064711511549092 0.06770565046753826 0.08945338544042354
3 0.26592356195517036 0.8555131600337038 0.44853853571157004 0.28853734269677067
1 0.42755945696175957 0.5717507175098838 0.07393746974937905 0.08636474687674198
1 0.6521519534457181 0.9032678413410382 0.12282948770335977 0.1647715480082102
3 0.3469503272768726 0.682379666182024 0.2452771803253758 0.26391809601642036
1 0.5116981076256895 0.5306348381195845 0.06924087939029935 0.08477497579950324
1 0.5136327914671066 0.460308702580965 0.06914088544042354 0.06758747579950324
1 0.5923764567653678 0.700483729806524 0.08828177088084707 0.13488406010845858
1 0.6895145562978297 0.6108530823640479 0.07879768657189175 0.1160795179539809
1 0.4458822100850175 0.4982041332009284 0.08945338544042354 0.06770565046753826
1 0.5777049027070335 0.5958780430382404 0.07402837334017516 0.10198974687674216
1 0.5973901679305398 0.4879473683702054 0.050390885440423715 0.0674783914905479
1 0.7187531252850828 0.8020957059006146 0.16986811416679296 0.1931692587805987
1 0.8670547907797357 0.9121741669675909 0.13172269867214012 0.08201359016268768
2 0.601764050542293 0.43401384729296666 0.05039088544042354 0.0674783914905479
1 0.6845401891059745 0.4272820582617468 0.048792024004105095 0.06121930113146821
1 0.6890413367448424 0.395223537184508 0.04563975292686617 0.056513620413308985