3 0.0515625 0.6296875 0.10078125 0.42578125
1 0.31171875 0.2484375 0.05234375 0.078125
1 0.34921875 0.33984375 0.06640625 0.11640625
1 0.23046875 0.6734375 0.13671875 0.21484375
1 0.41171875 0.69375 0.11015625 0.21875
1 0.36328125 0.28046875 0.05390625 0.078125
1 0.4484375 0.4140625 0.06875 0.1203125
1 0.41171875 0.2265625 0.04453125 0.07421875
1 0.47734375 0.2640625 0.04921875 0.07421875
3 0.38125 0.15546875 0.06328125 0.128125
1 0.4421875 0.18203125 0.03359375 0.05703125
1 0.4796875 0.2 0.03984375 0.06328125
3 0.9265625 0.56640625 0.146875 0.490625