1 0.3359375 0.2265625 0.04921875 0.06484375
1 0.48125 0.46484375 0.09921875 0.20546875
2 0.32265625 0.39921875 0.10703125 0.2203125
1 0.64296875 0.13515625 0.03359375 0.05546875
1 0.58046875 0.10859375 0.03125 0.04609375
1 0.6984375 0.18515625 0.04375 0.06484375
1 0.696875 0.23203125 0.05859375 0.09296875
1 0.43359375 0.2640625 0.05234375 0.078125
1 0.38125 0.24296875 0.04765625 0.07421875
1 0.51640625 0.16015625 0.03203125 0.05390625
1 0.7671875 0.31015625 0.06484375 0.1
1 0.45390625 0.14453125 0.034375 0.0515625
1 0.4921875 0.0984375 0.025 0.04453125
1 0.53046875 0.121875 0.02890625 0.04609375
1 0.87734375 0.63828125 0.15078125 0.209375
3 0.703125 0.11640625 0.06640625 0.1109375