1 0.10078125 0.90078125 0.19921875 0.17421875
1 0.63828125 0.19375 0.03046875 0.0515625
1 0.73671875 0.178125 0.03046875 0.04296875
1 0.65078125 0.23515625 0.03984375 0.06328125
1 0.43671875 0.45546875 0.071875 0.128125
2 0.73203125 0.2734375 0.04375 0.078125
1 0.8125 0.18515625 0.03046875 0.04296875
1 0.7109375 0.5046875 0.07265625 0.1203125
1 0.8453125 0.49296875 0.084375 0.10390625
1 0.878125 0.36015625 0.06953125 0.09609375
1 0.453125 0.22578125 0.0375 0.05703125
1 0.33515625 0.21328125 0.03515625 0.0515625
1 0.41796875 0.190625 0.03203125 0.04453125
1 0.8484375 0.88515625 0.14609375 0.2296875
1 0.4578125 0.18671875 0.02890625 0.040625