1 0.5570149197404508 0.8523569734798793 0.30120535619201405 0.29528605304024147
1 0.2595074061570828 0.6816419260542455 0.17017094889756965 0.2049590577372161
1 0.12322637367201342 0.5876504603962868 0.12056968597979179 0.15213789462538863
1 0.05015320279420095 0.5341089604668741 0.09495143692972233 0.12411931043863902
1 0.012114221030312318 0.48693855787839035 0.024228442060624637 0.10200211575678075
3 0.04798029226871515 0.395190673635171 0.0959605845374303 0.1747563472703421
1 0.09221472264583294 0.4747563472703421 0.08822865824437506 0.1034427893919517
3 0.3527508727220829 0.5744202312312127 0.521194467133681 0.5374802153050228
3 0.7986958863054507 0.7590080628577136 0.38020579122187537 0.4819838742845729
1 0.8208287254956245 0.5969888071019314 0.20581750816812522 0.1945521787556686
1 0.4094574272429858 0.4572474127588915 0.10883209897381967 0.11712585779368574
1 0.2903444045415622 0.432316760240995 0.10865026101791671 0.10931335779368574
3 0.2445974530785414 0.34750984976000365 0.20621755167111128 0.21173967875566851
1 0.41438196979604136 0.41372492591307114 0.11984233415618065 0.12088789462538863
1 0.5784620003812496 0.4561384810194512 0.1533458183886113 0.15248650512049747
1 0.7837482592149649 0.5095574255601353 0.18997430262104179 0.18426712613895013
3 0.8992479322769789 0.42084280703134425 0.19015744699770848 0.2591761208772782
1 0.6607302929343053 0.4171207546263873 0.14992987765916688 0.1398044945971538
1 0.47619229198437474 0.37977413111827324 0.11515483415618064 0.12061487884037306
3 0.3359861724933331 0.3199756549369709 0.2090152433504863 0.19785918927901225
1 0.9554044004574995 0.5625822569748745 0.06853440729444457 0.12882222099021767