0 0.36972412921709624 0.8429910203336022 0.16897036537236182 0.2932837524470706
1 0.576754831874642 0.9029215479235984 0.12209427068745349 0.1573264050794762
1 0.5746036279042317 0.6851164890305907 0.09131698535963509 0.19686013103285874
1 0.9281864452975925 0.23076128341080993 0.05067270934118149 0.059558538474587405
1 0.16001715328613852 0.3419270612552602 0.05566929201145401 0.08628472958157989
1 0.6992529232972744 0.2410986158022803 0.05397952267663584 0.07529266587924913
1 0.03508933127786619 0.9064211255905633 0.07017866255573238 0.1840327488188734
1 0.6662307906190477 0.32737342170006284 0.07296588001272664 0.0962599303072194
3 0.8703824886219111 0.2991591085458861 0.20904992536599848 0.24782740870767297
1 0.8435632605824586 0.590602564080849 0.13005222135581712 0.17009922359113006
1 0.20164212663113798 0.2545709049946579 0.057104522676635926 0.07540179328391083