1 0.07265625 0.759375 0.14375 0.20390625
1 0.75390625 0.28359375 0.04921875 0.06484375
2 0.17578125 0.52578125 0.15078125 0.18125
1 0.13984375 0.5015625 0.11328125 0.11484375
1 0.80234375 0.32421875 0.05 0.07421875
1 0.90234375 0.3234375 0.04296875 0.071875
1 0.60546875 0.4859375 0.1 0.11484375
1 0.40703125 0.29609375 0.06484375 0.06328125
1 0.50078125 0.3109375 0.06875 0.071875
1 0.61484375 0.2859375 0.053125 0.06328125
1 0.6609375 0.63671875 0.128125 0.19609375
1 0.7203125 0.9515625 0.12265625 0.09609375