1 0.22421875 0.2109375 0.06796875 0.06640625
1 0.14296875 0.18984375 0.06328125 0.0703125
3 0.29921875 0.14453125 0.23359375 0.14296875
1 0.30703125 0.21328125 0.06875 0.0703125
2 0.2734375 0.2359375 0.06015625 0.08515625
1 0.33359375 0.296875 0.08046875 0.08125
1 0.4828125 0.325 0.09140625 0.0890625
1 0.9484375 0.353125 0.103125 0.109375
1 0.8890625 0.39921875 0.11953125 0.11875
3 0.58828125 0.23828125 0.18984375 0.2
1 0.39765625 0.36640625 0.0875 0.10390625
1 0.59921875 0.4296875 0.11328125 0.11640625
1 0.8359375 0.28359375 0.07890625 0.09609375
1 0.7375 0.27421875 0.08046875 0.1015625
1 0.775 0.24140625 0.06796875 0.08515625
1 0.50390625 0.465625 0.11015625 0.121875
1 0.7375 0.55390625 0.13984375 0.14453125
1 0.64296875 0.68125 0.13359375 0.17421875
1 0.91328125 0.83671875 0.17265625 0.2296875
1 0.71171875 0.18046875 0.05078125 0.06484375
2 0.9609375 0.5703125 0.078125 0.15703125