2 0.07578125 0.56640625 0.14921875 0.2296875
1 0.8890625 0.15859375 0.02890625 0.0484375
1 0.9140625 0.23359375 0.03828125 0.06328125
1 0.265625 0.328125 0.09609375 0.0984375
1 0.53203125 0.2765625 0.065625 0.0796875
1 0.49140625 0.21953125 0.06015625 0.06328125
1 0.69140625 0.4453125 0.09140625 0.13125
1 0.53046875 0.1703125 0.04375 0.05
1 0.5921875 0.18359375 0.04140625 0.05546875
1 0.66953125 0.15546875 0.0375 0.0484375
1 0.63984375 0.14609375 0.03671875 0.0390625
1 0.1734375 0.953125 0.15625 0.09375