1 0.9382812831171098 0.2893946412279852 0.050729175497895795 0.06788101282028158
1 0.8641046839354164 0.19780214660466863 0.03757441106992587 0.04854881596343472
1 0.8949132290334258 0.2982944522290211 0.0682440577118811 0.07805653349844599
1 0.6540377802067029 0.6372862158778723 0.16060022721932726 0.2211944114963739
1 0.6532217807548572 0.4352335643062957 0.11288692431676957 0.15033394789030421
1 0.6317336719545169 0.3336154063245783 0.07871033175849824 0.10974318114108109
1 0.7036334646054556 0.2706659501621066 0.06388393992586608 0.08721320967712849
1 0.7029414946425223 0.22851483746565945 0.05558036660488845 0.07278683664159917
1 0.7234424784004536 0.1678513192686944 0.044206356986241604 0.05977741439185813
3 0.9326463528098904 0.21737409201377345 0.10285715988879929 0.13114730024766902
3 0.9713144940095504 0.30293275640563155 0.05737101198089931 0.22478598428423435