1 0.6510590549652058 0.32801012442812555 0.057857273606936134 0.08248649810013893
1 0.772409681174743 0.44240189237989647 0.07668286831702957 0.11101154160312507
1 0.6701114338055788 0.44080106515757 0.08458637357870132 0.11275587955902786
1 0.8277195364787671 0.4007787432535771 0.07393729991529555 0.09066267401194458
1 0.10240653626700558 0.606251306420764 0.14693372611071517 0.21875261284152786
1 0.301975354809914 0.4829450122521878 0.12434609456891899 0.17921733415618063
1 0.24065144695975849 0.4347062275829169 0.10461044724210718 0.1350672906531946
1 0.16217013118886037 0.41337478181947934 0.10608194198043534 0.13354115824437507
2 0.8947606362387708 0.6543408075581257 0.16070779977412109 0.24091855357097228
1 0.5235255891660728 0.33518423195131986 0.06934080517696728 0.09211607123840278
1 0.39379956278712636 0.39848105290538227 0.0751203683170294 0.1109751740119446
1 0.3285925207643387 0.31036215064493083 0.07430132096198276 0.0969126740119445
1 0.8161931043863909 0.9296758483082295 0.19347552616718494 0.14064830338354106