1 0.7244351020110423 0.8443377480550923 0.19241093123013933 0.2792067527304745
1 0.6530529180280208 0.026673525084259596 0.028997822188333446 0.03766362646343312
1 0.663633274220035 0.3469678443661004 0.11802656743868063 0.17097609621281204
1 0.9069345582237158 0.6284031549655383 0.179838196047778 0.2760090298578376
1 0.6228569249618751 0.038569537086312146 0.03215918977951375 0.03924430718159235
1 0.4914991286090974 0.10184221760807965 0.037246733282499986 0.05645907825883119
1 0.5643378697753821 0.14283031109041722 0.04683993882958326 0.0658886204133089
1 0.7304525258355555 0.09576389266889813 0.04985583605604162 0.06121930113146816
1 0.7896456878796528 0.08760595902387266 0.05461607123840277 0.064371572208707
1 0.5527814675149306 0.08273314842443476 0.038736498100139016 0.053343168617910844
1 0.8410101257593057 0.1795071127128647 0.07391158510611114 0.08791815651766241
1 0.529761541603125 0.0672399586310892 0.030778527735416717 0.04704771682251274
1 0.5866655050339931 0.06143941052468316 0.03230466014423623 0.04549430718159235
1 0.9444978218555384 0.3656304441931498 0.11100435628892313 0.14441359621281213
1 0.9586710576550349 0.23273613096143317 0.057124128609097366 0.10500566256778665