1 0.6552066740566103 0.10107731031739528 0.04579588479802066 0.07133079255305556
1 0.699632623977468 0.13049140017315913 0.04248902837152997 0.06500805737069451
1 0.6857914328320989 0.1768760909026036 0.05374477711788863 0.0762001305089584
1 0.7278448890211628 0.26099586455395773 0.07960859514371954 0.10646951196784729
1 0.6377845271843957 0.37785801586447865 0.09967705423577744 0.152218423062014
1 0.8533185989711504 0.37596428828156175 0.10882473370266403 0.14462412860909737
1 0.8607456879131709 0.6841761785741658 0.19609271615168672 0.29967661094166687
1 0.3145385584589195 0.19098214380798587 0.06334709765100213 0.08423083605604172
2 0.43214697796318324 0.5762630675355899 0.12317204169936513 0.2620662017473613
1 0.36137279137016065 0.3522820132990275 0.09600648495630519 0.13339568787965286
1 0.39573473416488236 0.1641092128621872 0.05388116943775669 0.08088763050895835
1 0.41753552632646584 0.21981369899447883 0.06996081050398359 0.09687630642076392
2 0.46800219074965776 0.09528517125906211 0.03963681301126591 0.07431032218833336
1 0.5285448856559505 0.08060376899861067 0.03748327962517113 0.053961454597152805