1 0.9102588339555119 0.35118291081547165 0.053202082712657986 0.07049603847458741
1 0.8181655332935582 0.3021402648064884 0.04175516046291676 0.059176592558271415
1 0.49901288730806215 0.9247891134400277 0.1193022717116218 0.11648315027015244
1 0.3281909650583211 0.9416740569940909 0.132200377997928 0.09197422359113006
1 0.13040843652227385 0.9345411471901096 0.14422949710451588 0.11579366950744614
1 0.01081745202864257 0.9504439441022174 0.02163490405728514 0.08348711179556503
1 0.5085078194826005 0.7544220497376968 0.09848465756743252 0.1719146947351895
1 0.3631225448754947 0.7610589740544663 0.10124578453190329 0.1642113221398514
1 0.21611911228667152 0.7856919302224014 0.1210146290313853 0.18674108656782148
1 0.06013255541946473 0.8225619915624796 0.12026511083892946 0.17780259618646851
1 0.020363734079346517 0.7456200348463903 0.040727468158693034 0.1587599303072194
1 0.4060292905322685 0.5934250407520221 0.08994441149637389 0.1560168762235353
1 0.27304981658711647 0.6518873598966486 0.08899834160399785 0.13570437622353532
1 0.13049844355158718 0.6646651568087565 0.11127575599585601 0.17860120435383636
1 0.3075211699779386 0.5648858677011969 0.07696922249741008 0.11188493030721922
1 0.20919283188859744 0.5659796309480407 0.0804580955329393 0.11980655771188112
1 0.3286192280834905 0.497070885124392 0.06835620181924558 0.09442461179556502
1 0.2558366995474432 0.48557287913394226 0.06664815260503384 0.09124504809323426
1 0.3650875750641719 0.4341790155242786 0.053638730355292805 0.0798710384745874
1 0.28018603618904236 0.43168398730131025 0.05356595574818694 0.07830853847458741
1 0.36087526406313586 0.390647270333602 0.04397263192686944 0.07329365626060227
1 0.29684915136668877 0.39210313212916714 0.04851458271265772 0.07033234736759483
1 0.32345019272301767 0.35685511289187344 0.041973484284234266 0.06386409255827141
1 0.3437284594722406 0.32338784846390317 0.044952935070022626 0.060848219962933034
3 0.39004053329355826 0.3170907192451429 0.07878858767505648 0.1509474303072194
3 0.10554787096861469 0.5241418497298476 0.21109574193722938 0.33296630054030485
3 0.19906662283064153 0.38147814537601105 0.11803517824559702 0.18975695916315996
3 0.26011759284685215 0.30992803838976934 0.07686221463952717 0.14308036660488846
3 0.3206591406133218 0.2493154314035277 0.09212334160399785 0.1358135036281971
3 0.4032918581483331 0.2167906188823232 0.06657537799792798 0.08968254809323425
1 0.7856398236164297 0.36411447515077466 0.06108735731976367 0.07233135698624168
1 0.6902138536002191 0.4368649835882952 0.06911818114108108 0.07729167549789598
1 0.1960914801504051 0.31138390018533446 0.028236315963434677 0.03686508293962456
1 0.17527171195344002 0.28949154201796645 0.03812073821317572 0.0481299651536097
0 0.9487005957423363 0.3966392545548694 0.06824919396136267 0.12562004809323427
1 0.09157945450984192 0.41175097713450926 0.060577935070022584 0.0613938569862416
1 0.8889916478520321 0.5063614841364494 0.10763702564056317 0.10047620435383635
1 0.9461149431373024 0.48564719085253855 0.0636687018192454 0.09426092068857254