1 0.5953573877178376 0.16752641310304356 0.043244885855810725 0.057432066772189705
2 0.5625234629868974 0.2174211130239013 0.07206339867609231 0.10664245658477522
1 0.6271317725401913 0.20756639139543123 0.053202082712657806 0.07020485141192578
1 0.6609652710924492 0.15300692352788486 0.04934933664159917 0.05448892319868044
1 0.24076170140947 0.7095187186589692 0.15270127667402048 0.19637019780928675
1 0.39225788896069197 0.6145735946815012 0.12631855913900916 0.1659552721033238
1 0.13057337221146897 0.6398163209288248 0.13667386228216233 0.15377352084968265
1 0.23407516956365387 0.4331691673261857 0.09706339867609248 0.10736988229073816
1 0.7184031277930403 0.33069766600603745 0.08932367328319835 0.10870506175762476
1 0.35254268734633415 0.30831758300301876 0.06991870181924557 0.09409699247815269
1 0.30367069375647493 0.28264398159109294 0.052983758891340126 0.06551735141192579
1 0.4246745525239806 0.27130096780103935 0.05796235731976349 0.07190374373179384
1 0.845965201614358 0.329715490695786 0.09891699710451576 0.11366534639736088
1 0.772178675354622 0.6710020687507467 0.17112594499482014 0.22343280298213627
1 0.8893749073625447 0.2543123254146643 0.08837760339082194 0.08839256175762475
1 0.3725148930945211 0.23223245612255689 0.04331766046291676 0.05899456677218975
1 0.9307039588530681 0.6099007473597036 0.09347182588823202 0.19776756175762494