1 0.431269814250485 0.2237505970138954 0.06689981252120454 0.08460737336031983
1 0.5197668298595817 0.289437552011421 0.08388890507947586 0.1244887449116173
1 0.5312623797669144 0.18437823778706977 0.059141876223535304 0.08576043758467108
1 0.6815475449283733 0.5875076390756937 0.1425595553496283 0.2414172953411587
1 0.6774603118882323 0.07698621890387719 0.041135920688572546 0.06142217887824379
1 0.6117584116180799 0.187814176276252 0.0592510036281972 0.08888543758467109
1 0.8169841141578178 0.13830325644311975 0.05908731252120454 0.08419793758467105
1 0.5380233004554869 0.12524889925245902 0.04938493030721922 0.07433161465389256
1 0.5951909597113141 0.12433153041469495 0.05467263103285873 0.09176477611928183
1 0.8646205167902231 0.1861952018297069 0.08156251324684405 0.10253185775648758
3 0.43640623675315615 0.12148873416902514 0.15443950725639405 0.17965427973732645