0 0.34763732671229247 0.8346904366247745 0.227816900743007 0.29780334269572606
1 0.545475513230057 0.8362967479312757 0.16200781017246654 0.25955790802036277
1 0.5738037586819432 0.6053734645926397 0.11269270678164425 0.17309314934754488
1 0.9787158130679506 0.3175974605347333 0.04256837386409877 0.07096702800763595
1 0.9252740975998538 0.2972127825430057 0.06570208271265798 0.06947725334181776
3 0.7481250926374552 0.21954341056655005 0.12766273531769165 0.15921246268299924
1 0.20052450061917257 0.2438938086410012 0.06813787799792799 0.08824543467536321
1 0.6442959253501129 0.28953883191441304 0.0690454065339754 0.07420111600890866
1 0.7960446699734295 0.35890535522759576 0.08590757485477489 0.1009454293443631
1 0.23903699875714574 0.44980745397041044 0.10455056699689198 0.13239542401336307
1 0.7872604830413801 0.5059621685630502 0.12708053846084474 0.14671246268299926
3 0.9278082845319033 0.479916194541733 0.14438343093619324 0.3393544960216353