1 0.3541668094366316 0.7428404387163248 0.19484197469763487 0.23819712008095947
1 0.14168334874281469 0.5538542610812766 0.10932155068427192 0.135337713703953
3 0.06715387404517974 0.32949607021724503 0.11896927068745358 0.15926653663473136
1 0.11902600405790642 0.4205847376755282 0.08546588001272667 0.09817190637700648
3 0.350949260741542 0.5335063822938897 0.4615407680617244 0.4785985492978876
3 0.7924987720400891 0.75408231739217 0.4150024559198219 0.43123887041964365
3 0.28417774204327073 0.30405125565420954 0.18332267202418073 0.18762390999505119
1 0.43753964672181567 0.3835672580290587 0.10588746801399936 0.1086114393936934
1 0.5883032627307243 0.4413310911366025 0.13584768801718106 0.13360479534115868
1 0.7783111920750875 0.5126727453659026 0.17054995202099904 0.16353131275401314
3 0.9115294880251351 0.4382791757144844 0.17694102394972971 0.24074890999505136
1 0.6747220207272244 0.4110051040269013 0.13572041868236298 0.12266729534115868
1 0.5029101080521794 0.3582529975136092 0.10119996801399936 0.10836577792830412
3 0.37778229137490715 0.28663802634642443 0.18628404002227175 0.1737251843053107
1 0.03792145472626999 0.4373428697422752 0.06678860534690848 0.10343926051544958
1 0.9548896840388164 0.5845876096811109 0.09022063192236729 0.129913229307785