1 0.36132393218006964 0.2556987533815887 0.056724085106111134 0.08813634667409058
1 0.675656576272396 0.13673331409131398 0.040262630508958355 0.052017033338636144
1 0.4475939661837504 0.5394385013924063 0.12176981648875014 0.19823860001590835
1 0.723512848023889 0.14588159476445006 0.037246733282499986 0.05666817067154524
1 0.46966245583142374 0.21244019672976983 0.055197952697291795 0.08968066534054513
1 0.5298940538553127 0.35060381540417856 0.08099803970326391 0.12434656667727229
1 0.6985505220358335 0.2143225120941775 0.05323540919430556 0.07247498400699967
1 0.7624675516711112 0.2088179467695407 0.05468880642076392 0.06780566534054513
1 0.5203534400638544 0.2427094994032241 0.05665134992375016 0.08501134667409058
1 0.4632845160519098 0.17331406206236075 0.042116071238402955 0.06453521467218155
1 0.5122844072944446 0.130927114735815 0.035393292553055566 0.04414998933799978
1 0.7706463404244447 0.3588724907701771 0.08074346656499998 0.11340906667727228
1 0.48817410685760426 0.10174814473263334 0.03074216014423623 0.04565794533736343
1 0.5264553568576043 0.10219358740449672 0.03074216014423623 0.04565794533736343
1 0.846014588808924 0.6104628101129494 0.15788915444465274 0.2064692706874535