1 0.0634009505809005 0.900518355172143 0.126801901161801 0.198963289655714
1 0.3036405370176119 0.7555630415546302 0.1833049214211715 0.3183928798517325
2 0.712020502895484 0.1359822393698628 0.040629308105551945 0.06849702885594056
1 0.6689211662538849 0.18768858310926056 0.053202082712657625 0.07049603847458741
2 0.652889443756475 0.2966816371929446 0.0908519400324213 0.14200893992586625
1 0.2705135913991101 0.27393853012188496 0.06599318114108117 0.07718254809323426
1 0.40857651757779256 0.28345491777816567 0.06174232878371626 0.08639385698624169
1 0.23136335421939166 0.2240550920101172 0.05454625889134013 0.06586310217691818
2 0.4479536947899323 0.1940576010806099 0.047388730355292806 0.07965278366526393
1 0.3798757828792735 0.19402783002921767 0.0465882096771284 0.06246528366526398
1 0.7944602820552131 0.8525199533423461 0.18308228949430205 0.2466270072563944
1 0.18091593631287686 0.3999256220471841 0.09110449710451585 0.1139385036281971