1 0.24627775270527094 0.28720219736631664 0.11522610534690844 0.10132723734881743
3 0.1049282360757238 0.558957924013363 0.2031657414067239 0.542915848026726
1 0.289610676718634 0.3861305933720437 0.09998291335136286 0.1339579240133631
1 0.6734118700270442 0.20702763275776853 0.04126134667409058 0.055160214672181594
1 0.27567018678385824 0.8663720767027258 0.2058885626989076 0.23986357336090763
1 0.4105498853834977 0.37425839672181566 0.07952496268299925 0.1212215666772722
1 0.09464690611072217 0.8166158826782268 0.17351241470399828 0.27698176535645375
1 0.4544095207272244 0.4513208833943153 0.10325336401972648 0.1464942866804538
1 0.3706777686982713 0.23709420404995224 0.07605451734563581 0.09149770401018138
1 0.43116073535963517 0.19874077605822457 0.05561474801081765 0.08032384667409058
1 0.6461243060550429 0.41293218742040505 0.07936133068109026 0.10715906667727229
1 0.49908403202577156 0.19562541406745143 0.04286020934118149 0.058303396005727
1 0.5190238146880899 0.1638305214035422 0.034956802673454135 0.05039998933799979