1 0.20878166500367357 0.43155614285855515 0.10208065046753827 0.09083528003177221
1 0.13857526677563053 0.8539181124197459 0.24815674063022608 0.22462171915415396
1 0.4816753061014378 0.7361991838506712 0.1602658551898024 0.15590690097293472
0 0.012997508093227663 0.6224926087662979 0.019559041958085978 0.1393897824674042
3 0.2463594539366974 0.5785714646932222 0.41913283684303815 0.3416570348997407
1 0.020196408855353468 0.5168874910715463 0.03490224082661783 0.09122501785690744
3 0.9490400681034903 0.7585131457045196 0.07962490924813678 0.259176176947517
1 0.9444702218906784 0.6445188295518953 0.09435905405833438 0.1063239123370204
1 0.8207327400410509 0.5951109391289722 0.09901019262201594 0.10015573295387145
1 0.5396731167008758 0.4984440393705582 0.11300906010845857 0.08946369480442443
1 0.2046547847296114 0.9308976237838316 0.21611587939029936 0.08813874837514675