1 0.07087250409767733 0.7188039966581823 0.12262152936027151 0.19983746268299923
1 0.657432334022908 0.16112293057768592 0.028652258672817864 0.04563976400381797
1 0.7083499440244989 0.17225078723745896 0.03650112133990877 0.04885567067154524
1 0.7629283560232262 0.1622394405633684 0.033357940006363405 0.04725680800445433
1 0.22138158143694975 0.7608085886378195 0.15448969470081658 0.2533260893539083
1 0.371445763446813 0.8317285212842295 0.14843968936981647 0.2704408640197265
1 0.3238402260502704 0.36659441728995656 0.06506247334499946 0.0866829346753633
1 0.3588066667329515 0.4841722686187294 0.07792610001590834 0.11807838534372692
2 0.6839322940404072 0.2897382792409588 0.044768154678545 0.0880090773392725
1 0.7752930907065435 0.2847684212285503 0.05556020401018138 0.07563634667409058
1 0.8145277660327712 0.23196104722314143 0.04603975334181776 0.06302725867281786
2 0.438301620703362 0.26524899860759366 0.05928518801718106 0.1272352093411815
1 0.8090510200509067 0.36563661322409596 0.06664315467854501 0.08826361600890867
1 0.8847311780314986 0.22176788721359642 0.0507454346753633 0.06464430267345422
1 0.9166453440483615 0.34563210120946025 0.07131247334499946 0.08675566000954493
1 0.7558463934197688 0.6280098912317319 0.10672380935708965 0.1762181493475449
1 0.5313607300286349 0.20478311859486692 0.0382454346753633 0.06449885200509069
1 0.4867931173615442 0.2021762866009121 0.03657384667409058 0.05510567067154524
1 0.4226942546944533 0.19979672127627535 0.03808180267345414 0.05043635200509065
1 0.49355164735836254 0.1786569705999576 0.031722714672181594 0.04098862667090888
1 0.45506131202258987 0.16113366327182102 0.02699885200509069 0.03780908267027257
1 0.41906017735518086 0.15608308394336623 0.031722714672181594 0.04098862667090888
1 0.9901766540221125 0.3588218971992789 0.019646691955774998 0.08931703866963625
1 0.5036544480426344 0.3082444732654577 0.05568747334499946 0.08657384667409058