1 0.1609375 0.5546875 0.09765625 0.13359375
1 0.1953125 0.6859375 0.12890625 0.2203125
1 0.62578125 0.19375 0.02890625 0.04453125
1 0.45390625 0.403125 0.06015625 0.1
2 0.36796875 0.35390625 0.07109375 0.16328125
2 0.36640625 0.2515625 0.0375 0.06484375
2 0.41796875 0.290625 0.040625 0.08515625
1 0.50234375 0.26015625 0.03828125 0.0609375
1 0.43671875 0.240625 0.034375 0.05390625
1 0.4140625 0.19453125 0.03125 0.05
1 0.36328125 0.1890625 0.03125 0.05546875
2 0.753125 0.73515625 0.13125 0.2796875
1 0.52109375 0.18671875 0.03046875 0.0484375
1 0.47421875 0.1859375 0.02734375 0.04453125