1 0.47138730357097236 0.15232030939686073 0.06617182028847228 0.09137043467536321
1 0.39054975807121595 0.8038437100174992 0.23732600056868086 0.39231257996500163
1 0.5338736922480558 0.3873589280712694 0.10879703780340293 0.1777806493475448
1 0.6815695758911463 0.5585628607574504 0.13536084422416686 0.24525905068427178
2 0.5621759577312849 0.16040607674249652 0.0852504350298613 0.17282042934436315
1 0.44811280452090285 0.12549418006045177 0.09556837955902786 0.07921588001272668
1 0.7641170513867708 0.0112344221037225 0.03760910277354164 0.005123852005090676
1 0.7372278962765277 0.030447498766677218 0.049455792553055565 0.04431362133990879
1 0.8309051610941667 0.028413378779403902 0.04931032218833344 0.03806362133990878
1 0.5998564892664237 0.10148561008113263 0.0534899823325695 0.08341248400699967
1 0.8785627175149306 0.09613722811899453 0.0708229526972918 0.08986247867599957
1 0.9489654832825 0.06727697879531226 0.06642639342673604 0.10230793467536323
1 0.5756728004368403 0.035596980744723686 0.05447060087368065 0.058430665340545127
1 0.646421058320625 0.02158048142104142 0.03659211664124999 0.028543170671545225
3 0.48497571846486115 0.06500212273231518 0.1449514369297223 0.12040450135263547