3 0.0897972594287212 0.43817084080569446 0.15107170456235502 0.18303331838861112
1 0.1701333582498576 0.5098081450422568 0.1045840237259962 0.11482752583555556
3 0.435625707070994 0.5771358897239233 0.5495807777175099 0.5388547458190283
3 0.852278718896811 0.7069603683536798 0.29544256220637805 0.4698462534184726
3 0.30402424410568196 0.360459495631597 0.2177790434976597 0.21112325721819455
1 0.4811252549800969 0.40794882541937466 0.1267136917107738 0.12158667211208343
1 0.6502081774134988 0.43138305936746474 0.16229836463846717 0.15207425911805572
1 0.8633594348278727 0.4616115007624993 0.20113537155854927 0.18575958130638898
3 0.9340632766917457 0.357285717043159 0.13187344661650863 0.25487195079743064
1 0.7295163340295698 0.3818356946260758 0.15866402866891213 0.13950152393569457
1 0.5404392465771399 0.36668673936333285 0.12202619171077381 0.12147756933854179
3 0.393184903193211 0.3224126753431247 0.21883220752810448 0.19865962480937513