1 0.40078125 0.525 0.04765625 0.0609375
1 0.45234375 0.515625 0.04765625 0.07421875
1 0.35625 0.578125 0.05234375 0.078125
1 0.41953125 0.5546875 0.0625 0.06640625
1 0.5703125 0.91796875 0.096875 0.1640625
3 0.32734375 0.70078125 0.17734375 0.31328125
1 0.5015625 0.52890625 0.05390625 0.071875
1 0.51484375 0.4640625 0.05703125 0.05546875
1 0.5453125 0.8015625 0.07421875 0.13671875
1 0.75546875 0.91484375 0.13203125 0.1703125
1 0.5390625 0.7203125 0.06640625 0.11640625
1 0.5390625 0.628125 0.05859375 0.0890625
2 0.56328125 0.51484375 0.03828125 0.08671875
1 0.60703125 0.578125 0.05859375 0.08359375
1 0.6359375 0.5265625 0.04375 0.08515625
1 0.64609375 0.49140625 0.04453125 0.0609375
1 0.4015625 0.6140625 0.07890625 0.09296875