2 0.047041230867668746 0.6997500151253104 0.08739195745273884 0.25049996974937905
1 0.6277442466803503 0.1994797660090733 0.03466589149054773 0.05019998789975162
2 0.6689232377033598 0.16017637149346342 0.03468407220870695 0.053324987899751576
2 0.3230805143397436 0.4739177263886784 0.07116699375348405 0.14728406615858275
2 0.3159214784317818 0.3177040878249969 0.05049996974937896 0.08622839149054773
1 0.25097318930236623 0.30011258772680094 0.0535704275949012 0.07687157220870695
1 0.7250464935570923 0.272353663746137 0.047311337235821684 0.07527271077238851
1 0.4073595446885605 0.32264105181883923 0.04891019867214012 0.08153180113146821
1 0.3802834394005621 0.2345143379231927 0.03782725292686626 0.05646816861791084
1 0.808385713502863 0.22811732953537742 0.040988614363184794 0.06273634933607006
2 0.32009082796424365 0.22861431674775798 0.03789088544042354 0.06740566861791084
1 0.43497548458010193 0.23497742535540608 0.03942611436318479 0.06272725897699045
1 0.6790623487468949 0.4257513745185255 0.06308178298109546 0.10036361436318479
1 0.5167022075509348 0.18215643150372615 0.029969301131468028 0.048610216822512695
2 0.4658255087805987 0.16604561817381375 0.03638292759490121 0.07677157825883123