1 0.53359375 0.4359375 0.11953125 0.14453125
1 0.20703125 0.06640625 0.03046875 0.03515625
1 0.3125 0.06953125 0.03203125 0.03359375
2 0.26171875 0.28359375 0.07734375 0.12578125
1 0.28984375 0.23359375 0.05625 0.071875
1 0.21328125 0.428125 0.103125 0.16640625
1 0.4171875 0.08671875 0.03828125 0.03359375
1 0.4203125 0.1109375 0.046875 0.05390625
1 0.33671875 0.13046875 0.05 0.0515625
1 0.08984375 0.19375 0.04375 0.06328125
1 0.14453125 0.16796875 0.03984375 0.059375
2 0.53359375 0.121875 0.05546875 0.06640625
1 0.51640625 0.1484375 0.04765625 0.0703125
1 0.446875 0.16015625 0.05546875 0.05546875
1 0.09921875 0.14609375 0.03671875 0.05703125
1 0.1578125 0.1140625 0.03671875 0.05
1 0.0953125 0.10390625 0.02890625 0.0390625
1 0.03515625 0.3359375 0.06796875 0.1
1 0.03046875 0.11015625 0.028125 0.04453125
1 0.69453125 0.278125 0.09375 0.0796875
1 0.61015625 0.28671875 0.08671875 0.07421875
1 0.1109375 0.07890625 0.02578125 0.040625
1 0.00859375 0.09296875 0.015625 0.03671875