0 0.5765731343729497 0.16329803002847681 0.0475063527754692 0.09295115909060954
1 0.6512547993919776 0.1724196598980931 0.04948534684397003 0.0648807061685102
1 0.7342755464262282 0.1879412942319363 0.05436384783255317 0.06965002678536121
1 0.16649384433533107 0.3461188437487642 0.0834438527754691 0.09357845048646726
1 0.42521226973448245 0.3091990909060952 0.06300401878308026 0.09009889448011296
1 0.7457820963124975 0.34684868992986523 0.08239068874502423 0.10605117694751698
1 0.824232042966187 0.20592940949105604 0.06711851581733086 0.07611821509696393
1 0.29709919859367495 0.24910925040374182 0.05098417984777566 0.06334547970746059
2 0.37490320501946556 0.21997690381230844 0.050122016805913994 0.0805057061685102
1 0.7393769515222435 0.6383503973161915 0.12833454152049342 0.19897506249917604
1 0.44775045600804875 0.2165576233734993 0.04655134783255317 0.06951365909060954