1 0.657193454129494 0.931344159086191 0.23701019867918127 0.10042661905195942
1 0.27862082208781414 0.6374081976455965 0.19311584269572596 0.2207192716843643
1 0.1349237240610881 0.445471212706539 0.11884200135263545 0.14627977767481415
1 0.05632546204645241 0.34035961597191633 0.07770792401336302 0.10111112141421189
3 0.10371753536758935 0.2488243911996598 0.14882040268936256 0.17231648801910043
1 0.14777716538031602 0.34107388938556127 0.1012181493475448 0.10817957694917482
3 0.3574441614019514 0.49319191697555737 0.5089430267345423 0.5175695121505356
3 0.755293504773995 0.7645708321370164 0.46893509739017925 0.4349554195922643
1 0.4668095233927246 0.42137642596123204 0.14209768801718106 0.1314732332097769
3 0.32423003003658923 0.2583184091710091 0.20072834802672598 0.20380459019601868
1 0.46219420138445216 0.3605753352170592 0.11693405601527207 0.11653771397248339
1 0.6014572433959062 0.44012144756077853 0.1500920013526354 0.14737105172143145
1 0.7761128927434511 0.5387523766020536 0.18637494668999893 0.17831351687504088
3 0.9077686886934988 0.4879115844992691 0.18446262261300247 0.25503970798203357
1 0.68958395206077 0.42375734837908513 0.14682155068427177 0.13476192431676956
1 0.5300084100493159 0.344920564165667 0.11224655601527189 0.11637402286549073
3 0.4172078707033619 0.2558531188823232 0.20214539735836254 0.19135915389834954
1 0.03859252204008907 0.2940848166975557 0.022656797342454127 0.06795139183263199
1 0.9390588827577686 0.6385737834108098 0.10935791335136287 0.136577395460829