1 0.18997357832419348 0.5455811864736958 0.0977125714276299 0.1380545119038567
1 0.5423169228837367 0.859071514732527 0.1940262840889618 0.28185697053494607
1 0.12606067734796353 0.8665062439498759 0.15778877516050813 0.2669875121002484
1 0.3457599281620377 0.5199277223816576 0.08984552434972919 0.13488406010845858
1 0.5496837690714281 0.4773685594210876 0.09431483603812651 0.1224113311856975
1 0.7649484845754293 0.36847586933315435 0.07315685633066593 0.07385565651766246
1 0.7581451055165918 0.42624291753775634 0.09530459172016954 0.08960792154477701
1 0.4142860113607904 0.4179930385402404 0.06580800649282174 0.10037270472226431
1 0.2232655450460105 0.3942277647325271 0.054625044642268694 0.08624657220870695
1 0.3362195125786064 0.3761368157657993 0.0610386858759707 0.0956579336450254
1 0.9706648762161685 0.46187693227028337 0.05867024756766313 0.11600679508134401
1 0.9803632045436572 0.5931769292452213 0.03927359091268556 0.1252818011314682