1 0.653764895460829 0.08511399983036397 0.03913691106992552 0.04818452885594053
1 0.6124776965492881 0.1123684697932971 0.0457688569862416 0.05934028366526398
1 0.6784027969121078 0.11867054429540114 0.052237111795565026 0.06580853847458741
1 0.7396106262235354 0.05708571435100148 0.03902778366526398 0.045059528855940535
1 0.7417386106144387 0.11802321435100147 0.04749504809323426 0.06408234736759484
1 0.6461657049868087 0.20349197759784537 0.06048612141421188 0.07858135698624169
1 0.7557416016287641 0.2278248002858509 0.07854664065150559 0.10418155771188112
1 0.6904737548941414 0.30754207133724315 0.08517858656782167 0.11533731252120454
1 0.2970932879264332 0.2422767469199571 0.05379961179556503 0.06586310217691826
1 0.4791146142426358 0.213236543747247 0.0540724303072194 0.07367560217691818
2 0.36343505054030495 0.21571175771973028 0.06232143992586625 0.08644842068857254
1 0.8867559886520727 0.23889373114122447 0.08819445916316013 0.11232143992586625
1 0.9198016124285374 0.1548262659876148 0.07169643992586643 0.08677580290255768
1 0.942271851312278 0.4322965015596445 0.11545629737544409 0.1636309687818068
1 0.8500124791182438 0.5530579240623156 0.1327281983633867 0.1809821598887993