0 0.43246530353552987 0.2137204997728574 0.17998514427970277 0.1965894742194024
1 0.19022075063297217 0.13240082146044047 0.09211806733052792 0.09216756784239584
2 0.254893375042409 0.17556100124319546 0.09735120435383653 0.1080382293077851
1 0.4347495445498552 0.32379486261772766 0.10683533175849824 0.11165455223856355
2 0.2641666821213179 0.1284779613291037 0.08263393992586625 0.08855124491161734
1 0.3261905108845912 0.27443559249133964 0.09277283175849824 0.11091756784239584
1 0.9668948672378608 0.49875715682723254 0.06621026552427836 0.1291762449116174
1 0.9821131286706061 0.6025781976458354 0.03577374265878781 0.11215916327441171
3 0.6804712723173367 0.34836989597309864 0.3520833774894797 0.345976399818286
1 0.827075943005909 0.41531945782260066 0.10894346878180698 0.1273614393936935
1 0.6058482729503087 0.46689084463904623 0.1439732332097771 0.14791295680654776
2 0.44593507041057084 0.3984639919709413 0.113105179126093 0.1572127137039529
1 0.9098338793035783 0.41809697704447757 0.11492065027015244 0.11987648801421233
1 0.8355307945498552 0.34479891790850903 0.10053076805616712 0.10976450361804461
1 0.756696466419554 0.32039206015202143 0.08625001324684405 0.1027775192218769
1 0.5719693246717401 0.6132811657608024 0.16079863466105593 0.18310682835784534
1 0.8893031244942549 0.8845785543862702 0.22139375101149028 0.23084289122745966
1 0.7666691779449667 0.2710062138154945 0.0730952488188736 0.08337242198083886
1 0.6901513179635002 0.2459409367917016 0.06361112141421188 0.07975609905006031