1 0.7855183088457283 0.2081439464470713 0.07027731818121907 0.09070208271265771
2 0.6943614748361966 0.181896123659211 0.07068642126547413 0.11413958271265771
1 0.8043422211827487 0.3010934257689069 0.10719666558343129 0.1486258986760925
1 0.7359212779998818 0.4575296703922234 0.1218864569792892 0.18521837014004525
1 0.907861800322664 0.6730711255212378 0.1842763993546722 0.26320212903138546
1 0.2932952215864904 0.6321766834173927 0.1889842280826075 0.2726499036384912
1 0.35192237905554213 0.4073906991331585 0.1326875892845374 0.17791529238978612
1 0.5671189107121674 0.2832125287454443 0.08647506249917622 0.12424232878371626
1 0.4954290969951751 0.20758113606520784 0.07523755357072233 0.1065454065339753
2 0.5910864703719697 0.17810549772819761 0.08181483603812652 0.1255865049623987
1 0.4794125848203105 0.14108499483271347 0.06071140340856669 0.07932793507002259
1 0.51684835511285 0.09086451695862 0.0511454886359143 0.06795378742738745
2 0.6193830198855024 0.09703528019318633 0.04812958279171564 0.07405823821317573
1 0.5983477711033183 0.05657510008556247 0.04160684740221221 0.058142139784752286
1 0.5543386724832902 0.04376903908452648 0.03837275324641087 0.051746590570540575