2 0.10859375 0.4390625 0.11328125 0.140625
1 0.27734375 0.48203125 0.13046875 0.1609375
1 0.95546875 0.23984375 0.040625 0.06640625
1 0.80078125 0.209375 0.04453125 0.071875
1 0.28828125 0.3890625 0.11484375 0.11640625
1 0.878125 0.2265625 0.040625 0.06640625
1 0.67890625 0.290625 0.06484375 0.0796875
1 0.60234375 0.203125 0.04453125 0.06328125
1 0.965625 0.675 0.06875 0.215625
1 0.778125 0.6546875 0.1125 0.21484375
1 0.55234375 0.16875 0.04375 0.05390625
1 0.44609375 0.8890625 0.19375 0.221875
1 0.546875 0.15 0.03515625 0.04296875