1 0.8143327501874312 0.8403287302709448 0.245463196047778 0.28195600831327
1 0.6637982348011114 0.4440267286215921 0.17783928495361145 0.26125105172849494
1 0.9351244548814932 0.6708011434404952 0.1297510902370135 0.3572167695960413
1 0.5389027651019793 0.21007997446495694 0.08386846656500016 0.11486413354437941
1 0.6766937058314237 0.22658081584775286 0.10465374525034718 0.1357676669304743
2 0.4973679221120834 0.13626438974607857 0.06795252583555574 0.10190949247815259
1 0.5309610189017014 0.10367085009177757 0.0628649823325695 0.08458560015828454
1 0.6607199476632987 0.04342733504808277 0.05581489532659738 0.05002874373179385
1 0.48866376291777786 0.0641848012662765 0.04680357123840295 0.06538095909205777
1 0.792769381458889 0.04805030205769933 0.06991376291777787 0.05200042069139797
1 0.7784893291221875 0.07183714304478386 0.08168771751493047 0.08825616943775674
1 0.7984758272223265 0.12550771232425603 0.09320709897381949 0.11357441818411548