1 0.36640625 0.653125 0.08515625 0.11328125
2 0.3875 0.8921875 0.1375 0.215625
1 0.41328125 0.58671875 0.05859375 0.0984375
1 0.40859375 0.46875 0.05 0.059375
1 0.46171875 0.46328125 0.05390625 0.06875
3 0.51171875 0.55546875 0.09765625 0.23125
1 0.7453125 0.8484375 0.11640625 0.2390625
1 0.57734375 0.50546875 0.04375 0.06484375
1 0.6765625 0.64140625 0.07421875 0.1203125
1 0.35390625 0.528125 0.04765625 0.07421875
1 0.5328125 0.4953125 0.05625 0.06484375
3 0.62265625 0.4265625 0.08671875 0.13515625
1 0.70390625 0.41328125 0.03359375 0.04609375