1 0.05546875 0.671875 0.10859375 0.18125
1 0.70078125 0.16484375 0.02890625 0.04296875
1 0.6140625 0.203125 0.03359375 0.05546875
1 0.72734375 0.196875 0.034375 0.0484375
1 0.6609375 0.2 0.03125 0.0484375
2 0.62578125 0.26796875 0.04453125 0.071875
1 0.775 0.18984375 0.03359375 0.0484375
2 0.28671875 0.23984375 0.05390625 0.1015625
1 0.66328125 0.42109375 0.06015625 0.09609375
1 0.42578125 0.24140625 0.0375 0.05546875
1 0.77734375 0.43203125 0.07109375 0.1015625
1 0.8625 0.40625 0.075 0.1015625
2 0.33046875 0.2015625 0.04453125 0.0890625
1 0.91640625 0.33046875 0.06328125 0.07578125
1 0.72109375 0.7265625 0.11796875 0.2015625