1 0.5382628482096958 0.6979084712787265 0.18736718100470676 0.27051829715018094
1 0.5222524699649326 0.4067102611928181 0.09752165665497756 0.13155761646291478
1 0.435724634737585 0.41310302408311694 0.09113528896022594 0.12341756784239592
1 0.6720672836819248 0.4933957909301445 0.12975350405718977 0.1894453595655099
1 0.518630817774182 0.28865962403768836 0.06876936525911966 0.09414614767057934
1 0.5958654736183806 0.28646303821661107 0.06879663879807012 0.09570864767057934
1 0.5228722585214166 0.21863372908064252 0.055860262174864596 0.07005355042954128
1 0.8620262617678275 0.28636229816623376 0.10358074188232536 0.1209476650834338
1 0.5182432597392326 0.1770227611928181 0.04626707386326192 0.057062227498762795
1 0.5665034817360555 0.16940501300184044 0.04478639448011279 0.06166784034363308
3 0.42132339529089186 0.21409231399720863 0.16717168344033873 0.18672315128862396