1 0.21579137905224685 0.903523934037809 0.16996940097293473 0.16034766842151918
1 0.7972498847342898 0.8673252752806512 0.2810353603878557 0.25785899355709246
1 0.39148016233702043 0.09148195540963537 0.06041139448011297 0.05972043364502548
2 0.09167067166921594 0.41747787060970065 0.11316602191409726 0.2178238251355733
1 0.3531751874975285 0.3589194402843249 0.11193871266133196 0.1475113251355733
1 0.5108750446422687 0.08297404294004462 0.058930715096964015 0.06439884328594588
1 0.4752921006486231 0.10349562119887583 0.06367276217486477 0.0675511143631847
1 0.6190421006486231 0.102659308163551 0.06361821509696383 0.06442611436318471
1 0.44824617978689074 0.2997666332009284 0.10220915665497757 0.12714428298109554
1 0.2154160888775003 0.3448756418833312 0.08820120373287824 0.13018746974937895
1 0.5959727934244528 0.12388941354974525 0.06682503571381489 0.06913179508134393
1 0.2869580779204517 0.23585464500658918 0.07997960064862308 0.1067045179539809
1 0.5233671363624381 0.17197291042648727 0.0825591298696164 0.07547269867214013
1 0.5611983729697574 0.14596894662903667 0.06682503571381489 0.06913179508134393
1 0.13605409699517515 0.2297006146577723 0.08022506249917619 0.1207670179539809
1 0.13564894805083533 0.1617273194782325 0.057640950486467356 0.08001475292686626
1 0.262324496346552 0.12270520521324366 0.05440685633066593 0.07374657220870703
1 0.96529553774241 0.37018158880695545 0.0694089245151801 0.11137383723582168