1 0.5290709182251273 0.3214364298982269 0.09125223477649377 0.11203342721213971
1 0.7406942194547914 0.3148911391610706 0.08505677693097127 0.12111732878371625
2 0.8327817255049157 0.30199734098031616 0.07102154800821019 0.12514985731976358
1 0.6350800237095175 0.28497885318142513 0.06617042154477701 0.09680653349844608
1 0.13003047198887416 0.6019884931755745 0.14496810811666877 0.2160702638537389
1 0.1743793939264347 0.43847395678164436 0.0945408612399267 0.14030397642635145
1 0.8141322403356386 0.4526501583914929 0.10553290339440444 0.1501883986760925
1 0.3580185957218328 0.45483747311658257 0.11032039734428026 0.16759422249741007
1 0.2190394715960907 0.8577247628202815 0.23605671642972928 0.2845504743594368
1 0.31281465914994105 0.33713839681406566 0.0866738190854491 0.1305651033908221
3 0.19761638514583596 0.2708519631917851 0.16538060206654456 0.23420383374611503
1 0.41345500858420703 0.31761360897239344 0.07720791549465282 0.11450345574818703