1 0.5309303705327852 0.1998982408446893 0.08063718775644109 0.10267362141421196
1 0.4265811797734136 0.7121923989193901 0.2014775642579064 0.31128970798203354
2 0.570209093346748 0.32724942532825996 0.13961955140632512 0.248278787293461
1 0.5126087934604786 0.170892787123825 0.10700868676785795 0.09891370435383653
1 0.822837980722628 0.06254205146697726 0.047795512851581276 0.06251984736759482
1 0.9137667282511701 0.07106882488062219 0.05117518083635879 0.06887897477225653
1 0.6441187786317311 0.23651280872337138 0.07795785672980174 0.11350199400955026
1 0.9167524653995889 0.1318153519224642 0.06581068380210837 0.08343254809323422
1 0.9708006368444074 0.10730393604321511 0.050376684790691684 0.08757441106992565
1 0.680748639810157 0.1033902846767543 0.059815351786885886 0.08946429328391084
1 0.7418625533463103 0.11607876843468548 0.05643568380210837 0.08310516587924913
1 0.7438043967302393 0.06842251843468548 0.047795512851581276 0.06251984736759482
3 0.5725514792397532 0.08667779410614207 0.17157520555093803 0.17335558821228414