2 0.5723809754052287 0.20408315735604526 0.04922123920022692 0.06991765785015547
2 0.2351687622353536 0.8306276446959758 0.25262901451278824 0.3387447106080483
1 0.6879414880191004 0.18664429935059804 0.04248016587924912 0.055491136803468066
1 0.23277784989948355 0.5484052208490433 0.12086311542376213 0.1567343893637169
1 0.22462306560124742 0.38186246295653553 0.07158731252120454 0.08525423151356133
1 0.6677827885594054 0.4131312046405048 0.0802182680561673 0.10914675782192056
1 0.8322371581595188 0.4562350044852129 0.0994593413771451 0.12430132096198285
1 0.851991608252186 0.35213133341029074 0.09099207694917481 0.10509629465362362
1 0.8674132224100038 0.25791089655035293 0.08328870435383635 0.10776626834526422
1 0.40811263347992954 0.27793934435715745 0.04911211179556503 0.06679265785015547
1 0.46411709681944063 0.274184283777344 0.05385417549789597 0.06862817363517104
1 0.8215179460859521 0.7074411887143148 0.15553078130301118 0.21177049985882573
1 0.9803348630615094 0.7861562648673823 0.03933027387698118 0.2254242052052021
1 0.3471552861123347 0.22916864441362716 0.040917665879249124 0.05540013154179624