2 0.6344626529260415 0.14177322759784539 0.04854790919430556 0.07351191106992569
1 0.31746994899447883 0.4127876543616857 0.09346167211208342 0.12503969473518967
1 0.7054836677436804 0.14241557914179145 0.05952177678548622 0.07545635698624169
1 0.6872044867978817 0.22345724801626546 0.0645729526972918 0.09124504809323426
1 0.42028713089020797 0.3553347637101801 0.07431162860909737 0.10719743030721932
2 0.6215060984051386 0.26244039166299593 0.071295731382639 0.11177580290255769
1 0.8153853446054165 0.1495063381274661 0.06747974715020817 0.08197917549789598
1 0.2996674659963192 0.27211801434315225 0.05952177678548622 0.07545635698624169
1 0.2321526576756942 0.28852675354337903 0.06282861474138901 0.08337798439090331
1 0.8427453187698608 0.24846962778317985 0.08670252583555574 0.10294643992586625
1 0.32463240482590255 0.2056745588081894 0.043533100873680654 0.05928571996293312
1 0.2907301835112498 0.18656246025946827 0.045168336056041716 0.06246528366526398
1 0.3466717121965971 0.16431294882672284 0.03862739532659729 0.04974702885594055
1 0.9418549659963192 0.24969233268517055 0.055307055470833436 0.09560516587924912