1 0.23025007878822548 0.8680215404457238 0.17883143713693722 0.2548646594086268
1 0.6402674733259796 0.211077836301724 0.03833906203449331 0.05260817445232169
1 0.14539150517179572 0.4728334094086269 0.11883139081820962 0.13921091567683314
1 0.2621038161728317 0.5200386815119507 0.11458053846084475 0.14844952335696499
1 0.44005334181339484 0.4282101973470683 0.0771147717116218 0.11459134890464337
1 0.2559544776692057 0.3665272366056579 0.0778767510334573 0.09744931301126591
1 0.3362947950803825 0.38842262015003726 0.0765325748547749 0.10209134890464337
1 0.6473671898275335 0.27699835299477144 0.046879308105551944 0.06846049498543509
1 0.723000736560546 0.31596757627259414 0.05661818114108108 0.07654577962517113
1 0.4841929476854164 0.3035428179593239 0.050222631926869356 0.07323892319868044
1 0.6649955297789016 0.48638772486066834 0.09234166542531544 0.14000052586424747
1 0.8345332419372294 0.3904029381093612 0.06970037799792798 0.08940949247815251
1 0.49896823118386247 0.23825879875899406 0.041609611248705033 0.05582410266556703
0 0.44230085421939175 0.22878685886726619 0.06000004631872748 0.11565374373179385
1 0.3895397272549209 0.219428579242095 0.048223484284234265 0.06381845909205772
1 0.9386192744022182 0.4231592653063922 0.08539815260503403 0.0914266335443795
1 0.38796226468230843 0.16931491897553833 0.03321491439185813 0.043096782132453625