1 0.5825073206102604 0.9342435952747905 0.2417704886359143 0.07963981029746492
1 0.24221000851812136 0.6592329739034023 0.20061147483619654 0.225529162970653
3 0.10765240746575644 0.253368652729658 0.14839440990138839 0.18502598933548198
1 0.13842689488385473 0.35871630538872873 0.10506142126547413 0.11694384727034199
3 0.34930766801576796 0.5223938555863729 0.5611627857105196 0.5821248573701627
3 0.7346038344099781 0.7767965743692776 0.47507746103647897 0.38980157850155467
3 0.33008651501423836 0.2724771555722554 0.22251374837514692 0.22836573663405887
1 0.46816498782184013 0.3872159478068046 0.1287443831160271 0.13237142619541978
1 0.6081644707757115 0.47759948214884584 0.16522735389503396 0.16571454721387227
1 0.7853327171222635 0.5916256428415988 0.2033000982129911 0.20071117349399667
3 0.9080927382288773 0.5621972061228353 0.18381452354224556 0.28150614718563743
1 0.702572989850435 0.465062413817699 0.16032166558343128 0.1529415314288567
1 0.5398899833576133 0.37443595576989946 0.12402960957707698 0.1305359104104042
3 0.42708424593951494 0.27386607934860074 0.22229556006354426 0.2158657366340589
1 0.1022496615229462 0.4366816816688532 0.12756371266133196 0.15415542093374804
3 0.06399391071216731 0.3059623026873057 0.09707737175194149 0.19608531570031093
1 0.9304560766993404 0.7067361613986246 0.09305234496658024 0.1443408051769673