1 0.61171875 0.38515625 0.07421875 0.12421875
1 0.89609375 0.878125 0.184375 0.2203125
1 0.69609375 0.08125 0.02421875 0.03515625
1 0.72890625 0.08046875 0.02265625 0.03359375
1 0.69296875 0.13046875 0.03671875 0.0484375
1 0.6015625 0.21328125 0.04296875 0.071875
1 0.66171875 0.196875 0.04375 0.071875
1 0.53203125 0.178125 0.034375 0.05703125
2 0.7484375 0.134375 0.03984375 0.0609375
0 0.57734375 0.109375 0.03671875 0.090625
1 0.62890625 0.128125 0.03046875 0.0515625
1 0.84453125 0.25703125 0.065625 0.08125
1 0.6 0.0765625 0.01953125 0.0390625