1 0.4531082465388695 0.946043117875521 0.13261360001590833 0.10791376424895809
1 0.2813696065404604 0.9364882395507642 0.14022610534690844 0.10323671561506984
1 0.09360652454650552 0.887574694813507 0.1482204186823629 0.11904355357097245
1 0.47987183589277765 0.8012268060395143 0.1177158533577261 0.18237870174736132
1 0.3387383058959593 0.7744980390376739 0.12240335335772609 0.18248780452090294
1 0.19343489656273205 0.7703346030578822 0.14289766669318058 0.19858558320625014
1 0.05315862595482026 0.7630461670780904 0.10631725190964052 0.19484233415618063
1 0.0215909999602291 0.6701131314588888 0.0431819999204582 0.1683512629177777
1 0.40461893925050385 0.6197391102760768 0.10812267735518084 0.16341049620027787
1 0.2682996312460495 0.6493876298433683 0.10483404535327186 0.14927526101791672
1 0.12786553524827665 0.6297082966371181 0.1287624413589988 0.19200827488562505
1 0.3161200605904126 0.5692286575787849 0.0873192813494538 0.12075021751493065
1 0.21864562392586703 0.5513306831300002 0.0920431440165447 0.12398432028847228
1 0.34341890459900315 0.5065656566288543 0.07779883068109025 0.1080320119678472
1 0.2734427592695939 0.4760228650257294 0.07614542401336308 0.10018314437666671
1 0.3838626386060028 0.45593053020395863 0.06498974801081765 0.08117857123840296
1 0.30676433660886626 0.4330365844405211 0.058703385343726745 0.07790810087368065
1 0.3906762599459116 0.40763850056868095 0.05394316000954511 0.07154899810013901
1 0.32600523261459335 0.3912854955346877 0.05554202267663584 0.0747103656913195
1 0.355965452617775 0.36853897976711836 0.05394316000954502 0.07154899810013893
1 0.37973021662159295 0.3409594936348267 0.04605793467536321 0.06511716014423614
3 0.4290307826225475 0.33507382275701425 0.09075336401972631 0.1473854526972917
3 0.12328186397995547 0.47634690729444457 0.24656372795991094 0.3620688145888892
3 0.23331829328454773 0.36490287385944464 0.14449652936027152 0.20174695079743063
3 0.29960691195895645 0.30939906268902806 0.10797722668681722 0.15091049620027785
3 0.36730348929822887 0.26721286910979203 0.11261018268618095 0.1463320989738195
3 0.4491074726289108 0.2886534176467712 0.07007723734881743 0.1156626740119445
1 0.9417387732734118 0.4634450102554174 0.052398841343090294 0.07307513050895835
3 0.18156543662477465 0.312903309554896 0.1630101720241807 0.18187086189159735
1 0.5904324539704104 0.23177025085302133 0.025399989337999786 0.034956881458888846