1 0.4319921140413038 0.14453387932123732 0.038645488635914306 0.06671613855894432
1 0.6529684561652149 0.5468562119285446 0.13501374837514693 0.21944398495630538
1 0.5599416103878557 0.2724124899043631 0.06915119480442442 0.11445495658477522
1 0.5281267743497292 0.1496736718785322 0.049664809252765355 0.07172188730530311
1 0.5990841566549776 0.1439297887298642 0.05122730925276535 0.07176735141192578
2 0.4619114391223816 0.15867894734706828 0.07038641233702023 0.09575042069139794
1 0.5019267386359143 0.08019624617256929 0.03683752678536116 0.05260817445232167
1 0.7500250937487642 0.20220059296564158 0.08146028003177222 0.10388116943775678
1 0.9314347808425509 0.2613579472805613 0.0974125624991764 0.12308581050398351
1 0.49657103693163096 0.041778603852701254 0.02724433847375849 0.03983538981258559
1 0.5253409192368792 0.03480718982522086 0.031822744317957154 0.033721782132453616
3 0.4467633206135558 0.4986901819076621 0.23136619155471827 0.5502059031404208