1 0.7728030267854862 0.07792359220579134 0.035611498100139014 0.053324987899751576
1 0.7014183360560418 0.06500998086766874 0.033867160144236054 0.045503397540671967
1 0.7061189002636812 0.7368213483541114 0.15174956363895867 0.27740790339440446
1 0.7629455560395143 0.49343496271729614 0.12460387575930572 0.18507495764913068
1 0.9020197077312849 0.15913320647078016 0.05963087955902786 0.07846134328594587
1 0.6901581002080905 0.28600828209733276 0.072858231382639 0.10978406615858276
1 0.5764748470739585 0.16739411660267992 0.0486570119678472 0.0768352107723885
1 0.5100322294827779 0.16544527634179612 0.04400587955902786 0.07837043969514967
1 0.6480225387533334 0.15374977312034233 0.046912674011944586 0.0690136204133089
2 0.5652087323325695 0.0860895744482022 0.034303571238402955 0.06425339754067197
3 0.8164257402163543 0.07270937226002064 0.10160148043270852 0.1365101926220159