1 0.225 0.465625 0.07421875 0.11484375
2 0.08046875 0.47890625 0.08046875 0.140625
1 0.2765625 0.53515625 0.1 0.15703125
1 0.63046875 0.21171875 0.034375 0.05390625
1 0.47265625 0.34453125 0.05 0.08515625
2 0.39375 0.30546875 0.05859375 0.140625
2 0.38203125 0.221875 0.03046875 0.05703125
2 0.43515625 0.25625 0.03671875 0.07421875
1 0.509375 0.23125 0.03671875 0.059375
1 0.4515625 0.21484375 0.03046875 0.0515625
1 0.42421875 0.178125 0.028125 0.0484375
1 0.37578125 0.171875 0.02890625 0.0515625
2 0.81875 0.92265625 0.184375 0.1546875