1 0.7272544853596352 0.20640492207295774 0.05704997867599957 0.06973184740221221
1 0.3151010253819068 0.36323993425111767 0.10755905601527208 0.11435460064862317
1 0.8033175460295896 0.23194643871204926 0.05399770401018138 0.07592730032431154
1 0.869488533378407 0.34714079057848835 0.07016814401654478 0.12307503571381488
1 0.33688402402927137 0.22146153733537277 0.07601815467854492 0.08880912986961631
1 0.36450049403245305 0.24537632426700373 0.08214088534372674 0.07798072402541774
1 0.5571056173615442 0.2174946063273707 0.07276588534372674 0.07781708279171565
1 0.6276844834102238 0.5772474817327601 0.1240385786919079 0.18806483603812651
1 0.5712948393539081 0.16150370494739894 0.053761346674090583 0.05561480032431154
1 0.9618931146960442 0.5401834529155087 0.07621377060791161 0.18266822402541755
1 0.5130278060152721 0.12143208400623635 0.04436816534054522 0.05388865909060954