1 0.5812376202330856 0.16965145735003523 0.047385920688572544 0.06042966014423614
2 0.3322173439090338 0.6166121506449308 0.13505459019601868 0.20141964247680555
2 0.28902287149902994 0.407963196047778 0.08367065027015244 0.11591724715020835
1 0.21550352594553365 0.40391016926229184 0.0815079495445131 0.09869337955902786
1 0.6929762176006804 0.21752787252826447 0.06393850362819702 0.08735583605604172
1 0.39087554817805226 0.3962827732701045 0.08010914065150558 0.10334451196784729
1 0.34045390752654664 0.2936292455346878 0.05708830290255769 0.0700228656913195
1 0.7618874195074461 0.1566825979269798 0.05552580290255769 0.06998649810013893
2 0.2696875397405318 0.30134952013597244 0.05919643992586625 0.0856842332825
1 0.3962946797590652 0.2832197288171878 0.06544643992586625 0.08582970364722228
1 0.6784648282151192 0.36082327763850747 0.08172620435383635 0.10494337955902786
1 0.4731721490890261 0.2046057259673962 0.047385920688572544 0.06042966014423614
2 0.41274308057737186 0.19539307370694478 0.06108632213985139 0.09509560087368056