1 0.7224727946371832 0.2129695733870574 0.04282384667409041 0.054932939695149674
1 0.7735989426320925 0.25016959153742996 0.04760225334181776 0.06277271077238851
1 0.7055847392982288 0.25447127215739335 0.04600339067472703 0.0596386204133089
1 0.8312114479630924 0.26702074825148414 0.049146572008272216 0.06121930113146812
1 0.7079733952896383 0.3177343414392341 0.06028406667727211 0.07847043364502548
1 0.7922211259548202 0.32818096204893477 0.06342724801081764 0.08005111436318471
1 0.36883762261300246 0.39313990417997136 0.09669428134945371 0.11930451190385671
1 0.15865464795513842 0.32952335265571975 0.10305336935072651 0.12871587334017515
1 0.40015235196531973 0.25312343735745857 0.07131247334499946 0.08634656615858276
1 0.5019319332829568 0.3681484736582038 0.08566587468172653 0.11142837939029934
1 0.8911222499602293 0.28776451942691883 0.05225339067472703 0.059674981849627426
1 0.7129779739417754 0.4247292300029157 0.07456474267981754 0.09730224687674198
1 0.33176597863622864 0.22227341315696184 0.06653406667727228 0.07850679508134392
1 0.4900233739656379 0.2502569917103806 0.06181020401018138 0.0753545240041051
2 0.8304370992600487 0.5349758627128647 0.10797722668681722 0.1490556444174139
2 0.6935167125636866 0.7545076335937119 0.17945333203372585 0.24946471057599684
1 0.940393354591049 0.5515224923977516 0.10779541335136286 0.1334306444174141
1 0.8700423025541415 0.8237883778381752 0.14456925469445353 0.2055147226762454
1 0.5588648279758193 0.17486156109041726 0.04445907200827222 0.06119203005422928