1 0.50234375 0.16171875 0.03984375 0.06875
1 0.58515625 0.20703125 0.04921875 0.08515625
1 0.79765625 0.51328125 0.12421875 0.19609375
2 0.52265625 0.20078125 0.04296875 0.11328125
1 0.56484375 0.1390625 0.03671875 0.0515625
1 0.69296875 0.0984375 0.03359375 0.0515625
1 0.72109375 0.078125 0.03359375 0.05703125
1 0.58671875 0.10078125 0.04140625 0.05703125
1 0.64921875 0.16640625 0.05234375 0.08671875
1 0.803125 0.17421875 0.06015625 0.06640625
1 0.56796875 0.04375 0.025 0.04453125
3 0.51796875 0.0390625 0.03671875 0.07421875
3 0.45 0.475 0.171875 0.509375