1 0.615625 0.39921875 0.09609375 0.1484375
1 0.67265625 0.81328125 0.15390625 0.33359375
3 0.50078125 0.096875 0.06171875 0.190625
1 0.6 0.22109375 0.053125 0.0984375
1 0.83515625 0.57578125 0.15859375 0.24609375
1 0.6765625 0.21796875 0.06328125 0.08671875
2 0.65078125 0.1390625 0.04921875 0.09453125
1 0.57578125 0.1140625 0.03359375 0.05390625
1 0.72421875 0.08046875 0.0375 0.05546875
1 0.58828125 0.07890625 0.034375 0.04609375
1 0.55390625 0.04296875 0.02421875 0.03515625
1 0.88515625 0.2453125 0.08125 0.10546875
3 0.4421875 0.5265625 0.18828125 0.590625