2 0.07399564791536753 0.6262748125212045 0.10904992536599849 0.24433533175849825
1 0.8087331799013683 0.7550993163190377 0.20603401336727103 0.2570932813030112
1 0.5365683732495493 0.6361756684111379 0.1304885733609078 0.20759922359113006
1 0.1618245539465479 0.3995610342982362 0.06379087468172658 0.11312004809323425
1 0.7466631779519568 0.3801241089699762 0.08524770401018138 0.07794643992586625
1 0.7529853559436844 0.441307145630465 0.10425224267981754 0.10047620435383653
1 0.48317229527372996 0.45611365697839246 0.0950590560152719 0.11577382213985139
1 0.31097966927913884 0.4102406178708328 0.06862382535009015 0.12578373920022692
1 0.0962444599379574 0.46057789065150556 0.07018632535009013 0.12583830290255768
1 0.23060237328932018 0.33240330534962836 0.04633065467854482 0.08908234736759475
3 0.7133154232972745 0.2906424575186974 0.1485840453532717 0.15200398801910042