2 0.7481320345719589 0.702055983794535 0.18118055872054306 0.39790221057599684
1 0.6476796906031392 0.47176852009528025 0.11302835335772628 0.18033291549465283
1 0.6465273652928201 0.302219089377121 0.0924794960216353 0.1599022408266178
1 0.9225604172501857 0.6179087636523726 0.14411581604072551 0.30081813231716553
1 0.7966449966184113 0.36012755902830407 0.11117495202099903 0.15532382513557322
1 0.6105909599777283 0.16762592075921015 0.05574201734563573 0.0909431625677866
1 0.7513715959977729 0.020778712717296123 0.03475680800445424 0.03301248789975159
1 0.7862369446610458 0.045983245796587524 0.0445317973424542 0.06744203005422929
1 0.829360235996182 0.03295198067127701 0.04280566534054522 0.05337043969514967
1 0.7045227733131828 0.15254634230398723 0.05886701734563573 0.09096134328594588
2 0.5847557133195461 0.10497138465485664 0.04009883601209037 0.08928975897699046
1 0.8600920679901367 0.07766503785286935 0.052398841343090655 0.07217498184962738
1 0.6147341146562733 0.08014410147736939 0.04138861600890884 0.06586134933607006
1 0.8273971993157281 0.1345099354917372 0.058776110677908736 0.08314884328594588
1 0.595702851328773 0.03706172198887416 0.03499316534054522 0.0533249878997516
1 0.9646699326464102 0.15484113709074357 0.03697383601209055 0.08927157825883122
3 0.3899468172342773 0.7302420119038567 0.42191574140672394 0.5395159761922865