1 0.6489022467206397 0.11317792002479113 0.03872166327441153 0.053961454597152826
1 0.7445865609449909 0.10312881316718689 0.040202276119281774 0.052435322188333355
1 0.7148514733148913 0.13276241499079802 0.03880355042954129 0.05552395459715283
1 0.4526878245126582 0.4736472138121178 0.08796474672063966 0.13001611474138883
1 0.6904423727944929 0.2490965830188189 0.05730124491161739 0.08092399810013892
1 0.8148558746035153 0.2946974109067354 0.07900582654882307 0.10795927678548622
1 0.8381495324508599 0.20185529426548543 0.056728034825709275 0.06998649810013893
1 0.3275329370188442 0.24972136417270807 0.05384869629109836 0.07460126291777787
1 0.7162855777920185 0.33923062053788133 0.06881195499752568 0.09211607123840286
1 0.9076431608995623 0.18459375266236036 0.056564260515449404 0.06686149810013893
1 0.5254171590905401 0.14499357731923568 0.03847600180902226 0.04927395459715282
1 0.7893556648562913 0.5096145492994786 0.10638055404758599 0.15385365824437508
1 0.9457683599041943 0.3299783346343395 0.08616322930778537 0.09564111474138892
1 0.944887533355371 0.547329488794652 0.11022493328925798 0.15886846656500014
1 0.860751466529028 0.8122297498125688 0.1726407191310198 0.2568344943004167