1 0.40221122139558807 0.44010899979511214 0.06965906667727229 0.08132708271265762
1 0.45693508406267896 0.4406868885464072 0.06813292934436319 0.08437930810555194
1 0.33088166140195135 0.4903316317219817 0.07460110534690845 0.1034204065339754
1 0.4003589147437692 0.5496295490093239 0.09507723734881743 0.11842897642635145
3 0.18014005812376704 0.9038227051290144 0.24658519334818113 0.12080061331561964
3 0.23816000143217728 0.717427132755439 0.46497485073199696 0.502645734489122
1 0.5537486387650864 0.6996016621200558 0.10327154535327185 0.15160534946188076
1 0.5738873214114963 0.5493640676205738 0.07463746801399936 0.1065454065339754
1 0.41057825206872406 0.48740137675958295 0.0775079293443632 0.08481595574818694
1 0.6020299554025877 0.48239273738911537 0.05712270401018138 0.0776198858558109
3 0.4923640540658606 0.46248695988652544 0.1443874413589988 0.19568498924663302
1 0.6736413260661788 0.45638885546224595 0.05565111067790855 0.08535961124870503
1 0.6308811140594972 0.40913501985410405 0.052253390674726855 0.06177656203449331
1 0.6730140700588609 0.40248260546224596 0.050727253341817755 0.06482878742738744
1 0.6447436193904974 0.3912925483901514 0.04585794000636341 0.048985463606069854