1 0.64140625 0.1498253424021831 0.0390625 0.05178975897699045
1 0.7171875 0.15104747481754455 0.0359375 0.05020907825883123
1 0.1625 0.6384453973442803 0.1359375 0.20235336123992678
1 0.30078125 0.2470623941228264 0.059375 0.07534543364502548
1 0.72421875 0.1932758814334028 0.0390625 0.05647725897699045
1 0.18671875 0.44405504791001427 0.109375 0.1490738251355733
1 0.8125 0.14613323672140122 0.0375 0.04709316861791084
1 0.7765625 0.34826790846257005 0.0703125 0.10197156615858276
1 0.4765625 0.2254288095192834 0.046875 0.07371021077238851
1 0.4171875 0.18914587587425793 0.0484375 0.06278180113146817
1 0.31171875 0.14790727663638373 0.0484375 0.07059430113146811
1 0.72265625 0.6385792910743232 0.134375 0.2242192708808471
1 0.50546875 0.14512823116225632 0.0375 0.05646816861791084
1 0.4359375 0.13378621018321335 0.040625 0.06273634933607006
1 0.9703125 0.3626763629884426 0.059375 0.09878293364502558
1 0.97109375 0.5431496581679824 0.0578125 0.13783634328594588
1 0.94921875 0.9116592131591776 0.059375 0.17668157368164472
1 0.38515625 0.12645952351312578 0.0375 0.05646816861791084