1 0.28671875 0.046875 0.03046875 0.0390625
1 0.225 0.0453125 0.02890625 0.03359375
1 0.21484375 0.06328125 0.03359375 0.0390625
1 0.27890625 0.32421875 0.08515625 0.10546875
1 0.40234375 0.08984375 0.04453125 0.04453125
1 0.40234375 0.12890625 0.05 0.0515625
3 0.49765625 0.06484375 0.12421875 0.12578125
2 0.203125 0.14140625 0.04765625 0.071875
1 0.48203125 0.2 0.06953125 0.0609375
1 0.80078125 0.25390625 0.11015625 0.0890625
1 0.79453125 0.37109375 0.12421875 0.09609375
1 0.87578125 0.3484375 0.13203125 0.1109375
2 0.10390625 0.06484375 0.03046875 0.05