1 0.4259728861116324 0.5020813383371524 0.07220361474138884 0.08288654160312507
1 0.48398540786312544 0.5093294874634718 0.07249455547083343 0.0953865416031249
1 0.35035594348232685 0.5444883503049998 0.07558318787965286 0.09389677678548622
1 0.440926392095556 0.5400352800165275 0.08484908510611114 0.0894274823325695
1 0.5131183551451743 0.9549868263693051 0.13281380642076393 0.07024237765916688
3 0.23226382617548672 0.7434369562126735 0.3239181172099309 0.4307473858272918
1 0.5337496717308338 0.5316214083412844 0.07867182028847228 0.0924070119678472
1 0.5634722329012505 0.4652690565176732 0.07670927678548622 0.07518314437666689
1 0.47863294595086875 0.8838755457840968 0.17365962480937505 0.21486519984750033
1 0.5265957076343757 0.7615998490707288 0.10941398043270852 0.13841049620027768
1 0.5234330336224311 0.6928862166619093 0.10145601006798621 0.13197865824437507
2 0.557533317057431 0.5795315782691662 0.08877417211208342 0.12387521751493065
1 0.5949800720914242 0.6435388736720135 0.0964412017473613 0.11780705547083344
1 0.6860408299752089 0.6265676195879509 0.09513327488562506 0.12870818787965277
1 0.6528276332618408 0.5765319052071523 0.07242182028847229 0.0922615416031249
1 0.42684701472072967 0.606805205928333 0.12765483415618065 0.11697190729444458
1 0.7000650027528824 0.523842009880555 0.0641001740119446 0.07020470364722228
1 0.7677967101998269 0.4784918358686105 0.05636040919430556 0.07314786569131951