1 0.21179402605033873 0.8919345288559406 0.20081344499482007 0.21613094228811888
1 0.257369737589494 0.753087827582147 0.1270463052100678 0.18227184137714508
1 0.7458415403183624 0.9061706767638403 0.17428517824559683 0.18765864647231928
1 0.5690243291934919 0.8859548912844778 0.17072783870851377 0.22809021743104446
1 0.3614151904421969 0.9367138047166563 0.1953211162111037 0.12657239056668743
1 0.5222819540910479 0.6968205025318888 0.14005572745980874 0.19364585099579196
1 0.697485315339753 0.7575372916394483 0.15223039578060824 0.22059029691210785
1 0.27910768878956704 0.6001910060752678 0.13434938296032675 0.1716071598887993
3 0.10243818093168418 0.6252207440095502 0.16077494995721878 0.30356648801910036
1 0.1290841100058507 0.5107142999073327 0.08285534946188075 0.10429068511654283
1 0.2142681310982999 0.38031252649368785 0.07551373035529281 0.0806349303072194
1 0.13131438998964007 0.4413740228654907 0.07900260339082217 0.08855655771188112
2 0.1702612659206535 0.3397768065307547 0.08129284946188076 0.10423612141421187
1 0.406487710296301 0.3207267392850448 0.06635705417661039 0.08499504809323426