1 0.43702504259467395 0.536163544071667 0.0546190334984459 0.06682513050895836
1 0.48911408146980345 0.5319131083762156 0.06137845574818694 0.07790810087368065
1 0.38394073800377876 0.602823060789167 0.06174232878371626 0.08572060087368065
1 0.6089451619061496 0.9527119983844795 0.13151117328319833 0.09457600323104103
3 0.2669866401945279 0.8344477351823611 0.45917821670644177 0.3311045296352777
1 0.4483649569865321 0.5785692496187502 0.07209763192686935 0.07347517401194459
1 0.6392426298554457 0.839764588808924 0.1014641083532208 0.16780705547083344
3 0.3774959929661774 0.6822741714464934 0.20361311331561965 0.2497857137152085
1 0.7519373748930469 0.7627864743518755 0.11469185442427943 0.18372299620027785
1 0.32697795450533274 0.5359433788934378 0.10149403349844607 0.06791615824437507
1 0.56304173304138 0.5273905689572921 0.056035984284234175 0.06373649810013901
1 0.4132407861845332 0.511417463999549 0.0854323858558109 0.058177482332569495
1 0.5476500194353101 0.4817689444322574 0.06482878742738744 0.05145470364722229
1 0.6371513211307211 0.5267742795383686 0.0499315334984459 0.06671602773541671
1 0.7006851282028158 0.5001585345723617 0.048223484284234175 0.06355466014423605
1 0.6447411892038518 0.45515385267663244 0.04793238585581072 0.05730466014423623
1 0.7178512034718755 0.4498318794621186 0.03812073821317572 0.04771145459715278
1 0.6860917812221344 0.43816702763850746 0.03477741439185813 0.04295121941479181
1 0.5681316474332382 0.5696508041396532 0.07082623035529281 0.07968880642076392
1 0.9163817678851242 0.7449300931773271 0.16723646422975164 0.14626067021222228