1 0.3919877134787014 0.659287639857827 0.10851370373287823 0.13587585779368574
2 0.45485808604471706 0.8132779188676093 0.18525130194586942 0.32921560509226283
1 0.4238337771956936 0.5786067872552259 0.0768273271096728 0.10905575256024883
1 0.40145599107484153 0.47454861881113963 0.06221935633066593 0.0769867052052021
1 0.4486991838506711 0.45072471096098415 0.0653716298696164 0.07873121572854576
3 0.5232355336885154 0.47291895840073533 0.12226828652459379 0.20847889988706053
1 0.676204800734644 0.5623469374952224 0.09324325973923261 0.15527830517696728
1 0.5864173721622739 0.43021624793386143 0.05909435633066593 0.07680469468185844
1 0.6552122366106147 0.4683540137894641 0.06731595941492116 0.10069722099021768
1 0.35423038920840244 0.5420770240304591 0.06076595048646736 0.08314569994353035
1 0.5467099898570256 0.4247243821064936 0.05903980925276535 0.07367969468185827
3 0.6293100300350674 0.3426483584995574 0.1132557508107789 0.1392738735787013