1 0.5331659822424109 0.22958661269848188 0.07555451190385672 0.09836851581733078
2 0.6753786697962612 0.7683201433445603 0.2226305415653025 0.40741454646340924
1 0.6784638049420971 0.5066650603407548 0.12282948770335977 0.16902852570316257
1 0.621442687062871 0.233965047983465 0.05989315046753809 0.0914818458553869
1 0.8837114037871879 0.1500980198460256 0.040961343285945875 0.05946784190105418
1 0.7853092234618121 0.4086506660819733 0.12124880698520073 0.16583985870696819
1 0.6505943767580208 0.19295538741306123 0.047311337235821684 0.07691000988583174
1 0.7294551749626226 0.203983070720878 0.0551329275949012 0.07879084486680368
1 0.7556631509585175 0.2660029096561827 0.06932269262201593 0.10123884783255317
1 0.9019250726014905 0.24304952380035827 0.06141019867214013 0.08373301285158127
1 0.6510261688143025 0.11873663741306126 0.03782725292686635 0.05777800790866543
3 0.46891154294004467 0.5286024328507062 0.27809981244614973 0.5440178913302128