1 0.28828125 0.34609375 0.06328125 0.09609375
3 0.05234375 0.64140625 0.103125 0.44609375
1 0.23046875 0.5234375 0.09296875 0.15546875
1 0.28359375 0.71484375 0.140625 0.2296875
1 0.31171875 0.2484375 0.05234375 0.078125
1 0.36796875 0.21484375 0.04296875 0.071875
1 0.57265625 0.19375 0.03671875 0.05546875
1 0.41796875 0.24609375 0.04765625 0.0703125
1 0.471875 0.19921875 0.0375 0.05546875
1 0.6328125 0.26953125 0.05625 0.09296875
1 0.40078125 0.18046875 0.034375 0.05546875
1 0.490625 0.16796875 0.03046875 0.0484375