1 0.5231660196401979 0.8748337735356551 0.11534682588823202 0.19716710064862325
1 0.4430909520241334 0.4963990819776415 0.06094180810555194 0.06819662094116268
1 0.49272707898860413 0.4894593352240523 0.06479455417661058 0.08387616801906325
1 0.3928041617012618 0.5564092816533298 0.06152400496239867 0.08069662094116267
1 0.47469417059260194 0.6218490953703221 0.07824062406898662 0.10440685633066593
1 0.6813787799792802 0.8861821509696395 0.1304281703877141 0.21928756249917605
3 0.5569907861845331 0.5116576635515411 0.09445212903138529 0.1843125446422686
1 0.873876649085868 0.9129606594910561 0.16879715756743252 0.17155917451188502
1 0.6703491188971908 0.58233044804754 0.06374147642635145 0.09478639448011279
3 0.6108927280789813 0.44546564772322855 0.07039389081820957 0.13705571509696385
1 0.7033349392038518 0.45254353652129853 0.05127570967712849 0.061782979707460585
1 0.6711752566150285 0.43246681574229173 0.04146406203449331 0.05224433847375849
1 0.699390147847523 0.4181276262128731 0.04182793507002262 0.06005683847375849
1 0.6712822644729115 0.4012440892812421 0.03655823821317572 0.04747501785690744