1 0.5180729787415511 0.19580997673111433 0.07577281570031094 0.09661501482874764
1 0.6876361939053994 0.8482744490507855 0.2537143471291678 0.2613035504177418
1 0.47091434158514717 0.528984574069376 0.18578339448421435 0.2725647025851886
1 0.7103360734516444 0.2161676031953986 0.07815436305535747 0.11074118182494201
1 0.6638034367187634 0.10294736159835557 0.04922572625188941 0.06903384288963736
1 0.7972228814712091 0.0810657499256379 0.0472992052052021 0.06272017589344295
1 0.8486411683029121 0.08993407254932018 0.052441731513561504 0.07072367688202612
1 0.9021378946253886 0.0807063111806137 0.050788226251889765 0.06909750988583174
1 0.5781675865352368 0.2998634653624078 0.10515647881213823 0.14613485376405225
2 0.6289957972138722 0.13725603600892378 0.06409186305535748 0.11016817885919247
1 0.8276600813441523 0.21373632848081922 0.08385833148532669 0.10162084980971961
1 0.7209788998870605 0.08965418273916309 0.04913472099021767 0.06747134288963734
1 0.9730265182746771 0.3364987133480605 0.05394696345064567 0.13886618182494193
1 0.9375888181899725 0.5553415552491147 0.12482236362005494 0.2203018656270503
1 0.626318847270342 0.07784920251082658 0.05115224729857708 0.07534750988583175
3 0.5475491051628498 0.08984378481037585 0.17332962613895014 0.1796875696207517