3 0.47265625 0.490625 0.071875 0.259375
1 0.9296875 0.91171875 0.140625 0.17578125
1 0.68515625 0.62890625 0.071875 0.1203125
1 0.55390625 0.4546875 0.03359375 0.059375
2 0.57109375 0.37890625 0.02109375 0.05
1 0.625 0.50078125 0.04609375 0.071875
3 0.5296875 0.35546875 0.03359375 0.0796875
1 0.56015625 0.365625 0.015625 0.02578125
1 0.59921875 0.3796875 0.02734375 0.040625
1 0.596875 0.61953125 0.06015625 0.11484375
1 0.55078125 0.340625 0.0125 0.021875
1 0.5796875 0.34921875 0.0125 0.02578125
3 0.4953125 0.31640625 0.02578125 0.05546875
1 0.52421875 0.3109375 0.0125 0.02421875