1 0.62265625 0.31796875 0.07265625 0.1203125
1 0.85078125 0.54453125 0.12890625 0.2015625
2 0.609375 0.20625 0.04765625 0.1109375
1 0.790625 0.0484375 0.03125 0.04609375
1 0.67578125 0.1859375 0.059375 0.08515625
1 0.74296875 0.05625 0.034375 0.04453125
1 0.6109375 0.1234375 0.0375 0.05546875
1 0.84453125 0.08125 0.04453125 0.0515625
1 0.80234375 0.0984375 0.03828125 0.0515625
1 0.81484375 0.13046875 0.046875 0.06328125
1 0.82421875 0.21015625 0.0625 0.09296875
1 0.50078125 0.21953125 0.06875 0.08515625
1 0.9203125 0.221875 0.07421875 0.0984375
1 0.6390625 0.06015625 0.028125 0.04453125
1 0.59296875 0.04140625 0.02421875 0.04296875
3 0.546875 0.0515625 0.04140625 0.1