1 0.641233045490158 0.42647986850223524 0.1401285020669146 0.1929159772718286
2 0.5733990744404901 0.2605860872526472 0.08474748924663303 0.14355117694751698
1 0.6666567688161376 0.23489238635914278 0.09444782092583352 0.11717959172016937
1 0.5479195773359742 0.14929403124629279 0.06174232878371626 0.08538412094116259
1 0.7217123341603997 0.025867988225581902 0.0465496683207995 0.02735343262955986
1 0.6783989818030349 0.034479329134972383 0.04742296360606986 0.04610343262955987
1 0.6940432524811995 0.051925927755000614 0.052765435070022446 0.06024775324641087
1 0.7022217795695045 0.09344127191080197 0.06003427956950454 0.08223184740221223
1 0.4780865744404901 0.2589224013766765 0.08797949710451576 0.11238299756436802
1 0.7951006383370103 0.10989416070887204 0.07580482878371626 0.08562958279171565
1 0.5703531954091048 0.0778690446389734 0.04829625889134022 0.06485343262955985
1 0.5054537874273874 0.058782079542009466 0.039974336641599176 0.053779564934808156
1 0.8840925177826804 0.14345272889009106 0.09266699710451576 0.11246481818121903
1 0.846943582298373 0.23413623010790702 0.11229029238978612 0.1315421006486231
1 0.88485234305174 0.09272602596799175 0.08234592721213971 0.091988676947517
3 0.4530929208019989 0.07426102921769792 0.08118584160399785 0.13412162986961634