1 0.6602815742518106 0.6738738252184739 0.15168171642972936 0.2934270542357774
1 0.5209816831540461 0.36849966660126987 0.07573631908544912 0.12874477711788873
1 0.6142817103796051 0.288428070203909 0.06305451190385672 0.09713106426490725
1 0.689063020880847 0.11434806103270896 0.04563975292686635 0.05756845909205777
1 0.6561328670936593 0.2293880393250966 0.0645261083130606 0.08155152837152987
1 0.5674334605759969 0.16008176134927807 0.0440954336450254 0.06064799498543509
1 0.6402578822189697 0.18687393039132344 0.050290891490547905 0.05145485141192578
1 0.7674380057555366 0.15504360570157488 0.05038179508134384 0.06707985141192578
1 0.8504004966803503 0.17841525805057282 0.05982042759490121 0.07829013605166191
1 0.8440464784317818 0.2950260965303749 0.09279655405833438 0.10736988229073816
1 0.5671380239059092 0.1093005113492781 0.03309430113146803 0.0493922462390763
1 0.599055644417414 0.08883724716351313 0.028379530054229284 0.044568353919208256
1 0.5170516654946529 0.09591161276120388 0.02996021077238851 0.04773881802583093
2 0.9813596051898024 0.35508775514757895 0.03728078962039518 0.1557786385589443