1 0.85 0.709375 0.20546875 0.29296875
1 0.66640625 0.84140625 0.21484375 0.2796875
1 0.43359375 0.15 0.05078125 0.0609375
1 0.34765625 0.14609375 0.05078125 0.05390625
1 0.30703125 0.4296875 0.11171875 0.171875
1 0.31953125 0.25078125 0.0625 0.08671875
1 0.58203125 0.21875 0.07265625 0.078125
2 0.72421875 0.2109375 0.09609375 0.1015625
1 0.12109375 0.2484375 0.05390625 0.08359375
1 0.68515625 0.30390625 0.11875 0.109375
1 0.8640625 0.23828125 0.09921875 0.08515625
1 0.2078125 0.159375 0.04453125 0.06328125
1 0.91015625 0.43984375 0.13671875 0.128125