1 0.278186008402957 0.03340668636104144 0.026337006920082208 0.033394381458888914
2 0.2560709278706093 0.04721526643315951 0.029844008897248565 0.04284211664125002
1 0.2853843320524035 0.3827890905213539 0.1067487015966055 0.16795252583555564
1 0.41475615566466895 0.3336404628621872 0.09552735870696819 0.12242182028847229
1 0.2755040187830803 0.0827345391345831 0.037656508897248565 0.04302395459715282
1 0.2799341922050653 0.114693053952222 0.04703150889724857 0.04324216014423614
2 0.3332064308363588 0.059495754465312224 0.0443521778706093 0.05410692496187504
1 0.08438822334543535 0.26704072321451383 0.06606535178688593 0.08895470364722229
1 0.3222344387450242 0.09728669519475668 0.055608012851581276 0.062173998100138926
2 0.4745927761974541 0.11329028885024266 0.05455484882113648 0.0746376305089584
1 0.15916804745199237 0.22150871124666655 0.06561968281352519 0.07801720364722228
1 0.08275278608328587 0.169329921827743 0.044734179847775654 0.06348192496187499
1 0.17101944863085597 0.14772571913045124 0.05774351581733077 0.0762728656913195
1 0.6287682816346616 0.1355075149145481 0.0761751808363588 0.06889677678548618
1 0.5202355400376185 0.17791518009277735 0.0769391847906915 0.08764677678548613
1 0.6491828938016708 0.2718807727983328 0.1074543557412186 0.10865026101791671
1 0.01307961463846719 0.1482738458396875 0.016354511862998095 0.056577308320625
1 0.043287015360220255 0.4674050523367014 0.05461319863085597 0.1526898953265972
1 0.9577236111784261 0.29976350456222145 0.0845527776431478 0.11773432028847228