1 0.043510344605416515 0.17867953067313608 0.08008884992375007 0.08528406667727224
1 0.1674375006655901 0.22622778735677165 0.10225479065319454 0.09803860534690845
0 0.6824059243931941 0.3611611494270866 0.3177031783803475 0.36141240404199804
1 0.37119632066972197 0.3356589733847704 0.13172539152687515 0.15617836935072643
3 0.371926285334861 0.16999761071767944 0.26642900626826405 0.2389737827020893
1 0.8044465381846525 0.25473952144331313 0.13132534802388918 0.13899086935072652
1 0.8266494997156595 0.20732871944617665 0.13263327488562524 0.12807155068427187
2 0.4883454934473955 0.4393935954009969 0.16751872758291686 0.2175158586887262
1 0.7217632843849305 0.14749863876508637 0.09139002583555574 0.10103633601209036
1 0.6695461677436805 0.1750236547580867 0.09604115824437506 0.09952838001272672
1 0.879838089952673 0.6752616541215398 0.2149392414506252 0.2414987986950896
2 0.7389481715434025 0.28210999610117715 0.11068553970326392 0.12469201201463571
1 0.7034723456522562 0.8326276167647683 0.22533253400368078 0.2853578866963623
1 0.6422037241644445 0.10749980008749598 0.08165134992375016 0.08530224801081769
1 0.5170212329981596 0.14746063407063312 0.08554006933854179 0.11815111067790855