3 0.0515625 0.63203125 0.10078125 0.4296875
1 0.31171875 0.2484375 0.05234375 0.078125
1 0.33359375 0.3796875 0.07734375 0.11875
1 0.1453125 0.8359375 0.18046875 0.271875
1 0.365625 0.9015625 0.16328125 0.171875
1 0.34921875 0.303125 0.06171875 0.08515625
1 0.43671875 0.48671875 0.08671875 0.14453125
1 0.403125 0.23828125 0.04140625 0.06640625
1 0.46796875 0.29375 0.05078125 0.08515625
3 0.37890625 0.16015625 0.0625 0.13515625
1 0.44453125 0.18671875 0.034375 0.059375
1 0.47421875 0.21328125 0.03515625 0.059375
3 0.9171875 0.5546875 0.165625 0.521875