1 0.18454170190168634 0.720850467939633 0.1716408320337257 0.25138304220663665
1 0.6081472126432284 0.16200593303989225 0.04611247867599957 0.06954093262955988
1 0.395144489258458 0.5445532004897626 0.12274879869508962 0.21147506249917622
2 0.7497534573122282 0.14235017776488648 0.0477113413430903 0.0726932061685102
1 0.7113989346355923 0.21644224269969464 0.06024770401018138 0.07603639448011287
2 0.7157762572804115 0.37727064854389325 0.10984880935708982 0.17688187418757345
1 0.3173398519653198 0.24987767451518028 0.05704997867599957 0.06973184740221221
1 0.4448290526336834 0.23515488109072763 0.054034066677272105 0.07905230032431154
1 0.2763972259707286 0.2107566732973643 0.049146572008272396 0.061782979707460585
2 0.4721733499761374 0.1675037309285718 0.04149770401018138 0.07570911201270887
1 0.410372783975183 0.17561228571711024 0.039662484006999676 0.05224433847375849
1 0.2481984059516386 0.35184532345952013 0.07452838001272663 0.09503185633066594