1 0.6368552254900468 0.5069077081938098 0.11592264427970278 0.18940914772652384
1 0.10481408492335911 0.7209222004864674 0.1505903101589518 0.243106892044481
1 0.6928149825768048 0.030050927755000612 0.02937996515360979 0.03642842370110612
1 0.7326314507256394 0.02996515299823428 0.034012901451278846 0.03494774431795714
1 0.5817286935540633 0.18036279910320027 0.05919643992586625 0.08535684740221221
1 0.6652356196001135 0.04518500405389449 0.03450397477225664 0.04901024431795714
1 0.7434151833024443 0.04811118100141149 0.03606647477225664 0.04903751785690748
1 0.7343502073490613 0.07918390299823427 0.047385920688572544 0.06016593262955987
1 0.5867385973675947 0.05552644033690233 0.034613102176918174 0.05213524431795715
1 0.5294518870233086 0.02485709293469008 0.02765377404661713 0.03171365016215578
1 0.5273908792187603 0.0552712958567894 0.02965278366526398 0.044240923701106105
1 0.8363244243167696 0.1598220227215809 0.07342263103285873 0.09028980925276527
1 0.872673641284478 0.23931465380901318 0.09822422359113006 0.1297614123370204
1 0.9698834579820336 0.2058766367628846 0.026493067330527965 0.08790910308425515