3 0.07897559748210355 0.31552210142490955 0.1579511949642071 0.17093437697836436
1 0.13291485565695998 0.4058328409094599 0.09479583148532651 0.10310506784239593
3 0.34738063210649356 0.5347889213034703 0.505881604809914 0.501619969469704
3 0.7445385402389977 0.7632116559267808 0.4118138154179622 0.411014901627308
3 0.30955992661894277 0.30155369742275207 0.19998313140062188 0.19740834577069996
1 0.45161935302612405 0.38990911126299055 0.11565436305535766 0.11354460085908258
1 0.5942171057275472 0.45564921868079383 0.150013952503779 0.14182673111680746
1 0.774830797919744 0.5373108972203534 0.18602704721387225 0.17175324852966192
3 0.8961667426016025 0.47331591700805714 0.1610718208208084 0.2514473925821967
1 0.6837269267601171 0.4299288444159629 0.1461609104104042 0.12916295680654793
1 0.5199444187970222 0.36685671359241123 0.11096686305535748 0.11329893939369332
3 0.40454620292730203 0.2887870245374021 0.20228908404557533 0.18350962008095947
3 0.6166865560240133 0.7652389026474203 0.6654848469879934 0.43365562075832786
1 0.1089852610174539 0.509118293193452 0.12345145250377901 0.1404346494796016
1 0.9221237558969564 0.6160456495952026 0.0680359104104042 0.12506859905006032