1 0.11269364071449779 0.3510801473185916 0.13092383068109026 0.10775905068427197
3 0.1169378874124509 0.5815307159850461 0.2258396253978152 0.4775635680299077
1 0.22570271805377023 0.3935210913033195 0.10319882001909005 0.141806786680454
1 0.17645198412631236 0.9285415286441829 0.19849313868554458 0.14135334802672617
1 0.54001756735359 0.14295528059359425 0.05401588534372674 0.07718066534054513
1 0.3750958327498144 0.6082182959500477 0.1508374360279987 0.20797722668681723
1 0.3209328547103616 0.3181841892902747 0.07943405601527206 0.11340906667727228
1 0.24816970607890543 0.5784409839672288 0.1475851666931806 0.19700336401972648
1 0.4023373960454979 0.3305200099459116 0.09209768801718106 0.12761701734563582
1 0.2699783346992258 0.23673474196372896 0.07761701734563582 0.09151588534372675
1 0.295095966024817 0.1794034999602291 0.05557838534372674 0.07719884667409058
1 0.6258578067313607 0.4693445105824584 0.12225790268936265 0.16858746268299923
1 0.3572596113542263 0.1497699966184113 0.042805665340545127 0.053615896005727005