1 0.6393955811189578 0.6044107713784079 0.15403810904180587 0.24494409012915472
1 0.06909669244187429 0.8552210459225073 0.0954255220358335 0.20888691818411545
1 0.6462931185411112 0.013851759435562744 0.03066942496187508 0.027703518871125488
1 0.6792147213146528 0.010651377342680261 0.03219555737069442 0.021302754685360522
1 0.5627500006655901 0.2076925472426554 0.06791615824437507 0.1003469924781526
1 0.6193305750381249 0.02442855242182254 0.03550239532659738 0.04885710484364508
1 0.6944396778116666 0.021005029889533865 0.0370648953265972 0.04201005977906773
1 0.6781236935792361 0.047410613619133714 0.04669446846486114 0.06069345909205774
1 0.5498350394189235 0.05816992036219356 0.037210365691319504 0.05573317445232166
1 0.49107828846899304 0.033335056413855445 0.02583645459715278 0.03666492570596289
1 0.4902963852586111 0.06692880641385544 0.032341027735416715 0.04778428213245363
1 0.7612258278879166 0.09964305186150893 0.0674070119678472 0.07847199247815259
1 0.798034190445104 0.16181043124925326 0.09011846656500015 0.1150459899708701
1 0.8997791816113889 0.1174717463720903 0.08045252583555537 0.10227320533113407
1 0.9072663329219097 0.030593871998910928 0.038736498100139016 0.05421613855894436