1 0.7811623360439172 0.8205450761754868 0.2723630672236558 0.32478702013597244
1 0.15757241946765232 0.016936192913645964 0.03338550296574953 0.014826219414791697
1 0.20655633650102775 0.4145749123284377 0.10480419961943914 0.15854115824437506
1 0.22903092539915137 0.046697734516771026 0.046967841901054186 0.041679660144236144
1 0.3336693458553869 0.06708492933027806 0.05184634288963732 0.04647626291777782
1 0.17949779349765965 0.21023225123427097 0.07237901878308031 0.0906626740119445
1 0.33956651878308036 0.09688153210381974 0.047286176882026076 0.049492160144236144
1 0.07988777125453825 0.102545078172257 0.04610567885919248 0.058830792553055566
1 0.46570986612134196 0.16616082180708372 0.07923651384016442 0.06740701196784729
1 0.5481085306460785 0.15793205413965322 0.07674818380210838 0.08295927678548617
1 0.6068786941822317 0.1444702726045144 0.0764298488211363 0.07514677678548617
1 0.6646766067298018 0.1263028072737853 0.08079901384016441 0.06744337955902786
3 0.030911760380123332 0.04989155043684031 0.06118685079830275 0.08415810087368061
1 0.09725434338392894 0.04987467306201397 0.039473676882026146 0.049310322188333366
2 0.874697546957701 0.2428038955140285 0.14396485870696835 0.12354921561506957
1 0.9187784928513626 0.4118091218626743 0.16244301429727487 0.1305629350298613
1 0.9804740323760989 0.3812507593054869 0.0390519352478023 0.10428876291777786