1 0.3583261145584739 0.21559581772302114 0.06962760339082212 0.08746493882958335
1 0.7329301623249436 0.16565755442399369 0.04153683664159917 0.05403418977951393
1 0.5123372183635808 0.28409451063666713 0.08878001778268044 0.1300524823325695
1 0.6379815353604729 0.1556266313619797 0.04309933664159917 0.05407055737069451
2 0.42887405500517994 0.22896929312173647 0.0908519400324213 0.14102634992375007
1 0.7031484629868974 0.21736487157833392 0.05825345574818712 0.0778353656913195
1 0.6350363178254617 0.18527776377079913 0.05156680810555194 0.06831489532659729
1 0.43523310111901975 0.5122363880114934 0.13602319892376152 0.20607077488562525
1 0.7492721381321225 0.31854681829170206 0.08078342721213971 0.09240701196784729
1 0.7468876927230177 0.38653375208729235 0.1096019400324213 0.1414627610179168
1 0.5115988178254616 0.18240472406753516 0.05312930810555194 0.06835126291777782
1 0.4711750250213907 0.16034723290125039 0.04807793507002245 0.06042966014423614
1 0.575100545699555 0.14555999391916713 0.039974336641598995 0.05399782218833336
1 0.7868084096388565 0.6041037650050701 0.15709767824559684 0.18939242116215294
1 0.5202696505381192 0.11378201063666711 0.036412688998963993 0.04455008700597225
1 0.5639297593056248 0.09993836939413242 0.031506865177646406 0.039753484232430594
1 0.5968321505381192 0.1155640226045144 0.033142139784752264 0.04135235182361115
3 0.7880500018620269 0.22481565529767428 0.1213399607105858 0.15890483415618065
3 0.6913612464853433 0.15139437946211864 0.07762419396136266 0.12511040919430566