1 0.3972730141231307 0.913107929693339 0.2537260786919079 0.1737841406133221
1 0.7632090720082724 0.09645150826765841 0.04282384667409041 0.056652414391858155
1 0.532879966064588 0.5003426798982269 0.13484880935708982 0.18118584160399784
1 0.5195339867122707 0.35995312034493293 0.09042610001590852 0.12133565260503384
1 0.7130578147278609 0.4837481470189534 0.13210561736154425 0.2138527923897861
1 0.5901272026973168 0.25314450227180235 0.06509883601209018 0.09204625889134022
1 0.6032260920194081 0.17098697373575508 0.04767497867599957 0.07093323821317572
1 0.862447098026726 0.23693742121177447 0.07768974267981754 0.10044095574818704
1 0.6426334900143175 0.13534272621695448 0.04126134667409058 0.056579639784752264
1 0.5810420093491356 0.1434056292362731 0.04286020934118149 0.05977741439185813
3 0.48632949335613535 0.19052887820281578 0.1693510786919079 0.19372438296032674