1 0.8135445773359742 0.10225566542982464 0.04004711124870504 0.056434090570540586
1 0.764126774192821 0.1170844528572121 0.04488016046291676 0.05977741439185813
1 0.7220979793173263 0.895723183212505 0.173737214639527 0.14841188296032684
1 0.5767810554149555 0.5493833382987383 0.12457627667402046 0.19757282092583353
1 0.5748439121155465 0.37331098987031475 0.07955056699689197 0.1346704065339753
1 0.6129709966902311 0.23373691356779785 0.05251287799792799 0.08975601282028159
1 0.5987415227450791 0.18037647312109178 0.045607906533975395 0.07540241439185813
1 0.9598995006191725 0.20191956348674456 0.06457623035529281 0.08096320967712849
1 0.6100193169968919 0.10312261435358612 0.036703787427387266 0.051601041356328856
1 0.5731528637299044 0.06804129301346791 0.02874573821317572 0.048112168320799585
3 0.7818365049623988 0.04791401850880594 0.07348034946188076 0.09582803701761188
3 0.8890711162111039 0.09522243507227718 0.12286822745980856 0.19044487014455436