1 0.2916491981089327 0.7965785215682182 0.22072425008481797 0.32621810811666874
1 0.6466145612552602 0.1602672750842596 0.05234623920022692 0.06747839149054777
1 0.16859122105924146 0.3614455183467643 0.08156251324684391 0.0988920179539809
1 0.5832688238691318 0.1848496394474443 0.04922123920022692 0.06746021077238851
1 0.33022812550574515 0.3628484161820239 0.0855059687818068 0.12234769867214013
1 0.7177108004554869 0.09267979928475642 0.044097229581580064 0.054932939695149674
1 0.7170089068087565 0.1575144589256768 0.05558036660488845 0.07062157220870705
1 0.7283779380269497 0.2792985553348807 0.07843751324684387 0.09887383723582169
1 0.7752678401112008 0.12202641081927075 0.05714286660488845 0.07063066256778665
1 0.6518501543616857 0.32348489257070223 0.08641370435383652 0.10360678903121982
1 0.819761851459128 0.3912440434310239 0.11250497840045384 0.1350022347764936
1 0.44710314537601104 0.21454220550783126 0.054181557711881115 0.07529998184962734
2 0.8932936098966486 0.2986474772724411 0.0998958509957916 0.13180451190385672
1 0.8075222239696483 0.7193735886105637 0.17359130054030486 0.22908857806243965
1 0.9377082980084163 0.2569912423977517 0.05645338584218216 0.09562157220870696
1 0.39963043385059843 0.1648285518188392 0.04102679328391083 0.05647725897699045
1 0.34558777459477125 0.16904841920708602 0.040917665879249124 0.05335225897699045