1 0.6797187953759315 0.15663322684265749 0.03936248184962743 0.05315417490485981
1 0.619762012394836 0.2542138809872706 0.05198974687674216 0.07553851087441492
1 0.7017614461380572 0.2630251482874762 0.06614315046753809 0.09173651384016442
1 0.26210300673749526 0.4818853058549493 0.08819995764913058 0.12387785178688589
1 0.3603864915139889 0.3780519931170988 0.074055644417414 0.10924234882113648
2 0.4461149132551577 0.41749117790779033 0.08046018052176755 0.136059516805914
1 0.7851148225032947 0.1734307490857789 0.048782933645025575 0.061348676882026124
1 0.7341017683467643 0.2112053217094612 0.05981133723582168 0.0774193458553869
1 0.46421599434265925 0.2611602648659287 0.04885565651766246 0.07384867688202608
1 0.8350324883907309 0.32393742646209667 0.08025110226293641 0.100122016805914
1 0.3478370154198981 0.25172957364944654 0.044122704722264317 0.06584517589344294
1 0.8509508415374301 0.8114201804164294 0.16698855386194253 0.2411237015966055
1 0.42164267496262264 0.19144067247058288 0.036237481849627426 0.05302684091247101