1 0.64609375 0.2046875 0.02890625 0.0484375
1 0.69609375 0.2234375 0.03125 0.0484375
1 0.6359375 0.23828125 0.034375 0.05390625
1 0.75078125 0.2109375 0.03515625 0.05
1 0.6625 0.3234375 0.04375 0.06875
1 0.45703125 0.390625 0.06171875 0.090625
1 0.80390625 0.2859375 0.04453125 0.05703125
1 0.771875 0.3703125 0.059375 0.08125
1 0.86328125 0.26875 0.04921875 0.059375
1 0.43203125 0.25078125 0.03515625 0.05703125
1 0.88515625 0.37890625 0.06875 0.08125
1 0.73828125 0.6296875 0.084375 0.15
2 0.93359375 0.690625 0.10390625 0.20703125
1 0.95625 0.359375 0.0625 0.071875
2 0.38515625 0.178125 0.03359375 0.05703125