1 0.02403538017586627 0.9168621683207995 0.04807076035173254 0.09622433664159899
1 0.0746626149523599 0.778565955748187 0.1493252299047198 0.25088191149637407
1 0.1642689738545956 0.6437607702638797 0.10099993949875796 0.1765325748547749
1 0.5829542995793441 0.9276328101724666 0.1462942587805987 0.1447343796550669
1 0.41291905553127234 0.8769553369511854 0.1327680899662962 0.24608932609762918
1 0.184707697120016 0.8916546147633617 0.17457379488495223 0.2033904813887503
1 0.4422712540070207 0.6778084003287222 0.11356357201231529 0.1880522717116218
1 0.5892502722555892 0.8010918507002259 0.12306583703942983 0.21036391935425697
1 0.24164960617176118 0.5067017260120666 0.10717721662612104 0.16432367328319836
1 0.271595139643836 0.7323759681541838 0.14823855386194262 0.24121581306795062
2 0.3094143439733169 0.4106122841176186 0.09306017447164336 0.15429370181924557
2 0.09498875049097932 0.3287307756405632 0.07252950585373248 0.11584763192686945
1 0.5799399465308408 0.5208949284504849 0.07738063231716552 0.14419095574818713
2 0.20860634377692516 0.2761944346557378 0.078743144417414 0.10988873035529281
0 0.4106097261922866 0.2098011089723934 0.07872496369925486 0.1067637303552929