1 0.9162418349437911 0.3549527515596445 0.04585101087441501 0.053090283665263985
1 0.8186731096583703 0.24133917406231556 0.050856845855386724 0.06106647477225655
1 0.4354428907243782 0.8967757300449162 0.14612953657757738 0.17829366950744613
1 0.2656078931958361 0.8910044235989794 0.15343270060802236 0.16606648801910034
1 0.08052716943047128 0.8523759771345093 0.16105433886094256 0.19004962504240908
1 0.4743965972638996 0.706621955998299 0.12288303756616052 0.18216271397248338
1 0.33306860171252384 0.6904935029104069 0.12256470258518863 0.1743502139724832
1 0.18866468570491263 0.6924156453760111 0.14389587452429894 0.20005954210278443
1 0.05161560224399646 0.702450388204435 0.10323120448799292 0.19197422359113006
1 0.01798736015266186 0.6177405715068792 0.03597472030532372 0.1676438569862416
1 0.39959155133196295 0.532142800370669 0.11124520060802237 0.1645932680561673
1 0.26316196140807513 0.568112560622288 0.10735619665368965 0.14573414065150558
1 0.12385938087572748 0.5597147619808995 0.1357013725471326 0.19041172359113007
1 0.30931406121779476 0.4884870588081894 0.09227502471457942 0.12024306733052796
1 0.21395248167403022 0.47387397650153706 0.09571835969555131 0.1281646947351895
1 0.3392363245636676 0.42425094401739943 0.07907468775644108 0.10261905771188111
1 0.2707237465027778 0.4016790287711225 0.07888368676785795 0.09793155771188111
1 0.38365216943047126 0.36809022405446634 0.06437551779449713 0.0865029843909034
1 0.303166173384804 0.35217753657567086 0.06431185079830275 0.0849404843909034
1 0.386965511825817 0.3250669103521355 0.054682182813525236 0.07836310217691826
1 0.3241299307991778 0.31633924029653515 0.057679848821136394 0.07534722958157988
1 0.3550589372249684 0.2848337799522489 0.049612680836358794 0.06882441106992569
1 0.37967427665456466 0.25510907441728603 0.052674013840164416 0.0673710384745874
3 0.42557702566598155 0.2581869451985258 0.09699169961943924 0.15941469473518968
3 0.12397205779493466 0.4134672445577044 0.2479441155898693 0.3605655108845912
3 0.23240268722496843 0.2891170305852211 0.14395954152049334 0.20162204210278442
3 0.3011646160841609 0.2289855732361597 0.09660969764227278 0.1500396947351897
3 0.368763292966187 0.17825639773826374 0.11048119665368965 0.14584326805616735
3 0.45801679395477024 0.17045876670540497 0.06644735376405234 0.09905754809323422
1 0.7520440251716899 0.2491268814113769 0.0378475098858317 0.04812996515360961
1 0.5980741081754954 0.25606390609096624 0.044479511862997964 0.05772321996293313
1 0.1824172746773983 0.27135910091097387 0.034595175893442943 0.04489583774894799
1 0.10693977220594038 0.28569690862285496 0.06561968281352519 0.07874504809323427
0 0.9425669130046807 0.3789978867688545 0.08596135771838505 0.11846231252120445
1 0.7600355973010806 0.3018972173462264 0.0508568458553869 0.06106647477225646
1 0.8213113369209573 0.3489061374018267 0.07030718281352506 0.07890873920022683
1 0.7262070839552077 0.3662697413928435 0.08293451680591399 0.08247024881887359
1 0.733087142244434 0.48461051362536206 0.10439302273741298 0.11130457694917481
1 0.9317647227767816 0.4909348915781779 0.09801568874502423 0.10796132213985139