1 0.89375 0.346875 0.034375 0.04296875
1 0.77890625 0.25546875 0.03671875 0.05
1 0.5546875 0.91796875 0.10625 0.1640625
1 0.39453125 0.93046875 0.11875 0.1390625
1 0.21015625 0.9203125 0.128125 0.159375
1 0.053125 0.9328125 0.10625 0.134375
1 0.55234375 0.7296875 0.08203125 0.15546875
1 0.41640625 0.73359375 0.084375 0.1484375
1 0.28203125 0.75390625 0.10078125 0.16875
1 0.13125 0.78515625 0.11328125 0.159375
1 0.05546875 0.7140625 0.109375 0.14453125
1 0.446875 0.578125 0.075 0.140625
1 0.3265625 0.6296875 0.075 0.121875
1 0.19453125 0.63984375 0.09375 0.1609375
1 0.35390625 0.55 0.065625 0.1
1 0.26171875 0.54921875 0.06796875 0.10703125
1 0.36875 0.48671875 0.05703125 0.08515625
1 0.3 0.475 0.05703125 0.08125
1 0.39921875 0.4296875 0.04453125 0.071875
1 0.3203125 0.425 0.04609375 0.0703125
1 0.39296875 0.3890625 0.03671875 0.06640625
1 0.3328125 0.3890625 0.040625 0.06328125
1 0.35546875 0.35625 0.03515625 0.05703125
1 0.37265625 0.32578125 0.0375 0.05546875
3 0.41640625 0.321875 0.06171875 0.1390625
3 0.13828125 0.50859375 0.225 0.2984375
3 0.24140625 0.3765625 0.09921875 0.1703125
3 0.29375 0.31171875 0.06328125 0.1296875
3 0.346875 0.25625 0.078125 0.121875
3 0.42890625 0.23828125 0.04453125 0.08515625
1 0.71875 0.27109375 0.02734375 0.040625
1 0.57578125 0.2984375 0.03203125 0.0484375
1 0.19140625 0.36640625 0.025 0.03671875
1 0.12421875 0.38984375 0.04765625 0.06484375
0 0.92421875 0.36640625 0.06015625 0.1
1 0.73671875 0.31875 0.03671875 0.05
1 0.80390625 0.3546875 0.05234375 0.06484375
1 0.71796875 0.38203125 0.065625 0.06484375
1 0.7484375 0.490625 0.07890625 0.0890625
1 0.94296875 0.47109375 0.0875 0.08515625