1 0.67734375 0.18203125 0.03125 0.0484375
1 0.64921875 0.2265625 0.0375 0.05546875
1 0.26484375 0.62109375 0.11484375 0.17578125
1 0.07421875 0.6703125 0.11953125 0.171875
1 0.20546875 0.48515625 0.08828125 0.11875
1 0.22109375 0.34296875 0.059375 0.078125
1 0.6734375 0.3109375 0.04765625 0.07421875
1 0.78359375 0.24921875 0.046875 0.0609375
1 0.77578125 0.36171875 0.05859375 0.08359375
1 0.67421875 0.4109375 0.05703125 0.09296875
1 0.35390625 0.2796875 0.05 0.0796875
1 0.8921875 0.26953125 0.05625 0.0796875
1 0.88359375 0.38671875 0.07421875 0.0890625
1 0.72578125 0.61328125 0.090625 0.14609375
1 0.88828125 0.58515625 0.10390625 0.14296875
1 0.46640625 0.2109375 0.03203125 0.0515625
1 0.3625 0.1953125 0.03046875 0.0515625
1 0.428125 0.184375 0.02890625 0.04609375
1 0.53203125 0.17890625 0.028125 0.0484375