1 0.806834606737703 0.13844210917728123 0.02880683847375849 0.04037244292790545
1 0.7020150986233235 0.4994823089296122 0.15987738068039511 0.21508996071058578
1 0.8240250974088028 0.9238250676160646 0.1735853246740408 0.1523498647678707
1 0.7764340405850789 0.133116754338717 0.03352161201270878 0.042153266749223
1 0.6307397110397741 0.14822371587787225 0.04640344155801355 0.06461046360606985
1 0.6809658076312075 0.22718777791236552 0.060820497564368026 0.08557793507002262
1 0.8476311562512358 0.22009452356913933 0.04465002678536116 0.053600188998963995
1 0.9005788782480586 0.23272511021073852 0.055778441558013724 0.06504711124870503
1 0.6969823198060722 0.16069163667987119 0.03998980032431163 0.05494436517764645
1 0.9083583762194636 0.32456800785337364 0.07647277110331814 0.08786818114108116
1 0.6825613096598024 0.13578152791236553 0.03842730032431163 0.05487159057054054
1 0.7408414139618735 0.15647932567883518 0.041525026785361165 0.05345463978475227
1 0.9204338620160041 0.4838531166208792 0.11788870373287849 0.13507282092583353
1 0.9732782183466699 0.4128171786553726 0.04247960064862326 0.10814213978475226
2 0.7338062098219582 0.1115842026433059 0.038345479707460585 0.05018409057054059