1 0.5729513388452563 0.39575012357289685 0.134181570958725 0.17865819368794006
1 0.6942384847694216 0.8151812727560035 0.23486116115474368 0.369637454487993
3 0.4092261778601486 0.11055808699531937 0.09997026206571746 0.1819450197716635
1 0.5308977920179665 0.21096394669087068 0.07736608656782167 0.11549234882113639
1 0.8304041963796521 0.5509774289335546 0.22097722122887759 0.2960950444862428
1 0.6104315245947713 0.19621037999868746 0.08641370435383636 0.10649935079830275
2 0.5717534597113141 0.11639820459953606 0.07251489546082901 0.11061384783255321
1 0.4901587193299609 0.10055568729933051 0.04593254809323426 0.06428267589344294
1 0.6397519807627063 0.051103468439700504 0.051746038474587405 0.052037343878220545
1 0.49777281188823236 0.06174785528410809 0.047222229581580066 0.056533842889637365
1 0.4549503948278568 0.033402679390665116 0.03072421034428636 0.03089717292769344
1 0.8341964068087563 0.1959397604544854 0.10905259618646852 0.12926568874502423
3 0.41013633639818553 0.5549765904553605 0.32905762757429785 0.6656037312541008