1 0.4591980218238687 0.5150811023183586 0.11722952283992143 0.184080522737413
1 0.2865141163513732 0.5683294832312671 0.13548155585660826 0.2050933596955513
1 0.5158175932843092 0.33105361220419033 0.07801653663473154 0.12011618182494202
1 0.6155442763464244 0.40009938395302014 0.08853795680654777 0.14237318380210837
1 0.5419031377209567 0.22172503315471737 0.06535940637700648 0.08685801285158128
1 0.8651868294894992 0.28265585186124803 0.08147572930778502 0.09686968281352523
1 0.5771689303485819 0.16131145657670243 0.05055992198083885 0.07222250988583179
1 0.6381540179786814 0.19276438642447807 0.047598696291098364 0.07522017589344294
1 0.5843163670287417 0.12950304106338278 0.04036605042954129 0.05621550790866543
1 0.6484164885800393 0.11645655440925565 0.042174211894930556 0.06096667490485981
3 0.46590055970179545 0.14816551634880343 0.16114329715018094 0.188988198630856