1 0.1061533262923033 0.9345295361043535 0.07572847727182856 0.13094092779129304
2 0.7340569947216989 0.34407985733110186 0.1026455332781829 0.15214428298109556
1 0.47610812702694727 0.33476744808296494 0.0862023271096728 0.10517837939029935
1 0.3026095405784883 0.8661431504675383 0.22344104869945847 0.2677136990649235
1 0.17810877799988192 0.49239255396013853 0.11816143912238167 0.14598518657189175
1 0.6706956984545772 0.4733855622497579 0.11676258035608367 0.15535109621281204
1 0.3411076099808187 0.43240954166349843 0.0914080243497292 0.13489315046753808
1 0.94155584902377 0.7859138750886909 0.11688830195245999 0.2741829094445286
2 0.19406324025747207 0.33234538826909393 0.08663870373287823 0.13017837939029936
1 0.9792955823846785 0.5861411340656815 0.04140883523064289 0.1768533914905479
1 0.8331737479648146 0.87585255297818 0.20179214529089187 0.1933419756031114