1 0.08089027353235975 0.9646357100859083 0.08562958279171565 0.07072857982818341
1 0.11609929626053121 0.8381351650834338 0.15699784253094826 0.22989994120271576
1 0.1916742203686744 0.6961357728399215 0.09187167451188501 0.16560506784239593
1 0.6290999025911972 0.9217521271477065 0.13600350405718978 0.1564957457045871
1 0.46291579504271513 0.8871276040248717 0.12295012499835245 0.22574479195025673
1 0.25034365705542405 0.9189381077564877 0.1592228157455871 0.16212378448702475
1 0.4562179614402207 0.6928281456344145 0.10143758928453739 0.17703389077317447
1 0.6124600531603901 0.7899974739922598 0.11108532467404082 0.193150213703953
1 0.24393437540209417 0.5599393232694627 0.09941143912238157 0.15038950361804454
1 0.30534698254353904 0.7692191480092636 0.1366307954530476 0.22571040818602892
2 0.28449909983454896 0.46918152645796607 0.08850121266133196 0.1513787935321364
1 0.5772883920411856 0.6531215937345352 0.08260576866768635 0.17136374491161738
0 0.5789212556787475 0.4783672551999243 0.08328760714144483 0.21042624491161738
1 0.35915995494739894 0.5878330291714995 0.0866932508107789 0.13723440637700665
3 0.2537655227248762 0.36297911408806566 0.15379102191409721 0.22504866689245623
1 0.3784870588457282 0.26414322365357557 0.03532957386326192 0.056489017412854545