1 0.3133004724798535 0.2882114874483855 0.06769656010845856 0.09102114767057934
1 0.3721305718159235 0.3319072557657512 0.06928633118569749 0.0957905348257091
1 0.6503368641667929 0.22621161295641193 0.04092498184962743 0.05369156603337348
1 0.7592260508368807 0.2826840202379296 0.04720225292686635 0.05870661465389251
2 0.825623210477801 0.2846017243309441 0.05039997579950324 0.07137038896415202
1 0.6459766170936593 0.28221595149102263 0.04567611436318479 0.06487472749876275
1 0.7211447887366321 0.31505278493725075 0.05355224687674198 0.07622166327441153
1 0.7986385296614458 0.3448874491161734 0.06453519867214012 0.08460737336031983
1 0.6584271409995684 0.40861135515449576 0.07244769262201593 0.1022043091359686
1 0.8358117976154267 0.4249367972617226 0.07550906010845856 0.09143058344622812
1 0.7453822403356385 0.45378109226419705 0.07710792154477701 0.09776247060135787
2 0.6622162580932276 0.6571716858871903 0.13074198165323558 0.18804663387576923
1 0.9375924662333375 0.46775946234515653 0.08180451190385654 0.09957063206674714