1 0.7953125 0.87421875 0.26875 0.2515625
1 0.2828125 0.0453125 0.02890625 0.0390625
1 0.26796875 0.06484375 0.034375 0.03671875
2 0.38515625 0.2953125 0.09375 0.128125
1 0.284375 0.09453125 0.040625 0.03671875
1 0.503125 0.13203125 0.05859375 0.05546875
1 0.45234375 0.1796875 0.059375 0.05
1 0.45390625 0.15078125 0.06015625 0.059375
2 0.17890625 0.125 0.03984375 0.06875
1 0.10078125 0.125 0.034375 0.05390625
1 0.0359375 0.14453125 0.0375 0.05390625
1 0.67578125 0.2015625 0.08125 0.0796875
1 0.13046875 0.08671875 0.03125 0.040625
1 0.075 0.08828125 0.03046875 0.04296875
1 0.78359375 0.3453125 0.12578125 0.09453125
1 0.9125 0.35625 0.1375 0.11875