1 0.2772718289236723 0.042839291295365386 0.033297178878243815 0.03942612667090889
1 0.21485371607880208 0.04200404463718318 0.03148901741285455 0.034720445337363445
1 0.20375576379480992 0.06009097330522857 0.03642217887824382 0.039462489337999784
1 0.2595299717330116 0.32178190396245626 0.09315021370395282 0.10883065467854491
1 0.3923302628902988 0.08210069127945703 0.04768722749876275 0.04583975867281791
1 0.391064334012055 0.1211541006126843 0.05434666327441153 0.053724984006999675
3 0.4881717073723748 0.05922790730427406 0.13303158525525038 0.11845581460854812
2 0.1893823253056277 0.14067790197327396 0.05384869629109836 0.07401930267345422
1 0.46784816203121615 0.19053026193509387 0.07515048620519008 0.06333634134309048
1 0.7871846602221938 0.23522240722473226 0.11733134215265544 0.09349655601527207
1 0.7770549864323326 0.35401786055859585 0.13172139077317446 0.09991018801718106
1 0.8595742373368438 0.32885368121423275 0.14035276232447202 0.11562609468490823
2 0.09183229590698554 0.06529718865372787 0.033870388964152065 0.0503636266709089