1 0.39753717631835506 0.8989775740624324 0.19468630698520065 0.17109150723608907
1 0.6118965328828997 0.13282587234426702 0.06456246974937904 0.08929487336031983
1 0.2811435200952802 0.6385900299644691 0.17479196350286302 0.2419019742194024
1 0.7544521924256242 0.1886553912274596 0.0960124576491305 0.12530761646291486
1 0.7292163639704012 0.2837565292871005 0.09919199980360816 0.13484639077317437
2 0.3662300297596417 0.21916059927720294 0.06933178298109563 0.1036030348257091
1 0.8507454094445286 0.08357838760941498 0.07391019867214013 0.08509869629109837
1 0.9273584273003136 0.22257561058562203 0.09459540339440445 0.1502257293077851
1 0.27858912919390766 0.19952752996446904 0.05349770472226432 0.06684666327441158
1 0.9642180778660479 0.6667450124400729 0.07156384426790438 0.25705558344622814
2 0.2713442557555366 0.16317727216255293 0.04100679508134393 0.06775406603337357
1 0.07101402029167193 0.5198754087518558 0.13218630698520062 0.16781602103089915