1 0.5387529069104459 0.19692300770734245 0.02209316861791084 0.037881829545304765
1 0.9158734222321481 0.37617945413332476 0.06133747579950324 0.06981366801906326
1 0.8772012867917246 0.44269875242904144 0.06610678903121965 0.0839579886359143
1 0.5359111279363711 0.9487450117678276 0.11783291549465283 0.10250997646434498
1 0.3600435195251147 0.9619932597392327 0.13172269867214012 0.07601348052153475
1 0.15697760685913226 0.9500233193990351 0.14121587334017516 0.09995336120192988
1 0.023288408088796248 0.9656795470779006 0.04571247579950318 0.06864090584419884
1 0.5306610674351291 0.7819974370904914 0.09318743949875792 0.17348413879807012
1 0.3829639108192707 0.7864513376596843 0.09626698770335995 0.1657261858759707
1 0.23594801025353668 0.8081063749983523 0.1151442527304745 0.1879284683433749
1 0.07166279645608604 0.8435239034085666 0.1275897105759968 0.17877165665497757
1 0.024964608951333622 0.7637858104705813 0.049929217902667244 0.16024775324641088
1 0.4136468051384889 0.6158757848997408 0.08527494554888211 0.15616027110331832
1 0.2836138714934634 0.6729870811668626 0.08515677088084708 0.1358477711033183
1 0.13900535344128667 0.6837455288139561 0.10572380093507645 0.1799523271096728
1 0.31225247678146184 0.5851967548679686 0.07408291549465282 0.11221935633066593
1 0.211466681601922 0.5842188616056717 0.07725336729005097 0.12008640340856651
1 0.327496202580965 0.5167058534879969 0.06460792154477701 0.09486821509696383
1 0.25256438027406214 0.5036779736183806 0.0645897408266178 0.09174321509696384
1 0.35989561212368953 0.4539837110364789 0.050463608313060425 0.08056025324641088
1 0.27397629284184877 0.4493586663942102 0.05201701795398091 0.07902502678536116
1 0.3523421873574586 0.40931609334172714 0.041052246876741985 0.07414661201270896
1 0.28670809699837896 0.4097331047058129 0.04571247579950324 0.06954093262955982
1 0.3119171752572102 0.37423198132901836 0.040988614363184704 0.06320911201270887
1 0.329300117977422 0.3409382402574721 0.042542024004105096 0.061673885551659244
3 0.3794501089022357 0.31602974350388296 0.071121541958086 0.14028980925276535
3 0.10125745208998568 0.5400676668012473 0.20251490417997137 0.3332603336024945
3 0.18755752469147616 0.3962824849824663 0.11202834308955412 0.18943642126547414
3 0.24343988602959876 0.32615694561520336 0.07270222267624522 0.14344208279171564
3 0.3008347503927834 0.26465242978689074 0.08828177088084707 0.13590231818121906
3 0.3542779129605701 0.21089223011120234 0.07076701795398091 0.07935230925276526
1 0.9824695280111257 0.6133033530776645 0.028679511903856536 0.0958034237011061
1 0.9741928988172182 0.8272431221523882 0.04296018052176755 0.13354888555165942