1 0.6735896271693586 0.3699903072717853 0.10735023531769165 0.16072220282385158
1 0.9368483754120301 0.7686250694124862 0.12630324917593966 0.3089611260225322
2 0.6598631133156196 0.22644489575158736 0.06712334160399784 0.13458560015828452
1 0.8556357239451522 0.029082847784016107 0.039974336641598995 0.05421613855894434
1 0.7435467545481139 0.20914608399396256 0.07987589867609249 0.10686977711788873
1 0.7985680866415992 0.029961037675743974 0.038193512820281585 0.049483174452321664
1 0.6606379011572917 0.12550452137840795 0.05178513192686936 0.07328438730530311
1 0.907200377997928 0.06122174637209031 0.052547111248705036 0.056142351411925806
1 0.8594178494618806 0.07669363367739343 0.04949488585581108 0.05761392319868042
1 0.8718108416039978 0.10762538493103466 0.05959763192686936 0.07351170783841651
1 0.868617375102444 0.17343224135752539 0.06842897642635144 0.09561402837152996
1 0.5470720148871961 0.22346831142842039 0.08107452564056317 0.09910274122451135
1 0.9644135645156926 0.20487480648036244 0.07117287096861488 0.10231866943775678
1 0.6995505438375282 0.05396449049959555 0.036922111248705036 0.05568771034569897
1 0.6435894882131757 0.028211984231389396 0.03499573821317572 0.0478297462390763
1 0.9953981989237615 0.46428089872108824 0.009203602152476975 0.1742558539192082
3 0.5894841850700226 0.04971988902116276 0.0661772717116218 0.09943977804232552