1 0.29284450971990966 0.24103626937458902 0.07736732878371626 0.08522952267663593
1 0.39438989309452116 0.22580271538827018 0.06821065260503385 0.08980793467536322
1 0.46808425827216754 0.18757655673136067 0.06791955417661058 0.08355793467536321
1 0.5802075767168017 0.11305890941276905 0.0499315334984459 0.06617044000636332
1 0.7015859629868973 0.2090537567631774 0.07973034946188058 0.10243520401018139
1 0.44309072043049547 0.08644986139399721 0.043244885855810725 0.056722714672181554
1 0.6104857739879334 0.25176742075108705 0.09310364474715094 0.12133065467854491
1 0.4741202425564019 0.12511291939845154 0.04851458271265781 0.0692772586728179
2 0.41874569189444805 0.07209646005727008 0.0483690334984459 0.0661522586728179
1 0.7729258079006641 0.3388599827736769 0.13620298138875028 0.17492836935072642
1 0.6521573895798646 0.3640316107574504 0.12966188296032682 0.1686056440165447
1 0.4781570791980011 0.072006100731997 0.038411836641599174 0.05354317067154524
1 0.9080648254784567 0.6093281187937214 0.14093333085063087 0.2764908693507264
3 0.8646660057909681 0.23205654678544904 0.22778266749223022 0.3305976613621805
3 0.6341866013239075 0.11212366542008692 0.12562935442427942 0.18261360001590835