1 0.587787726348366 0.6650872185617704 0.17622289627312887 0.30225609707395834
1 0.6692300914439436 0.41842846447770776 0.11606003460041112 0.166608231382639
1 0.6336520998097196 0.0634506769586453 0.039410009885831696 0.04774782218833336
1 0.7511393246380298 0.33675893075836744 0.11029019566510634 0.13993662860909728
1 0.5720036284786316 0.20095198337940925 0.0544911818249421 0.07307513050895835
1 0.6624004768054764 0.2700091482732981 0.07894735376405215 0.0986206443766667
1 0.6961666872621495 0.08154540710701332 0.04272601087441501 0.052508057370694486
1 0.7495145217488298 0.08577765900687437 0.04760451186299815 0.057304660144236144
1 0.7331984550566466 0.16513850389663134 0.06874468281352505 0.0780899388295834
1 0.5573243631555924 0.12856849031326342 0.044479511862997964 0.057231924961875034
1 0.5930881082126765 0.10427635192052034 0.039983012851581276 0.06181032218833336
1 0.4988115261974541 0.11272659118694403 0.03465884288963732 0.046076219414791675
2 0.8361152080223961 0.17681892667430485 0.08908635771838505 0.11758884992375007
0 0.5274339333078168 0.06670492315892318 0.04011034684397004 0.06493532218833335
1 0.5632759328135253 0.06352471856177036 0.02809050790866543 0.03811824905006946