1 0.07002821112036131 0.9504500133926805 0.05534677956950458 0.08215002678536117
1 0.10652002108793998 0.8121375357138149 0.1482706418516669 0.23365007142762978
1 0.1795122572342011 0.6697784862002824 0.09514133374611503 0.16558981818121907
1 0.6239686943711383 0.9216876339268062 0.1389641083532208 0.15662473214638767
1 0.451764054586386 0.8800486716708636 0.12392561331561965 0.23990265665827265
1 0.23052690942495024 0.9099321304785242 0.1676713052100677 0.18013573904295158
1 0.454585031841307 0.6761411290555421 0.10658825599585597 0.17671823295387146
1 0.6125859305173994 0.7835014358726754 0.1153468258882322 0.19716710064862325
1 0.2385147679875681 0.5287364748361967 0.1023716368892682 0.1532261858759707
1 0.2955054383752823 0.7467421810047068 0.1400214942090317 0.22413870373287814
2 0.2859655026860871 0.4413552516215578 0.09121581306795061 0.14834777110331832
2 0.03489315425766372 0.4307278486200282 0.035509468568468594 0.1255181972400564
1 0.5803448571103665 0.6275963092494701 0.08122438296032683 0.16846935633066593
2 0.12177026199171206 0.3518409638791479 0.08627144789030416 0.10923072402541774
0 0.4401691974760194 0.26606669967239316 0.06632282092583353 0.11668866801906326