1 0.7453125 0.05390625 0.03203125 0.04296875
1 0.6015625 0.28515625 0.065625 0.11328125
1 0.609375 0.1734375 0.046875 0.08125
1 0.7359375 0.3234375 0.08515625 0.13515625
1 0.77265625 0.08984375 0.040625 0.0609375
1 0.5453125 0.15546875 0.03828125 0.07578125
2 0.60078125 0.11484375 0.03984375 0.0703125
1 0.68046875 0.15859375 0.04765625 0.071875
1 0.83125 0.12421875 0.04296875 0.06875
1 0.53125 0.11328125 0.03359375 0.0609375
1 0.64921875 0.10625 0.04375 0.06640625
1 0.56328125 0.07578125 0.034375 0.05390625
2 0.64375 0.0609375 0.03046875 0.04609375
1 0.91328125 0.22109375 0.07421875 0.09609375
3 0.45859375 0.58125 0.21484375 0.671875