1 0.007001093261136923 0.9705172178878243 0.014002186522273845 0.0589655642243514
1 0.05182990384788816 0.8443508655584037 0.10365980769577632 0.2350854081860291
1 0.11389098635565811 0.6990626990046318 0.09506855913900916 0.16708568068726598
1 0.5390578445039912 0.9365787273851914 0.13838191149637408 0.12684254522961708
1 0.36885666046742593 0.8959719985296619 0.12461481803034938 0.20805600294067617
1 0.14932325641465 0.923301381162236 0.16367300992479744 0.153397237675528
1 0.3853122220876345 0.7062388704196437 0.10488020678164425 0.1769520036180447
1 0.5370865837506242 0.8105213359326189 0.11051377667402047 0.19751016508343397
1 0.17977931369163233 0.5623306608995623 0.10222608767505643 0.15343261646291495
1 0.22382460442878865 0.7768745177515388 0.1400214942090317 0.22867163387576922
2 0.23229219168956033 0.47736916270858465 0.08645553846084475 0.1494887449116174
1 0.5120588126581751 0.6752898428300239 0.08293243217453856 0.17424308344622813
2 0.04094063844170872 0.4184501068519764 0.08188127688341744 0.12498006784239593
0 0.43344593093619344 0.3453766135222388 0.07529971463952716 0.1442280348257091
1 0.3860636627392283 0.3201818617132165 0.043608758891340124 0.06619156603337358