1 0.610160651288624 0.14655881895026776 0.03699538896415202 0.051000210345698974
2 0.6764850141334942 0.14306409441880383 0.042256099050060315 0.06207410266556703
1 0.16315941429046438 0.7244878714701855 0.158673394391219 0.1996315901291549
1 0.6490051452957302 0.2009818944979461 0.04694359905006031 0.06221049498543509
1 0.7621392311168075 0.12022833650124501 0.041601001809022264 0.049574102665567034
2 0.4685794973980082 0.5653723180923379 0.10900094301173802 0.20442673871722902
1 0.376736156149864 0.49997229011651945 0.10539790818602893 0.13567673871722885
1 0.736747484734852 0.21798988658038732 0.05845430913596843 0.07346624373179385
1 0.6696285837849123 0.28097327137840794 0.06535940637700648 0.08614810015828453
1 0.7976883067611193 0.20135030436879137 0.05796298620519025 0.06409124373179384
2 0.4170358502932558 0.2984947066512823 0.06469766508343397 0.10329013605166182
1 0.7373627176606817 0.40888767122012337 0.08385710085908257 0.11164820533113406
1 0.8404943617132166 0.3761540760764038 0.1076155054270668 0.14822220282385157
2 0.922170407620202 0.3072700322654677 0.09429663387576923 0.1322334899708702
2 0.5048047659425164 0.19657084230723276 0.0442280348257091 0.06993206677218974
2 0.35225297602842476 0.21196382475625555 0.040693599050060314 0.06202863855894432
1 0.9495717113291036 0.23292325013301401 0.08172139077317411 0.10066524122451134