1 0.76015625 0.1773310766993404 0.040625 0.05227161201270887
2 0.65703125 0.20443727312861792 0.0515625 0.07590002678536116
2 0.19140625 0.22912225852141663 0.1125 0.17227619480442452
1 0.6625 0.30609523051494414 0.0609375 0.08543866801906326
1 0.37265625 0.2861922390396561 0.0734375 0.09346935633066593
1 0.746875 0.3185055016182625 0.0671875 0.08711026217486459
1 0.82109375 0.3377697447184037 0.0703125 0.08560230925276535
2 0.284375 0.1744950340889619 0.084375 0.12959777110331835
1 0.88125 0.2966322759679917 0.0625 0.07452844155801355
1 0.659375 0.45604068343704346 0.1 0.14549550649282175
1 0.43984375 0.1397087512145207 0.04375 0.057013659090609535
1 0.396875 0.12333372889338637 0.0421875 0.05229888555165916
1 0.9609375 0.5995857264544591 0.078125 0.13573867694751698
1 0.85 0.9764041818154856 0.125 0.0471916363690287