1 0.3634139927593594 0.6869487533815887 0.08433973201781733 0.13221361067790854
1 0.4188185607494962 0.6149470313892247 0.06513519867918127 0.0929329346753633
1 0.40797087273231514 0.48827544338795204 0.05550566000954511 0.07094884667409058
1 0.45945155673136073 0.4818441773949518 0.06022952267663584 0.07412839067472703
3 0.389832136775904 0.8061420066836356 0.26548283338636125 0.387715986632729
1 0.588159454089723 0.6676918654121328 0.07329314401654478 0.12271134134309047
1 0.3508310820734966 0.5454152340467706 0.05561474801081765 0.0803238466740904
1 0.5131134534134054 0.5957345020687241 0.05890338001272681 0.0944227093411815
3 0.6379674554025877 0.5175105994191325 0.10890447469763487 0.22936133068109027
1 0.6702617873965425 0.47336115742358675 0.044513616008908664 0.0661340773392725
1 0.6666549820575882 0.4319185447564958 0.041243165340545215 0.05359771467218159
1 0.5716515647278608 0.45737198341022367 0.04296929734245403 0.06767839600572714