1 0.15578158481701526 0.64453125 0.20126603977100474 0.2515625
1 0.7829290969951751 0.23046875 0.04799321509696384 0.0640625
1 0.5431904870110612 0.28125 0.062437544642268604 0.0859375
1 0.7299774208584371 0.28515625 0.06238299756436803 0.0828125
1 0.8418831314911742 0.340625 0.07844437418757337 0.1078125
2 0.5013790880667214 0.21328125 0.0640000446422686 0.0859375
2 0.3917489435866085 0.15390625 0.07213982710967279 0.1046875
1 0.5947472585214166 0.19140625 0.05437958279171564 0.071875
1 0.7601418023496112 0.62578125 0.13433190990138844 0.1765625
1 0.5015506375802541 0.13359375 0.04314207386326192 0.0546875
1 0.5611029155834313 0.14375 0.04311480032431163 0.053125
1 0.618901778813956 0.14296875 0.038318206168510116 0.046875