1 0.3281951184684013 0.6439103959900053 0.09918290944452864 0.13270980024766904
1 0.3995933954975685 0.5882554013666887 0.0818772347764936 0.11159677956950453
1 0.41526436817381374 0.4453765425991831 0.06132838544042354 0.07002570967712848
1 0.4636836874556545 0.44624552977890153 0.06610678903121965 0.0858690334984459
1 0.3493621122218854 0.4960893260976292 0.059865879390299345 0.08714043507002263
1 0.4516457331261736 0.7701560647250897 0.11191925878059869 0.17391699710451575
3 0.6875423265103153 0.7661983490521052 0.33984531264254125 0.4188443151348652
1 0.6532178443661003 0.6248670277119869 0.08351245764913066 0.12416955417661057
1 0.5685433833973201 0.5460207437992561 0.06621587334017516 0.1046190334984459
1 0.4827649646812134 0.5226795971900783 0.07401928298109546 0.1034204065339754
1 0.6064797206331417 0.46927415322871563 0.04882838544042354 0.06944351282028158
1 0.6437070098607532 0.5144025626581751 0.059865879390299345 0.08714043507002245
3 0.5771285639190876 0.4128443707637269 0.09921018052176755 0.13739730024766902
1 0.6683666422761148 0.43749330624803423 0.04258747579950324 0.07071491439185813
1 0.7067160699692118 0.42399157837394075 0.04094316256778665 0.056579639784752264
3 0.6608495789462022 0.38707592928356355 0.08498405405833438 0.10861732878371626