1 0.5896351926220159 0.10871962418427819 0.040861349336070066 0.04133411201270887
1 0.6143357316532356 0.19195486403800843 0.05041815651766246 0.07274775324641088
1 0.36194198467829775 0.17895643749752854 0.04725679508134393 0.06644320616851021
1 0.43510677390590924 0.1333632938281945 0.03627384328594587 0.058439791395857824
1 0.48806814744247606 0.10616559415250607 0.03313066256778665 0.055260244317957154
1 0.6077090026322787 0.2613633831127319 0.07092155405833438 0.10591480925276535
1 0.7811970204880637 0.40734585916674443 0.11341812626704133 0.15977619480442443
1 0.46905907220870696 0.06130706168510199 0.02996021077238851 0.04739319724005646
1 0.7212549148072818 0.5773759411476812 0.14504992134838535 0.2259466655834313
1 0.49646190954272457 0.07194059861673294 0.02210225897699054 0.03944432954530477
2 0.4549011234383711 0.044655349834548934 0.03312157220870695 0.05369774431795714
3 0.9215755390312197 0.3949840012112254 0.1568489219375607 0.4293171274339843
3 0.705119812937129 0.22088047929712817 0.14365104781181834 0.2540443920444809
3 0.22866289382823882 0.4992535263783241 0.2670259570599554 0.5139842280826074