3 0.05253985248920122 0.46931701582831253 0.10507970497840244 0.17074096834337488
1 0.107057166225069 0.533851074270299 0.10250936379145843 0.10955800649282174
3 0.35652918294256897 0.5857236712687695 0.5259910699072227 0.5214729943146619
3 0.7967339960128467 0.6967416229763481 0.38500239399541697 0.5033933758091311
3 0.23460355081808998 0.38871407792374696 0.20781641926229177 0.20510806006354426
1 0.40166311103857605 0.4248446724865854 0.11987870174736112 0.11767051542127546
1 0.5598386337399996 0.4400451582831259 0.15494468597979177 0.1479580332781829
1 0.7601107374634719 0.45841550852800717 0.19160953780340292 0.17983532467404081
3 0.8788990646857983 0.3540398798762069 0.23100065254479177 0.26173988960884903
1 0.635184779066597 0.3903121651829847 0.14996624525034719 0.13537621266133204
1 0.45729616840927056 0.38326509862332353 0.1151912017473613 0.1175886948044245
3 0.31908830680201355 0.3489736935899038 0.20908797853284736 0.19263533360249455
1 0.940906142573715 0.4747830280097678 0.09854921561506984 0.1407261858759707