1 0.6355462277568785 0.11663726420016421 0.03328734387822045 0.05054547077900677
1 0.6536131368444076 0.15291568343704348 0.04141817885919252 0.05849433847375849
1 0.5902828073006431 0.13382871834007953 0.03347834486680377 0.055232970779006775
1 0.7124615548291852 0.14768844114768123 0.04285334486680377 0.05539661201270887
1 0.6670097919776039 0.20787591882654688 0.0553825197716634 0.09465002678536116
1 0.6066651995822581 0.2498219111159091 0.06501218775644109 0.10106366801906326
1 0.7617201141069946 0.26269187824146795 0.06931768577927463 0.0917704886359143
1 0.6241498354380826 0.3963247642001642 0.08653436068413445 0.13110572402541773
1 0.7546185854380825 0.39860210470251756 0.0994163626613009 0.14069891233702042
1 0.8726576837277463 0.7251118319743461 0.1858233893530464 0.26867963636243813
1 0.9440445468833387 0.5848510706102605 0.07294670456235508 0.1808329886359143
1 0.31468328802327117 0.2204893725627204 0.05774351581733086 0.07595457386326192
1 0.19443847771969752 0.5045313616056717 0.12036553262324476 0.1566784683433749
2 0.37900577319452355 0.291974634737585 0.07591519566510643 0.13872730925276536
1 0.45132248908840394 0.4550706984545771 0.08748936562705048 0.15454322402541756
1 0.3894087153995889 0.17097634212391116 0.0539818458553869 0.06027502678536125
1 0.5039367890118542 0.2191019707757115 0.04999468281352506 0.0773807061685102
1 0.45458538783299074 0.14475080722087513 0.036730678859192525 0.05841251785690749
1 0.5136884738025459 0.13327356493151288 0.04154551285158128 0.061619338473758486
1 0.5220885642207252 0.09980254585678941 0.03140650889724857 0.04270569724005644