1 0.736712264045156 0.6916351660060374 0.16262830678880888 0.2953078029821361
2 0.6800294302271799 0.34707517227424367 0.09325107201231528 0.18549488229073816
1 0.6627686864736958 0.19972279915470545 0.06777837334017515 0.10351745658477526
1 0.5401119155928488 0.06180159883813633 0.04100679508134384 0.0668070667721897
2 0.6159431625677867 0.07260035800933637 0.05058178298109546 0.10145485141192581
1 0.7714624304235717 0.2200700545649818 0.0788431383672897 0.12571070533113407
2 0.833734650565734 0.04847385088320038 0.05496930113146803 0.050028743731793834
1 0.5550652707826512 0.21533577579774046 0.06465337334017515 0.10342652837152988
1 0.5899982861043535 0.04372520025006212 0.03624657220870695 0.05417067445232167
1 0.9012312227744411 0.10355380746797567 0.07238406010845858 0.08959134890464333
1 0.6751454457452739 0.044640494060998244 0.04716589149054773 0.051363923198680425
3 0.4830276860809124 0.4538239627864744 0.22480209562363687 0.5095809031404208