2 0.046611614765616274 0.6874278220082723 0.09322322953123255 0.24511360001590835
1 0.6076540264691327 0.21186912675045072 0.03833906203449331 0.051980670671545236
2 0.6509888035574379 0.170944682089405 0.038630160462916764 0.058230670671545234
2 0.30718302977890155 0.4702334207113161 0.08013276385373888 0.14460452267663584
2 0.2983624555432992 0.3239578573758617 0.055637877997927986 0.08809998400699967
1 0.23659020161435781 0.3076056040340439 0.05818068114108117 0.07563634667409058
1 0.7066501445422633 0.28493500409767736 0.05512845574818712 0.07716248400699968
1 0.3889874555432992 0.32501237472149747 0.05527400496239876 0.08028748400699967
1 0.3623393724163567 0.2426265887173613 0.040192660462916766 0.05824885200509069
1 0.790864632755439 0.23901452410881321 0.04673375889134022 0.0645715773392725
2 0.3032190835412273 0.2364669480426344 0.04226458271265772 0.06920453333863605
1 0.4162820097199097 0.24247259472467916 0.045171258891340216 0.06455339600572696
1 0.6576753354032541 0.4469531987587231 0.07377144789030403 0.10861247867599957
1 0.4985166209686147 0.18871234273549684 0.031725188998963996 0.04409544533736347
2 0.4475363178254616 0.17561235872849715 0.04262845574818712 0.07701703333863615