1 0.15859375 0.175 0.06171875 0.06875
1 0.26484375 0.23203125 0.08046875 0.078125
0 0.71171875 0.41328125 0.24140625 0.29296875
1 0.4359375 0.3546875 0.09921875 0.128125
3 0.45390625 0.20546875 0.2125 0.18515625
1 0.8328125 0.33125 0.10078125 0.1109375
1 0.8578125 0.29140625 0.10390625 0.1
2 0.53046875 0.4609375 0.12421875 0.1796875
1 0.76953125 0.22578125 0.06953125 0.08125
1 0.7203125 0.24453125 0.07421875 0.0796875
1 0.87265625 0.7203125 0.19921875 0.190625
2 0.77109375 0.3484375 0.084375 0.1
1 0.68125 0.8390625 0.16640625 0.23515625
1 0.70234375 0.18046875 0.06328125 0.06875
1 0.58671875 0.2015625 0.0625 0.0984375