1 0.5203125 0.35078125 0.06796875 0.0890625
1 0.11171875 0.49921875 0.11640625 0.17578125
1 0.77109375 0.32421875 0.05390625 0.07421875
1 0.73671875 0.390625 0.06796875 0.10390625
1 0.13984375 0.6953125 0.15546875 0.221875
1 0.62734375 0.4046875 0.06484375 0.1015625
3 0.3484375 0.478125 0.15546875 0.36328125
1 0.16015625 0.378125 0.08203125 0.1203125
1 0.82578125 0.61640625 0.13046875 0.190625
2 0.928125 0.53515625 0.096875 0.171875
1 0.6765625 0.6140625 0.10390625 0.15703125
1 0.28203125 0.3546875 0.05390625 0.0984375
1 0.25703125 0.31875 0.05703125 0.0796875