1 0.8703125 0.7835645027848127 0.259375 0.3311431013685439
1 0.09609375 0.13236815201304486 0.034375 0.03789998933799978
1 0.1140625 0.11538973734881748 0.034375 0.039462489337999784
1 0.17578125 0.08798290002386253 0.0375 0.04574885200509069
1 0.23828125 0.5207414033656803 0.13125 0.16558973201781732
1 0.16484375 0.14957438068904444 0.0484375 0.04900112133990877
1 0.25703125 0.14595957936822565 0.053125 0.05218066534054513
1 0.16953125 0.32541017468968075 0.084375 0.09941929201145401
1 0.2671875 0.16951525803627104 0.0484375 0.05212612133990877
1 0.05078125 0.24277839334022694 0.0546875 0.06626134667409059
1 0.3875 0.2045089707192703 0.0765625 0.07276588534372683
1 0.4578125 0.18110838072881533 0.0796875 0.08217724801081765
1 0.50703125 0.1558998427354968 0.075 0.07899770401018139
1 0.5546875 0.12754812340863292 0.0796875 0.07436474801081765
3 0.0171875 0.1853562446689999 0.034375 0.12696248933799978
1 0.0609375 0.18820907200827236 0.046875 0.056795440006363315
2 0.7515625 0.18374522143535893 0.140625 0.12976132001909005
1 0.81015625 0.31802077144331314 0.16875 0.13633858402290802
1 0.90078125 0.2768877887889489 0.1328125 0.13435791335136288