1 0.18213891441449834 0.8345478471997548 0.22040444535249043 0.29711573663405877
1 0.7521311683233233 0.27575927823332347 0.044122704722264317 0.06661064732681173
1 0.2384686441228264 0.31456854714328514 0.08184996369925476 0.10785727360693613
1 0.6888226472460843 0.2673860651356136 0.0441136143631848 0.06504814732681172
1 0.3810424843837102 0.38925627595542334 0.08671927088084708 0.1393802893919517
1 0.811606162273199 0.29640497817685374 0.048801114363184794 0.0653211631118273
1 0.7856299904338344 0.3956391387284323 0.0645897408266178 0.09435621572854584
1 0.8685374183233232 0.2825391702278762 0.050372704722264315 0.06697466837349922
1 0.7083271470496927 0.3981656282756758 0.07239315046753828 0.09324874203690507
1 0.8362754059284873 0.5094888071019315 0.09127041549465283 0.11621580517696728
1 0.5499010478118185 0.28350534684681905 0.05200792759490121 0.07956567363517104
2 0.9164305385402404 0.46026932807803167 0.08351245764913066 0.12513577886860805
1 0.7368849808676687 0.7426814677240973 0.13234084308955402 0.19514444198043535
1 0.9705311894987579 0.4463125148673823 0.05893762100248416 0.0957367052052021
1 0.5221436864736958 0.21081900476756169 0.03937157220870695 0.05540013154179615
1 0.46973630396013855 0.19683282850155473 0.04252384328594587 0.06026964206513989