3 0.89140625 0.2484375 0.06953125 0.159375
1 0.059375 0.540625 0.11640625 0.13359375
0 0.79921875 0.28046875 0.08515625 0.1609375
1 0.73046875 0.2796875 0.046875 0.06875
1 0.33515625 0.4734375 0.12421875 0.1515625
2 0.32421875 0.340625 0.08515625 0.0890625
1 0.4359375 0.34453125 0.071875 0.08515625
1 0.57265625 0.73125 0.153125 0.221875
1 0.78359375 0.7484375 0.11484375 0.21640625
1 0.959375 0.83203125 0.08125 0.25546875
1 0.3171875 0.85 0.2125 0.259375
1 0.60078125 0.23671875 0.046875 0.0515625