1 0.27611432061586594 0.36769076738309003 0.07781701201463562 0.10959451196784738
3 0.0645057533020469 0.699998693579236 0.1290115066040938 0.48437761284152786
1 0.2294285825907308 0.553883493731736 0.11293744668999892 0.1744570989738195
1 0.3086331825668682 0.7277736289903469 0.16379196936663484 0.24905836189159736
1 0.2937478106301835 0.26184015767569424 0.06193747334499946 0.0873558360560418
1 0.34969836596913784 0.21914285818878443 0.05092724801081765 0.08085126291777778
1 0.565741536640683 0.1781866306058676 0.04287839067472703 0.06035692496187504
1 0.4056392832988652 0.2443961249062844 0.05868520401018138 0.07634560087368066
1 0.4570386986394103 0.1900891781929163 0.0460579346753633 0.06511716014423614
1 0.6343637199634108 0.25469327279833276 0.0684056493475449 0.10625130642076393
1 0.38060346797422845 0.18093369016076358 0.04131589067472694 0.06032055737069451
1 0.4754165286441829 0.15451470089433988 0.036501121339908946 0.04927395459715278