0 0.2798387782229684 0.08351089500658919 0.17426093393541642 0.1587942587805987
1 0.3269369783156356 0.18868420833650162 0.08408731252120454 0.08172269867214013
1 0.24147319346924528 0.1532512232654204 0.08441469473518967 0.09109769867214013
3 0.47841019827856873 0.1456240338648583 0.27816967313564317 0.22657263212077386
1 0.44910958947822854 0.24655527478967199 0.10656251324684388 0.09903746369925477
2 0.34666663575736417 0.2276239884889268 0.09304565027015244 0.11458065046753826
1 0.9566790089008567 0.4295020466524778 0.0609970421027846 0.13626475292686618
1 0.9374007300449161 0.46710658578189335 0.0969345421027846 0.1364738311856975
1 0.40581096806401656 0.3233541241257421 0.1167559687818068 0.12252950585373253
1 0.5966046044543529 0.42925362442032966 0.14386410580511538 0.138309041958086
1 0.8878422180640164 0.32054974834968003 0.10839783175849789 0.10685905405833437
1 0.7769692054501449 0.29698095902387267 0.08441469473518967 0.09109769867214013
3 0.8010391333102935 0.39057187773997937 0.3592063967267734 0.35514305971567506
1 0.4867831711519086 0.465041654376363 0.14117561542376222 0.15079086123992677
1 0.7444245124442357 0.6697508385123678 0.19275796279135698 0.1963942527304745
1 0.8243724843060853 0.25921279343102394 0.07950893992586643 0.0848204275949013
1 0.7153174320364999 0.20595195892567678 0.07493056733052797 0.08791815651766247
1 0.7868104861201839 0.2164713024080144 0.0730952488188736 0.08009656615858277
1 0.6481248874018266 0.8327780793389857 0.2163244375636136 0.24495901775758924
1 0.8551164426666371 0.9221804260427771 0.11444942431676956 0.14594882513557295