1 0.1882519358536368 0.8827239687923356 0.20186488342154751 0.23455206241532878
1 0.2329529877170724 0.7426765801668677 0.12438187056996623 0.18270403663473136
1 0.7256882688574423 0.9057503298839542 0.17377437551288216 0.18849934023209158
1 0.547340434370762 0.8855191774079059 0.171187886387297 0.22896164518418835
1 0.33856761224137133 0.932666415083434 0.2012335306460784 0.13466716983313204
1 0.49831139087310233 0.6926577272716201 0.13732753954332697 0.1942966338757694
1 0.6750449872227808 0.7635068950685875 0.15247237847863176 0.2215961182719372
1 0.25643295558811924 0.5918886861143331 0.13337486859279987 0.1738203595655099
1 0.1257984264249156 0.4470564637039528 0.09932352076024667 0.10343261646291495
1 0.052242862698481884 0.5359717995250302 0.0655215237259962 0.11569359905006031
2 0.1001007480600147 0.3903594063770066 0.10209569368794011 0.13320200361804463
1 0.3751935899610689 0.4453146585247131 0.09552735870696819 0.1250619549975255
1 0.18103773026551756 0.3104063127540132 0.061985346843970036 0.06717421189493056