1 0.6705196367727705 0.44884818321250497 0.20850579545304768 0.2282834735308672
1 0.3127770949698755 0.3273414801504051 0.12646486282348768 0.17918669396136275
2 0.3587749821430925 0.021064786084343867 0.046130706168510206 0.042129572168687734
1 0.0710237918028949 0.1348608434660247 0.057613676947517 0.0807448858558109
1 0.14966698904295136 0.10153461311073184 0.05435230925276531 0.07278683664159917
1 0.4266522288966816 0.06443475765299508 0.06677048863591431 0.06868153349844601
1 0.4499164050334198 0.11799425124285427 0.08258640340856668 0.08034677956950462
2 0.5179999776788657 0.03144361011280382 0.0827227711033185 0.06288722022560764
1 0.12942348377124088 0.724627510753367 0.16543763392680613 0.26530828453190336
1 0.556425503653448 0.09820182795965597 0.10648755357072251 0.10800089867609244
2 0.7469823198060721 0.09322957589274138 0.10360801542127547 0.12191784946188074
1 0.01983521306836905 0.08030393010762385 0.0396704261367381 0.05501713978475229