1 0.8897150519006166 0.6180617311425577 0.22056989619876682 0.33324221741393634
1 0.7558585885153752 0.7853977642600939 0.2705458992388781 0.3230050543720745
1 0.3886844511023139 0.14771466943047126 0.06373884783255317 0.07123301285158128
1 0.3023795365775775 0.16140443771926 0.06185801285158128 0.0633568458553869
1 0.3195948473754427 0.4494628532325796 0.14520370653952136 0.1946651956651065
1 0.29664814281308766 0.27041202319452357 0.08050985376405233 0.09999468281352515
1 0.548311460493854 0.18581555281483775 0.08800401878308026 0.09250051779449713
2 0.6877586210642578 0.1511792731573425 0.11564885771838504 0.12014535672980178
1 0.10016973224268391 0.3073721482131141 0.07088018577927468 0.09336268083635879
1 0.6683003083264073 0.24979052810025837 0.14115819368794008 0.13366402866891205
1 0.8316677885547439 0.1492281595074585 0.11501218775644091 0.10452035672980182
1 0.16787454399195126 0.2020997163881721 0.05755251482874764 0.07254084486680376
1 0.9177193295809456 0.3405760596977389 0.16229836463846717 0.15480419961943923