1 0.4296875 0.5070286206787626 0.0609375 0.08146060015828453
1 0.48203125 0.48988057310690286 0.0609375 0.07833560015828453
1 0.3734375 0.5688215785171792 0.0640625 0.09717652837152997
1 0.45625 0.6070369808661772 0.0828125 0.11022209765100222
3 0.3578125 0.909119969583406 0.259375 0.16848454169936494
3 0.4203125 0.7268326553184987 0.3421875 0.41620663935036717
1 0.60859375 0.5955729804704657 0.06875 0.11137542069139812
1 0.6234375 0.5076410714575502 0.05625 0.07976170783841638
1 0.446875 0.5416847655059132 0.0703125 0.07704588479802066
1 0.64375 0.4570500380714554 0.0453125 0.06225595909205772
3 0.55 0.4535278844688163 0.1078125 0.15469952335696496
1 0.69609375 0.42271449049959553 0.0484375 0.07640938730530315
1 0.678125 0.38573732772575636 0.040625 0.05586956677218975
1 0.71015625 0.3730865635399915 0.034375 0.04787521034569906