2 0.5162027586824028 0.24557687129399347 0.01894089754067192 0.03324891109416672
1 0.4278781404103933 0.7731368672099309 0.11992265632127079 0.20432643692972227
1 0.6232133663080923 0.7815890661075006 0.12464651775758924 0.21068553970326392
1 0.4538356106507516 0.5354920500555906 0.07418290944452863 0.12983427678548623
1 0.5319050267345796 0.259221797205799 0.02050339754067192 0.03328527868534721
1 0.503557833817976 0.3546427467689588 0.04252384328594587 0.05879442496187508
1 0.5710084333504379 0.26716223698531294 0.02521816861791084 0.03808188145888884
1 0.5775038730455876 0.30949520735003516 0.03462043969514959 0.04298758700597229
1 0.6894594932625047 0.48707730632385476 0.07557269262201594 0.10018314437666671
1 0.45449764422102223 0.2464841014423615 0.018904536104353654 0.026998911094166723
1 0.4747510568870048 0.23680063012770872 0.015761355386194255 0.023801175911805573