1 0.43244670450533274 0.5407723818285197 0.07457196856846852 0.12700042069139794
1 0.6337950729927481 0.32427651827589304 0.03372433664159917 0.05403428213245363
2 0.44419322559778196 0.4077014690546806 0.06497864474715094 0.12204013605166182
1 0.5613187212545558 0.5772902065182682 0.08572779238978612 0.13200616943775678
1 0.5400151478475228 0.42141227955866417 0.05661818114108108 0.07654577962517113
1 0.5223503047957829 0.34365935259906 0.0369948858558109 0.05725021034569897
1 0.45202068817039454 0.35799698574772804 0.03855738585581072 0.0572956744523216
1 0.4566332595105127 0.32302259217421875 0.03499573821317572 0.04782974623907634
1 0.5170784538861601 0.29747467438581465 0.031725188998963996 0.044613818025830906
1 0.8146385820889759 0.7898513571514065 0.1366396290313851 0.18654055674305994
1 0.46500653163641914 0.28503685886726615 0.02852741439185813 0.04296038981258556
2 0.8173010858130297 0.3779878546441241 0.04077485731976367 0.07140363855894431