1 0.7484808155591367 0.25073272676635905 0.045554694681858264 0.05830339600572705
1 0.7877477128859484 0.294909988104677 0.05207771046687384 0.06306362133990877
2 0.8432164628859484 0.29555542544554025 0.054095236775233244 0.07089430267345423
1 0.7380963233810572 0.32712250409767735 0.057220236775233246 0.07093066534054512
1 0.3102289286144942 0.35337263737268 0.10608194198043534 0.132395424013363
1 0.08490197589895367 0.43897214067472684 0.12794153142885675 0.1591942813494537
1 0.8792071707925736 0.28348268678385824 0.040503173635170954 0.05199885200509069
1 0.817017254908736 0.3819105487746314 0.07375528939195171 0.08673747867599957
1 0.7442699996470642 0.3795026167647682 0.07586382096198285 0.09613066000954502
1 0.440318976040128 0.2947708913908155 0.07357327886860805 0.08361247867599957
1 0.568701581273565 0.32749357940799656 0.06741428413027997 0.08510225334181776
1 0.32742486291418327 0.259886266709089 0.08385833148532651 0.09934656667727229
1 0.9074000602268775 0.32518892878735806 0.05033319994353036 0.05992044000636332
1 0.9095533654038448 0.41577756612026723 0.06999325256024883 0.07576361600890866
2 0.921727870736104 0.34331222012249435 0.0687037683452644 0.0804329346753633
1 0.7346128205384599 0.5488066000954502 0.11260495776545092 0.1371556493475449
1 0.9438667231975305 0.5223548301240852 0.10691639988706073 0.11991360534690845
2 0.6139392155873715 0.21949981341499628 0.05418624203690499 0.07245680267345422
1 0.5834858761389501 0.19260095874440553 0.04059417889684287 0.05356135200509069
1 0.8966772649379695 0.8997214733847704 0.185632205064028 0.2005570532304592