1 0.6035421147559681 0.16518467096478603 0.03940793364502539 0.06142217887824382
2 0.12561904343102395 0.8267561725466657 0.22849874648395857 0.34468613749381377
1 0.6950165424490653 0.14867552238969553 0.03776362041330898 0.04727779172311406
1 0.6682631449083933 0.1828801040269013 0.039389752926866174 0.058297178878243774
1 0.4466870849963264 0.41161369290019634 0.07403746369925486 0.10697369629109836
1 0.651883645104785 0.3133864755781989 0.06149201190385654 0.09850609905006032
1 0.7883024132551577 0.35778384950434555 0.08668290944452864 0.13262879353213633
1 0.7991358950065892 0.24084533299600216 0.05823065651766228 0.0749048247398008
1 0.3311080576725717 0.27552678595736285 0.040997704722264314 0.06619156603337358
1 0.6879978862259905 0.41536837743264965 0.07410109621281205 0.11791119629109836
1 0.8695483889564649 0.2199729110151633 0.06449883723582132 0.07835737336031982
1 0.48944325331964966 0.17741243328925793 0.034638620413308986 0.04711401741285455
1 0.784331488979906 0.6375941802370402 0.13394879488495234 0.20227290818602875
1 0.9357223139190877 0.390670513344584 0.10070904800821019 0.12711577792830414
1 0.947449112516473 0.6571619725259812 0.09795675273047451 0.19101450361804453