1 0.10703125 0.58359375 0.11328125 0.16640625
2 0.62421875 0.171875 0.03046875 0.05546875
1 0.38046875 0.709375 0.11171875 0.20703125
1 0.20078125 0.7859375 0.1375 0.2203125
1 0.23203125 0.39921875 0.06953125 0.09453125
1 0.67890625 0.1796875 0.028125 0.04453125
1 0.73515625 0.18515625 0.03359375 0.0515625
1 0.465625 0.36796875 0.06015625 0.11484375
2 0.7015625 0.23984375 0.03984375 0.07578125
1 0.40859375 0.30625 0.046875 0.07421875
1 0.77265625 0.3890625 0.06328125 0.08515625
1 0.49609375 0.26328125 0.03828125 0.06484375
2 0.46171875 0.20390625 0.034375 0.06484375
1 0.72734375 0.58515625 0.0875 0.1296875
1 0.41015625 0.18984375 0.03046875 0.04609375
1 0.94609375 0.63125 0.10703125 0.16484375