1 0.023195042841848756 0.9365687590751863 0.04639008568369751 0.09561248184962742
1 0.06677284690018315 0.7925687742004968 0.1335456938003663 0.22736245159900648
1 0.14541443472517998 0.6530381207078965 0.08844539734428025 0.16300906010845856
1 0.5603207754770431 0.9084280400131786 0.13227721057599684 0.1773260901626877
1 0.39574064589035196 0.864074572896078 0.1154987767345796 0.2475385962128122
1 0.17838042906783924 0.895025632808145 0.15892152380771335 0.19154312626704134
1 0.4125610281093217 0.6585149193052818 0.09943743949875791 0.17244769262201592
1 0.5588315192305272 0.7615666755517978 0.10735902380771342 0.1912431444174139
1 0.21262063632418635 0.5151517804470128 0.09461358411256367 0.14898292154477702
1 0.25279059748935834 0.7274108859314029 0.13096015027114652 0.21950449980360834
2 0.2694069675098838 0.42263702752014654 0.083621541958086 0.13954428903121965
2 0.049380813820891746 0.3747000181503726 0.06627041549465287 0.11131929508134393
1 0.5375115520152309 0.5320109857584523 0.07111245159900648 0.13790906615858275
2 0.1544410185431561 0.3100284640920382 0.07244769262201593 0.09885565651766245
0 0.3768205334720748 0.2220188831027325 0.06619769262201594 0.09881929508134393