3 0.08702127332882692 0.9097557133195462 0.17404254665765384 0.15861357336090762
3 0.23803066870483797 0.6305665579646835 0.25639390997361733 0.45436242536599847
0 0.4625396285009701 0.3960171932686394 0.09319447241000382 0.20881247334499947
1 0.03261651552427861 0.8783699006604093 0.06523303104855722 0.21513519867918127
1 0.45052575653860394 0.2704268472708665 0.04280754809323426 0.0629727146721816
1 0.5732638520921002 0.2666558625875491 0.05498016587924912 0.05374316534054513
1 0.7058953028177397 0.24793203990295903 0.05536211179556503 0.06468066534054513
1 0.6159523490968754 0.22945530724859484 0.04253472958158007 0.055160214672181594
1 0.6708828965571374 0.2889479385741861 0.05547123920022692 0.06780566534054513
1 0.18566215917100912 0.318802901973274 0.06953373920022683 0.06796929734245412
1 0.45709570426901847 0.2164660532702302 0.03768353847458741 0.050418170671545234
1 0.7919815918404811 0.39921218189055047 0.08436013103285873 0.09000792934436311
1 0.37016118865992187 0.1565648892823205 0.040481156260602266 0.04107953333863614
1 0.9453793441179158 0.8816054165340971 0.03311014427970278 0.18780908267027244