1 0.12247757200090215 0.77805117998091 0.17722103590354185 0.2316874466899989
1 0.49976611740374927 0.8095887972629123 0.23180073955076425 0.2948056120305441
1 0.6674296621410065 0.6194075979074134 0.1896119331300003 0.22714539735836253
1 0.5719230192829512 0.32684847525464 0.08165134992375016 0.08530224801081765
1 0.4264429458603468 0.53707854527373 0.12384015634451409 0.15296246268299923
1 0.14372136483829817 0.5364631166454555 0.09680487765916679 0.13234088001272665
1 0.31069196571197877 0.4767233952896383 0.10810605357097228 0.1480931493475449
1 0.7576247831506595 0.3012564872295048 0.11341049620027785 0.10754087468172653
1 0.7750648966577774 0.39087297056018666 0.1230037017473613 0.11702496268299925
1 0.36485344206062464 0.4315739799490933 0.09811280452090294 0.121421561346272
1 0.43489383833715245 0.40888991060632096 0.09153549620027786 0.10728633601209037
1 0.8660899401607637 0.3726309532145509 0.13877417211208326 0.12345677601845369
1 0.21581653001652742 0.4254977973026833 0.08401393692972228 0.1196954293443632
1 0.38204224848138857 0.3642046666136388 0.0722399823325695 0.08363066000954503