1 0.08180937952075831 0.973577879684887 0.10306281551854848 0.052153373340175335
1 0.11667377599726145 0.8491773225032946 0.1820014724198929 0.24164312021691714
1 0.18689065076615224 0.6909830274219506 0.10955215940862688 0.16779655405833438
1 0.6445570835982511 0.881256485954844 0.1606432979675713 0.20558744554888228
1 0.4717333490376573 0.8611717658126816 0.14491064937949716 0.2554874515990065
1 0.25617053351910885 0.9139796450065891 0.1830351235152496 0.16978630093507618
1 0.45758123548503066 0.6495711904807167 0.1225068004748536 0.18349427693097126
1 0.6187711365803873 0.7204962479568965 0.13251829796757128 0.20542381908544893
1 0.23341997294861833 0.541518837726801 0.11709187476889085 0.15846700585373236
1 0.30554371087442445 0.74731431977282 0.16146165188677947 0.2337124455488823
1 0.08096622585161219 0.4119591236347627 0.08071645407749284 0.0895170179539809
1 0.17100620414399983 0.3778472231672246 0.07919941818411554 0.09107042759490121
1 0.19359190947513388 0.29960404849918953 0.059903848904643286 0.07221134328594588
1 0.1337395363555957 0.316355732144215 0.05985838479802066 0.07064884328594587
1 0.754308100620503 0.2502559499486864 0.07561977711788863 0.07542724687674207