1 0.3546875 0.5799677384889268 0.0609375 0.0753545240041051
1 0.40859375 0.56402912110068 0.0640625 0.08318520472226432
1 0.2984375 0.648263741415793 0.065625 0.09256929508134384
1 0.521875 0.9368075700674077 0.13125 0.12107609016268768
3 0.2171875 0.8604551900879331 0.39375 0.27885327048806374
1 0.3765625 0.6157779734618121 0.0734375 0.07855224687674216
1 0.56875 0.8349723592950191 0.096875 0.1661886022629364
3 0.2984375 0.721701241415793 0.215625 0.2668794695529872
1 0.65625 0.7274320491865606 0.1 0.17401928298109545
1 0.28984375 0.5733137383907309 0.10625 0.06780564441741391
1 0.50234375 0.5431711995559029 0.053125 0.06905907220870695
1 0.37265625 0.5415819493595112 0.0828125 0.05673178903121965
1 0.48515625 0.5049899435057787 0.06875 0.05664997579950324
1 0.58046875 0.526310431601922 0.05625 0.07063975292686635
1 0.65234375 0.48995477508425955 0.0484375 0.06590680113146803
1 0.5953125 0.46294282319066565 0.05 0.05497839149054773
1 0.465625 0.5910410729942739 0.1046875 0.08498405405833438