1 0.4126916361116324 0.5327228052907813 0.06261040919430556 0.07506859905006032
1 0.46717911436013926 0.5269951057203227 0.0580320119678472 0.07951043758467105
1 0.35827754625586855 0.5751283112836751 0.06446384992375007 0.08765048620519007
3 0.16347941821545212 0.8551898682719372 0.29320971181534744 0.2603797365438744
1 0.42357523793524354 0.5645050717991247 0.07362064437666671 0.0787668091359686
1 0.5362460774097577 0.9314867746489437 0.12093336189159735 0.1370264507021126
3 0.32243292486496583 0.6778095759829963 0.21940984232430588 0.3080116530976461
1 0.5091854296146184 0.5549463653312611 0.06591724715020852 0.08304487336031982
1 0.528806292171806 0.49277059192551276 0.06711607123840295 0.06750176051544958
1 0.5291394793858688 0.8088083497274289 0.09873105357097245 0.15187011646291496
1 0.6691825979269798 0.7911781936891066 0.10505378875333342 0.15532266508343398
1 0.36218248983510454 0.5082274163266293 0.09382404160312507 0.07514384215265543
1 0.5321716007767714 0.704407454770383 0.08088893692972228 0.12284435775648764
1 0.568724736985313 0.5986421336486268 0.05963087955902786 0.0811548247398008
1 0.722529722736355 0.9845099553362099 0.13899107123840276 0.030980089327580274
2 0.5903074898351045 0.520182940975573 0.05014677678548622 0.07597600180902227
1 0.6508280689572922 0.5725134028705037 0.05643314437666671 0.07786605042954128
1 0.6733018277910073 0.5323354601974499 0.05003767401194459 0.07128850180902227
1 0.7064591666968407 0.5153460340327396 0.044986498100139015 0.05541784034363317