1 0.45734174844276315 0.7891059955390685 0.2584623933073793 0.2886842191541536
1 0.17478786950702097 0.6152589870143566 0.1425588676042167 0.16487279788867965
3 0.05713738486724122 0.3879579216725112 0.11427476973448245 0.17720915665497755
1 0.11199073365119658 0.4703652727281714 0.1012043557412186 0.10794095941492117
3 0.371307383841477 0.5439083181845143 0.539887442736538 0.5278048149315129
3 0.8031755132715108 0.7128069537394689 0.35404810182406693 0.4886490373353727
3 0.2648185977953722 0.32170781006683946 0.21296420950527092 0.20669783360249455
1 0.43671350243427687 0.37569806047387655 0.12352502471457942 0.11926028896022585
1 0.6025003285180003 0.4071547918061902 0.15910969764227278 0.14954780681713337
1 0.8125000696207518 0.44564672727841914 0.19788303756616088 0.1814523717519414
3 0.9116962563886094 0.34867054140244835 0.15699805239490844 0.251001212661332
1 0.6887216714076376 0.36036952070287187 0.15541169467652322 0.13543075973923263
1 0.5007415103429423 0.337107118915863 0.11883752471457924 0.1191784683433748
3 0.35912435471545445 0.28727253449929424 0.21557987353571573 0.19425238068039521
1 0.04248995304229921 0.5053090629062134 0.08497990608459842 0.12359323295387128
1 0.9672711412558508 0.49837448661391 0.0282761917107738 0.11915910308425506