1 0.9918190901291547 0.34067437661661487 0.016361819741690552 0.05356137662320544
1 0.5732956576262602 0.9663572286915155 0.11936977711788863 0.067285542616969
1 0.3940855307457984 0.9807364413544951 0.1340854949854351 0.03852711729100981
1 0.19229571021268496 0.9711443429379853 0.13922763605166186 0.0577113141240293
1 0.5635532816037282 0.8242667577073425 0.09562605172849495 0.17345686525911966
1 0.41444819187028487 0.8255683847375849 0.09875105172849494 0.17351141233702022
1 0.2668063137361818 0.8503211485373028 0.11786476458147632 0.18633869480442442
1 0.10048263176201278 0.8770903798696164 0.128711336368231 0.18340460957707663
1 0.05034858795107665 0.7911022869316309 0.05776233887551348 0.16030230032431164
1 0.44382214014179 0.6542934025944925 0.08735891066226813 0.15769549756436801
1 0.3127600082467632 0.7121314017837136 0.0868588054894186 0.14050799756436802
1 0.16620325699312197 0.7205051891223816 0.10527383636823102 0.18299550649282176
1 0.34132762595602506 0.6204893725627204 0.07358591567683304 0.11372730925276535
1 0.23907480416927038 0.6218279557614731 0.07680184389007838 0.11690685633066593
1 0.35492947321131574 0.5512308579522237 0.06384720282385156 0.10106366801906326
1 0.2763498321450889 0.5342421810047068 0.06518238229073817 0.09327844155801372
1 0.3836023909997198 0.4900439419617554 0.055261813011266 0.07436480032431163
1 0.2998495166265404 0.48311605762791227 0.050528848904643375 0.07272047970746058
1 0.378241289587794 0.43997575811437956 0.0456594924781526 0.06638865909060954
1 0.30942309342786 0.4364319724005646 0.04575042069139794 0.06951365909060954
1 0.33353654334871774 0.40639959902377 0.0456594924781526 0.06638865909060954
1 0.3513317971096414 0.3739143814911741 0.037756064264907255 0.0631272913958579
3 0.3992919239901032 0.3583536111986347 0.07127926959604132 0.1417977621748646
3 0.1204324527573446 0.5697824403401975 0.2158883906040084 0.33485010714144503
3 0.20921850494805794 0.4276552159077428 0.11951819279472176 0.1894909683433749
3 0.2626186380967259 0.3575296765404799 0.08846676959604131 0.1420977711033183
3 0.3210927161516867 0.300767207790068 0.09609741316955053 0.13598413879807003
3 0.4087063764182434 0.30620077597128703 0.05479045157021041 0.11183752678536125
1 0.9679737278301692 0.3659374293765584 0.05163670783841638 0.057122753246410876
3 0.087053999933493 0.46925060633066595 0.1538764724198929 0.24318871266133185
1 0.9934785300208826 0.4641118766166148 0.013042939958234712 0.07231137662320535