1 0.5890625 0.190625 0.03671875 0.06875
1 0.615625 0.3984375 0.075 0.1390625
1 0.29453125 0.34609375 0.07890625 0.1109375
1 0.71484375 0.0640625 0.01953125 0.028125
1 0.72109375 0.0859375 0.02578125 0.03359375
1 0.73359375 0.05546875 0.01953125 0.03359375
1 0.75078125 0.10546875 0.03203125 0.040625
1 0.77890625 0.12421875 0.03203125 0.04609375
1 0.57421875 0.096875 0.02265625 0.04296875
1 0.73671875 0.15390625 0.04375 0.059375
1 0.80703125 0.1515625 0.04375 0.0515625
1 0.8515625 0.225 0.059375 0.08671875
1 0.609375 0.05546875 0.02109375 0.03515625
1 0.58203125 0.040625 0.01875 0.03125
1 0.56171875 0.05 0.01953125 0.03359375