1 0.06090959499244196 0.6371701285857881 0.12181918998488392 0.21003474282842377
1 0.8316308896460655 0.1518401644436687 0.04591871572854558 0.06553571996293313
3 0.8816918028284799 0.17582081226675045 0.08666408404557516 0.17611112141421192
1 0.287670245091264 0.36185263693849057 0.12245039462538872 0.12122521397248329
2 0.7479615449359722 0.18282975881603863 0.0464647472985769 0.07491071996293312
2 0.4398760291509566 0.19826630817521723 0.06272678413027996 0.08639385698624169
1 0.5637839660108945 0.21265121198874876 0.06879477360693613 0.08348711179556503
1 0.9395596978068046 0.42718985010836563 0.07483194198043534 0.13359623920022692
1 0.6657427662085386 0.4164805617185963 0.10846348933548207 0.14880457694917482
1 0.5371073449218547 0.1753793904818696 0.06319722099021767 0.06769842068857254
1 0.7998755715266801 0.469491455913481 0.09789001038216938 0.15467263103285872
1 0.1950243876505141 0.841460780585221 0.25169682082080846 0.2520436827542902