1 0.6926792345820199 0.5902558999045497 0.1336694366867496 0.22963405068427178
1 0.7883533879872913 0.03144342655955038 0.03988070616851012 0.04732953333863612
1 0.8214429829571668 0.3731763932209143 0.11380122158978559 0.16535337468172653
1 0.6576004456184987 0.22823770524350415 0.06904210064862308 0.10703179734245412
1 0.8224147422893623 0.049012187221550596 0.04634889448011279 0.05990225867281791
1 0.7270028307631208 0.01538590595163859 0.03036933847375849 0.03077181190327718
1 0.8153522646104966 0.010979669279138857 0.03492047077900686 0.021959338558277714
1 0.6284953725660156 0.1504672412476403 0.05139095048646727 0.08026930267345422
1 0.7455231854722288 0.20300080056495923 0.06731595941492116 0.09763861600890866
1 0.745920426136738 0.04599682256527739 0.036782979707460584 0.048855670671545226
1 0.904186893669334 0.06290141721041474 0.05106366801906326 0.06151930267345425
1 0.8877027771923984 0.11230198054586919 0.062273903408566866 0.07727157200827235
2 0.6209243802766535 0.09197348858214024 0.037055715096963836 0.06448067067154524
1 0.9369391181017888 0.15547017787241496 0.06550799756436802 0.08355793467536321
1 0.6160965584419864 0.055318373249549316 0.033576159090609535 0.044131808004454334
1 0.9671645860414217 0.34804802920118794 0.04795803327818291 0.15208975867281796
1 0.5572124821430926 0.02788426392427621 0.030532979707460585 0.04878294533736345
2 0.6010443027599436 0.0262784999602291 0.03228639448011279 0.0525569999204582
1 0.6434090807631208 0.0158768019573656 0.03193183847375849 0.0317536039147312
3 0.5263271262194636 0.2758495965945488 0.14270924593951495 0.30003745735199916