1 0.7533399394951734 0.16740260610276797 0.05792290919430556 0.07252952800763604
2 0.6784133278879165 0.1298020614258139 0.05846842306201392 0.09596702800763604
1 0.7527937724170831 0.2244429467695407 0.08048889342673622 0.10247156667727228
1 0.732988459062465 0.3031401114337681 0.08372299620027786 0.10719542934436319
1 0.8064058156357288 0.4055844061107222 0.11446515634451374 0.15285337468172652
1 0.8876129159407287 0.7441207421228125 0.16504834422416687 0.24560449602163548
1 0.09894011417270807 0.7895175806810902 0.19788022834541613 0.3227851613621805
1 0.4434109338924995 0.6240771307288153 0.16348584422416684 0.24558631468808975
1 0.36443652118281217 0.39106408871736137 0.12093336189159735 0.16230110001590833
2 0.5254837771667358 0.3546464254057694 0.12042552203583341 0.2075954186823629
1 0.3714158326375692 0.25907829205122496 0.08535823138263901 0.11033861067790855
1 0.42877635058934016 0.14487088872531548 0.07056837955902787 0.07892497867599957
2 0.5776307714671527 0.19583504674567817 0.06322865824437507 0.09914657200827234
1 0.5471633278879166 0.12827482940799656 0.05160017401194459 0.06933180267345422
1 0.5152600176674305 0.08883052140354222 0.045059233282499986 0.056759077339272455
1 0.5714009148938888 0.09417254941117822 0.0434603656913195 0.05517839600572701