1 0.6484375 0.234375 0.0375 0.05390625
1 0.72734375 0.234375 0.0375 0.05703125
1 0.75234375 0.18828125 0.03203125 0.0484375
1 0.34140625 0.446875 0.06875 0.10703125
1 0.1359375 0.40078125 0.06875 0.08515625
1 0.36015625 0.2640625 0.04453125 0.0609375
1 0.71875 0.28984375 0.04296875 0.06328125
1 0.33984375 0.346875 0.06171875 0.08359375
1 0.834375 0.21875 0.040625 0.05703125
1 0.8453125 0.51171875 0.08359375 0.128125
1 0.51015625 0.21953125 0.034375 0.05390625
1 0.45546875 0.2046875 0.03515625 0.0515625
1 0.36328125 0.18515625 0.03828125 0.05390625