1 0.6735937235063122 0.19291614862082648 0.045714293283910835 0.056504530054229285
1 0.726582314250485 0.1965133264121195 0.04894842068857237 0.05964771077238851
1 0.7780257631620259 0.2219900493829523 0.05218254809323426 0.06279089149054773
2 0.0218700215995464 0.3842204638956465 0.0437400431990928 0.23155907220870695
1 0.8210317186969889 0.19830710968780263 0.04382441106992587 0.047120439695149674
1 0.6685862757758976 0.2468405793389857 0.05892362141421188 0.07688975292686626
1 0.36501733167368017 0.2165819493595112 0.06679068511654282 0.07849770472226432
1 0.28535711352484566 0.21626430767257165 0.07013393992586625 0.08476588544042354
1 0.8443104728733399 0.3145542784039093 0.06517362141421187 0.07692611436318471
1 0.7541095696079626 0.3924070885123679 0.07827382213985139 0.09418633723582168
1 0.46750741461330475 0.18942857601933602 0.06372024881887359 0.0800420240041051
1 0.5406448142504849 0.197595079142594 0.050729175497895795 0.06590680113146812
1 0.5046725979157489 0.1540632477605048 0.052237111795565026 0.06435339149054778
1 0.46651039900420815 0.12850925673749525 0.04560516587924912 0.05337953005422928
1 0.604754344117916 0.8892689738545956 0.18247522721932724 0.21508062021691715