2 0.2531448219197686 0.9292683154316114 0.18010870031656917 0.1280406983633867
1 0.5058392275674718 0.7206472504633362 0.10683633636823106 0.18479664065150558
1 0.3352970585254265 0.6540202895708958 0.09589883636823097 0.18441469473518968
1 0.3672326832943173 0.49525292478010574 0.06251202335696497 0.10988592068857254
1 0.47540053595988435 0.45245281117044217 0.059159702823851565 0.10196429328391084
1 0.5117197838483133 0.277142787123825 0.029397994985435005 0.04473214664195542
1 0.3886196014784328 0.40397316035213543 0.04905727711788872 0.07663691106992569
1 0.4620487412910183 0.3748734481937507 0.042716348904643195 0.07329365626060227
1 0.5448983452102267 0.34388385382138076 0.04248902837152997 0.06548115626060227
1 0.6142932028903585 0.3461432690676577 0.04235263605166182 0.06079365626060227
1 0.6116335526529317 0.43754951906765766 0.06531877461060631 0.09905754809323426
1 0.41170541198241634 0.30795133222183435 0.029670779625171128 0.054107146641955414
1 0.4576544094751339 0.28449398485423955 0.029579851411925873 0.05098214664195542
1 0.8062005919115214 0.6172841151693081 0.11962584138279589 0.14153771397248338