1 0.5745936567074981 0.2941359725891399 0.08557496801399936 0.10410679201145401
3 0.09175881078926709 0.9021795706556368 0.16435449602163538 0.1612658586887264
1 0.7971413660486796 0.3493667232256868 0.08579314401654478 0.12285679201145401
2 0.8962237560470887 0.336493458545551 0.07329314401654478 0.12271134134309047
1 0.6896283107097253 0.30920589457354974 0.06509883601209036 0.0898079346753633
1 0.18516008139717885 0.46822164664227384 0.11453630935708983 0.17630905601527208
1 0.2235856873806342 0.345883022636865 0.08257723734881743 0.11500792934436319
1 0.8631856314051329 0.5189337885503236 0.11270108935390795 0.15285337468172652
1 0.4080788660486796 0.3538938752785025 0.08272268801718105 0.1275079293443632
1 0.28632423408654145 0.634254631962138 0.1652999253659985 0.24251585868872638
1 0.37579253003658925 0.2651950019494114 0.06524428668045382 0.10230793467536321
3 0.272703345361226 0.20232337929663805 0.14613175469445325 0.20636018268618095
1 0.4671351453691802 0.2586626439370029 0.062028380012726814 0.09445907200827239