1 0.07913882617548673 0.7516720426276252 0.12925631458888912 0.25646908525525036
1 0.15589873508545188 0.6300670375392425 0.11504703780340293 0.18237648801421252
1 0.5598654153656605 0.9394221053816384 0.1580696859797918 0.12115578923672317
1 0.3929129982875702 0.8828406951036737 0.1524756090418058 0.23431860979265268
1 0.16228059412725765 0.8707329811168073 0.18870274335048626 0.19560018430531087
1 0.4319897628208686 0.6913541768420789 0.1277652433504862 0.1924065852552504
1 0.5724173539109034 0.8243414964934971 0.1408834924005557 0.21962418249628826
1 0.24116147501746568 0.5050061618040735 0.12420383225631966 0.17349281094499086
1 0.164541157578785 0.33088590909054005 0.09760365824437507 0.10343261646291486
1 0.04711857465687532 0.38169373530067896 0.06820709897381953 0.11437676051544958
2 0.1638131525447919 0.2660831026681049 0.09833101006798621 0.13468261646291485
1 0.4081294630496184 0.43728747455808675 0.09360714247680572 0.1328744549975255
1 0.276839176196146 0.22752961499257682 0.0625376740119445 0.07194359905006031
1 0.9812104194044622 0.7085825361804462 0.03757916119107563 0.11619156603337366