2 0.780743223832815 0.1332678941022347 0.042065673635170955 0.05269910266556703
1 0.9582388922769013 0.1522810038939377 0.044356215728545575 0.0652445667721897
1 0.37513942398810685 0.3080742951310843 0.08836382096198277 0.09772209765100204
1 0.7033778160532467 0.2564075289002553 0.06061825256024882 0.07663670783841656
1 0.8257386634647631 0.29808290037044083 0.06299979991529554 0.09074467194503928
1 0.5790372396884178 0.20855035359000387 0.05850972099021767 0.06721624373179384
1 0.4631315186276129 0.2033436795333936 0.07357327886860787 0.08481292069139794
1 0.593668158061917 0.15820937279033376 0.04519067363517095 0.05279003087881238
1 0.8943796455430219 0.8201959295999005 0.11418141026922975 0.27317673871722903
1 0.42744277452456936 0.8696590013201483 0.19949728398910552 0.23822272868809904
1 0.16343348243119454 0.8898197032860701 0.20668815770898114 0.200995513327835