1 0.61484375 0.134375 0.03515625 0.03515625
1 0.63125 0.2140625 0.04296875 0.06484375
1 0.3953125 0.18984375 0.03984375 0.059375
1 0.4671875 0.15 0.03125 0.0515625
1 0.51875 0.1265625 0.028125 0.05
1 0.6203125 0.27890625 0.059375 0.09453125
1 0.7734375 0.42421875 0.09609375 0.14296875
1 0.50390625 0.084375 0.02578125 0.04296875
1 0.7046875 0.58046875 0.121875 0.2015625
1 0.52890625 0.0953125 0.01875 0.03515625
2 0.4921875 0.06796875 0.02734375 0.0484375
3 0.9234375 0.4203125 0.153125 0.39375
3 0.71484375 0.2453125 0.11796875 0.2296875
3 0.24609375 0.48359375 0.21640625 0.46484375