1 0.3625 0.6859375 0.07890625 0.11640625
1 0.4234375 0.621875 0.06484375 0.0984375
1 0.41328125 0.4796875 0.05078125 0.059375
1 0.46171875 0.47421875 0.05390625 0.07421875
1 0.35703125 0.53828125 0.04609375 0.078125
1 0.5078125 0.79453125 0.084375 0.15703125
3 0.74609375 0.78984375 0.26796875 0.4203125
1 0.68125 0.62578125 0.06484375 0.1109375
1 0.58359375 0.559375 0.05 0.09453125
1 0.49375 0.546875 0.05859375 0.090625
1 0.60703125 0.47890625 0.03828125 0.0609375
1 0.65234375 0.51875 0.046875 0.078125
3 0.56796875 0.4265625 0.078125 0.121875
1 0.66328125 0.43984375 0.03125 0.06484375
1 0.6984375 0.42109375 0.03203125 0.05
3 0.646875 0.390625 0.06875 0.09453125