1 0.2375 0.48671875 0.08671875 0.071875
1 0.13203125 0.66484375 0.15 0.1203125
1 0.07890625 0.94453125 0.15625 0.1109375
1 0.36015625 0.82890625 0.17265625 0.15546875
1 0.5875 0.71015625 0.12421875 0.109375
0 0.34453125 0.59609375 0.10390625 0.11484375
3 0.66953125 0.51640625 0.26640625 0.16875
1 0.93359375 0.715625 0.09921875 0.1
1 0.13515625 0.54375 0.05078125 0.0796875
1 0.04921875 0.50390625 0.05859375 0.0796875
3 0.69296875 0.85078125 0.490625 0.2984375
1 0.70390625 0.7609375 0.11015625 0.109375
1 0.48984375 0.90390625 0.18671875 0.171875