1 0.65 0.15859375 0.04375 0.07421875
1 0.68046875 0.1953125 0.03671875 0.07421875
1 0.6984375 0.24609375 0.05546875 0.08125
1 0.76953125 0.371875 0.09140625 0.12578125
1 0.71484375 0.690625 0.13203125 0.2296875
1 0.946875 0.61171875 0.10625 0.2015625
1 0.1796875 0.88046875 0.18515625 0.2390625
2 0.4421875 0.79921875 0.15234375 0.4015625
1 0.20390625 0.55625 0.11640625 0.16484375
1 0.33046875 0.22890625 0.05078125 0.07421875
2 0.49609375 0.35703125 0.06171875 0.140625
1 0.4359375 0.25625 0.05390625 0.08125
1 0.41484375 0.16953125 0.03671875 0.0515625
1 0.46328125 0.18203125 0.04296875 0.0703125
2 0.4734375 0.10546875 0.028125 0.05390625