1 0.20126672825117015 0.0995385296280303 0.037656508897248565 0.042814791395857824
1 0.11883888882157392 0.12986300365344797 0.047222509885831744 0.04766593262955983
1 0.3894021733476229 0.7512571680223585 0.20913355536065775 0.26596373944669305
1 0.6621870518262545 0.5325854399397512 0.2542550543720747 0.262067172076253
1 0.30363440559030686 0.44203790097622997 0.14055069863085592 0.1539080243497292
1 0.29928909828966377 0.318764042209932 0.10790002471457942 0.11898755357072241
1 0.057662672396220804 0.36670053043880924 0.0871418557412186 0.10769549756436803
1 0.3224758833843665 0.15207142005095342 0.06692751482874755 0.07143071509696393
1 0.08193445501946556 0.2116993847408803 0.05554434585538688 0.06030230032431154
1 0.04245811954420202 0.5428499732146388 0.08491623908840404 0.19555005357072233
1 0.02399196243383937 0.17757952922099318 0.04572367688202613 0.049201159090609535
1 0.7126406269585759 0.17570814854389324 0.13414418973360737 0.11163870373287824
1 0.7394976042211627 0.28297517776488645 0.1684210306460784 0.1481489480508354
1 0.8709942964262283 0.15967227110990895 0.13152852570316256 0.12408415665497752