1 0.75078125 0.16953125 0.03671875 0.05
1 0.646875 0.221875 0.03984375 0.06484375
1 0.17578125 0.48125 0.10546875 0.1609375
1 0.3703125 0.36875 0.06328125 0.0984375
1 0.446875 0.378125 0.065625 0.1015625
1 0.76796875 0.3453125 0.06328125 0.09453125
1 0.67890625 0.33828125 0.05703125 0.08359375
1 0.83359375 0.28125 0.05859375 0.07421875
1 0.84375 0.20546875 0.04453125 0.05703125
1 0.696875 0.47890625 0.078125 0.12578125
2 0.36328125 0.265625 0.05703125 0.09296875
2 0.29140625 0.22421875 0.05 0.08125
1 0.36328125 0.2265625 0.04609375 0.06640625
1 0.84453125 0.4890625 0.084375 0.12578125
1 0.49375 0.21953125 0.03828125 0.0703125
1 0.92109375 0.4046875 0.08984375 0.12421875
1 0.4453125 0.18203125 0.03359375 0.0515625
1 0.95703125 0.85390625 0.08515625 0.1984375
1 0.97421875 0.33671875 0.05078125 0.08671875