1 0.4109375 0.49921875 0.046875 0.06484375
1 0.46171875 0.49375 0.05078125 0.0703125
1 0.35546875 0.55390625 0.05078125 0.071875
1 0.4296875 0.6140625 0.06953125 0.09453125
3 0.43984375 0.67890625 0.15859375 0.3296875
3 0.540625 0.54453125 0.09453125 0.2109375
1 0.75390625 0.89375 0.13515625 0.190625
1 0.590625 0.50390625 0.03828125 0.06328125
1 0.61171875 0.478125 0.04140625 0.06328125
1 0.33984375 0.484375 0.08125 0.06328125
1 0.64765625 0.596875 0.05703125 0.09609375
1 0.53828125 0.49375 0.071875 0.0796875
1 0.65859375 0.44140625 0.03515625 0.05
3 0.61953125 0.41328125 0.06640625 0.0984375
1 0.69140625 0.41328125 0.03515625 0.0484375