1 0.63515625 0.45703125 0.10703125 0.16328125
1 0.69453125 0.8796875 0.17109375 0.2109375
3 0.49921875 0.1015625 0.0625 0.2
1 0.603125 0.2453125 0.05859375 0.1
1 0.91015625 0.78984375 0.17890625 0.3609375
1 0.690625 0.25 0.06796875 0.10390625
2 0.66015625 0.15546875 0.053125 0.1
1 0.57734375 0.12421875 0.0375 0.0609375
1 0.71015625 0.06015625 0.03125 0.0484375
1 0.58984375 0.08671875 0.03515625 0.0484375
1 0.5546875 0.0453125 0.025 0.03515625
1 0.83984375 0.196875 0.075 0.08515625
3 0.43984375 0.55546875 0.2 0.64296875