1 0.1784405505337495 0.5984560405319101 0.1843061840799307 0.20575920456235508
1 0.23017062395635382 0.3917723004177419 0.12638327488562506 0.13159219269935693
1 0.8203456015392707 0.1999905904925415 0.05312630642076392 0.06928851087441493
1 0.30517258358749977 0.2939515657407811 0.09262521751493065 0.08963018577927473
1 0.41116801044923584 0.3092184214819997 0.08975479065319458 0.10044035178688589
1 0.5653301400082638 0.23730095361095288 0.06882404160312508 0.0730501808363588
1 0.5005045738038539 0.23387752326888567 0.0751831443766667 0.0779923488211364
1 0.6422718868741317 0.3585167204168669 0.08993662860909737 0.10825285178688589
1 0.8591138947579164 0.3822101828878873 0.08110714247680591 0.13130834980971953
1 0.6946500448341663 0.4599638152836706 0.10948671561506948 0.1433918557412186
2 0.39231925294670084 0.7158676695048334 0.22849390159486127 0.29341571345960366
1 0.5427485848217708 0.13237603167184261 0.0497103656913195 0.05666117688202617