1 0.7401552921639619 0.03574642769051263 0.04215667889684287 0.05448909255827139
1 0.6701158079489775 0.03351429429540114 0.038758663111827296 0.049692465153609686
1 0.6898881085701445 0.6846204373091596 0.1850399418392609 0.2855803798517325
1 0.7399314241292811 0.4411779721555497 0.14538663666229362 0.19375497840045347
1 0.8683643211737444 0.0967607948435553 0.06879477360693613 0.08348711179556507
1 0.6644973265765906 0.2504562576349123 0.08467737884037305 0.11522818511654283
1 0.5502366764777685 0.15075141271438816 0.057766268345264396 0.08154266587924912
1 0.48585565806191705 0.15845727450995328 0.05307876834526439 0.08137897477225656
1 0.6201697448795025 0.12803810981183053 0.055657736775233245 0.07211310217691827
2 0.5375539369305249 0.0740078634400276 0.041231215728545934 0.06537202885594054
3 0.780734789533126 0.04978665735691059 0.11978042093374804 0.09957331471382118