1 0.48203125 0.15926498167403022 0.0515625 0.08335101087441492
1 0.61875 0.359162869507021 0.0921875 0.1631313527754691
2 0.534375 0.2204133873015181 0.096875 0.14925985376405224
1 0.5625 0.16770488137001907 0.059375 0.09929434585538685
1 0.6078125 0.003560104221162813 0.03125 0.007120208442325626
1 0.68359375 0.21667693916495373 0.09375 0.14600751977166349
1 0.659375 0.007260765780149744 0.0375 0.014521531560299488
1 0.56484375 0.06604688087572748 0.0484375 0.07384867688202612
3 0.47265625 0.036208119544202014 0.0515625 0.07241623908840403
1 0.73984375 0.026842424620532945 0.05 0.05368484924106589
1 0.51796875 0.02059307186365437 0.028125 0.04118614372730874
1 0.56953125 0.0207940251716899 0.0359375 0.0415880503433798
1 0.8921875 0.2503648951730025 0.128125 0.16303319368794006
3 0.45546875 0.4509723206093349 0.228125 0.5514828814443812