3 0.47421875 0.4765625 0.07265625 0.24609375
3 0.56953125 0.48125 0.07734375 0.22578125
3 0.67578125 0.48515625 0.11015625 0.18671875
1 0.59453125 0.37421875 0.02265625 0.03359375
1 0.56171875 0.35546875 0.01640625 0.02578125
1 0.52734375 0.340625 0.01796875 0.0296875
2 0.5359375 0.31796875 0.01328125 0.02578125
1 0.553125 0.3390625 0.01484375 0.021875
3 0.49375 0.3046875 0.028125 0.04296875
1 0.51953125 0.30703125 0.01171875 0.02421875
1 0.5484375 0.3109375 0.0125 0.028125
1 0.53515625 0.371875 0.01875 0.028125