1 0.6116714766357484 0.42812111654127144 0.13322353060296183 0.1816558596955513
1 0.691204695413614 0.8467345122829275 0.20415676881613756 0.23133220752810466
3 0.4576968759310134 0.09452995551375715 0.09085624813797324 0.1890599110275143
1 0.570042710505698 0.21694087741568638 0.07377144789030421 0.11061384783255317
1 0.8822000306074711 0.7305643897357951 0.1820378279551466 0.39262253460041113
1 0.6608132597199097 0.21012319163641163 0.0833647717116218 0.11568334980971962
2 0.6253359861462611 0.11799670003936864 0.06901117328319835 0.10886034684397003
1 0.5390367671635078 0.09578080182625456 0.04680653349844608 0.06740767589344294
1 0.6731078602152477 0.01981713905012919 0.03833906203449331 0.03963427810025838
1 0.5494134950376013 0.05714938334718541 0.04302656203449331 0.053217841901054184
1 0.5122067475188006 0.01911015560889736 0.02987159057054072 0.03822031121779472
1 0.8116352051290144 0.13613791049604168 0.08874147642635144 0.09718801779449712
3 0.41555199379925617 0.5538572400769872 0.29393863026973044 0.6856960553606578