3 0.10276943423420067 0.8110164048562805 0.20553886846840133 0.3154671902874391
3 0.25632972970832807 0.5158904583006348 0.246104403001621 0.41177990063313813
0 0.46437909992524523 0.3348664641731297 0.09333288524403187 0.19955738229073816
1 0.05448647033855416 0.7225820421615834 0.10897294067710832 0.2392109156768331
1 0.4517841720357564 0.21728415907942247 0.04722952400410509 0.06230142319868044
1 0.5914006630587659 0.25227762153669253 0.06131929508134384 0.06739810015828454
1 0.725821114854164 0.24055520836714192 0.06133747579950324 0.07052310015828453
1 0.6376671298812787 0.22124893039132343 0.05351588544042354 0.06873327962517113
1 0.694262042645457 0.29458949049959554 0.0645170179539809 0.07998902837152996
1 0.22670235880403983 0.23789349043308858 0.06445338544042353 0.06905152837152997
1 0.4583614249626226 0.16085230265293174 0.036237481849627426 0.05260817445232169
1 0.8239308410464506 0.4282932375966017 0.10222609621281223 0.11701766693047429
1 0.38996140378718785 0.10269647334432971 0.039298849336070064 0.041761602665567034