1 0.4014399425923216 0.5666504224546287 0.07125792934436319 0.08452485731976367
1 0.45938880259391246 0.5576243329175454 0.06359088001272664 0.09666098428423417
1 0.3428638265834129 0.6295827619917121 0.06351815467854491 0.09041098428423418
1 0.4189268872533673 0.6088935804363461 0.06657042934436319 0.08430653349844608
3 0.2291991265515962 0.8491845167492229 0.3504203600413617 0.3016309665015541
1 0.5155933492600487 0.5641504687733564 0.071330654678545 0.09077485731976367
1 0.5219257126034573 0.4901864298982268 0.07269316000954511 0.07366013192686935
1 0.5266548345401422 0.9426199553339021 0.1672067760184536 0.11476008933219575
1 0.5859582038908686 0.8316333753073316 0.10496131468808993 0.1626156240689866
1 0.5526831745703681 0.7355010839510028 0.09533177601845377 0.14030397642635145
2 0.5408746125875491 0.608319999790603 0.08112382535009015 0.12714900496239867
1 0.6019842879137767 0.6635383467712843 0.08726473734881743 0.1180651033908223
1 0.7130672385821402 0.6562053438758003 0.08922722668681722 0.15251287799792798
1 0.6520666512571853 0.591611996895119 0.07147610534690862 0.10327485731976367
1 0.44472577124445867 0.6757557487571457 0.11540791868236297 0.12093754631872748
1 0.6551285639322304 0.5300024088057776 0.05872156667727211 0.08081766046291676
1 0.694954679941139 0.4661967739834241 0.05078179734245403 0.06951628742738727