1 0.8624474903665815 0.2448207215960907 0.04400606426490725 0.06274543969514967
1 0.8109100709288247 0.16484687528508274 0.03573892319868044 0.04707498789975162
1 0.7789697491420702 0.16778552292395058 0.03422188730530316 0.04862839754067201
1 0.8468368622324786 0.27206902282575474 0.06463681301126627 0.0738011143631847
1 0.8401659427282148 0.6602457336963392 0.14529108260730722 0.214871541958086
1 0.6367979356685858 0.40910489363184704 0.08029055674305993 0.1285704275949012
1 0.6378399469513568 0.3106901195295461 0.062011918184115444 0.09097043364502548
1 0.5737259711662517 0.25485775516636144 0.04754024122451135 0.0768261204133089
1 0.6295978864473734 0.21534580327276748 0.04088106426490725 0.06272725897699045
1 0.6232198543149197 0.1840639870159888 0.03596624373179384 0.05488748789975162
1 0.9902254978884291 0.40573147139969895 0.019549004223141965 0.1032977168225127
3 0.8653846222616084 0.18469174267332958 0.09113712852981451 0.12550906010845858
3 0.95186402837153 0.24927693832040757 0.09627194325694007 0.23183178298109555