2 0.7715579396319481 0.18004301947517 0.042702710466873836 0.0631818384737585
1 0.7160976239316371 0.2729202662287591 0.059419773606936135 0.08220457386326192
1 0.8092560897307701 0.2847129285657795 0.05767526308359265 0.07905230032431154
1 0.8532027817817927 0.22839079057848838 0.05418624203690499 0.07274775324641088
1 0.40403796871231756 0.3136138555165918 0.07788134727034209 0.10437958279171564
1 0.2273991449783245 0.2581336485373027 0.08027830517696728 0.09193412986961631
1 0.42234689490773736 0.18724227028924417 0.05538472099021767 0.06652502678536121
1 0.7713017924463107 0.37242143424782237 0.07421031570031093 0.09495003571381497
1 0.41929821864173034 0.2395860202892442 0.06447129465362345 0.08853639448011288
1 0.9521338344690984 0.2887709573797356 0.0675052893919517 0.08702844155801355
1 0.8897901270565832 0.7952294630617786 0.1084172576807461 0.2266636858759707
1 0.5828062527720103 0.15797928449270368 0.04059417889684287 0.053779564934808156