1 0.5261439290046682 0.31383052140354223 0.08572220282385157 0.10096361067790856
1 0.05598350785105179 0.5551511240054088 0.08659804420664755 0.23842724801081766
1 0.732121144364932 0.3068554574315409 0.06835284639736088 0.09451361600890866
1 0.6342830379384413 0.29946912408495063 0.055489133544379496 0.08186816534054513
3 0.21194165432755496 0.6811425540260897 0.3574299990755631 0.6351953493793616
1 0.7956477499334931 0.4770685074394951 0.1107054824490227 0.15436133068109026
2 0.9015423972679258 0.4392514287873581 0.08717705423577726 0.15096361067790856
1 0.6580197178010394 0.44422764075426874 0.08828491316955045 0.13535679201145392
1 0.22017272532288676 0.3735300486950896 0.0848871285298145 0.1259454293443632
1 0.2120814290046682 0.3101760733609078 0.076438131037097 0.10397952267663584
1 0.9198173726573199 0.7902054014560398 0.16036525468536028 0.23319540268936248
1 0.3958881276718847 0.29279022071927036 0.06527331050398359 0.09603975334181776
1 0.3580053459351425 0.413402165380316 0.08047241316955063 0.1352658853437269