1 0.6316375580349493 0.1300407849689405 0.03681025324641087 0.051045674452321686
1 0.6823369874180983 0.12683086843417762 0.03519320616851011 0.04787521034569897
1 0.5920080422066367 0.1858899681967508 0.04478639448011297 0.06064799498543509
1 0.6765739569792891 0.19928252995437556 0.05758640340856669 0.07819920783841652
1 0.6204563705341255 0.24996684006264766 0.06249209172016936 0.09083560015828454
1 0.22839732994904657 0.3353848851937321 0.07181254464226869 0.08798338479802066
1 0.4486552828711458 0.3386703242275301 0.0688511858759707 0.09726745658477531
2 0.30450981655636594 0.31183137641824343 0.07531937418757347 0.10994931301126601
1 0.7690478291382676 0.21837116224511374 0.060684129869616396 0.07672763605166191
1 0.8118705288139563 0.16651915723054883 0.05586026217486477 0.06877874373179385
1 0.7794416327089901 0.32174621483153854 0.0783625535707225 0.10535274122451135
1 0.7046831404196279 0.37813495566033845 0.08162392126547413 0.11325616943775678
1 0.9061268636342668 0.33246005746797563 0.10061938311602744 0.12786423871722885
1 0.7417542666357961 0.5783311839527261 0.12964440990138862 0.18024509263643723
1 0.8839087646072012 0.4911076317620127 0.11654439204448082 0.14550637978345585
1 0.4188705511350904 0.19803095236163318 0.04163412094116268 0.05899456677218975