1 0.67578125 0.1765625 0.028125 0.040625
2 0.6359375 0.20703125 0.034375 0.06640625
1 0.08515625 0.6046875 0.13046875 0.21328125
1 0.0203125 0.575 0.03828125 0.12578125
2 0.24765625 0.578125 0.11875 0.24296875
1 0.7609375 0.20859375 0.0375 0.05390625
1 0.26796875 0.39140625 0.07109375 0.109375
1 0.27890625 0.271875 0.04921875 0.059375
1 0.69140625 0.48046875 0.07109375 0.11640625
1 0.8671875 0.56015625 0.08984375 0.12421875
1 0.91796875 0.43984375 0.08828125 0.10390625
1 0.94296875 0.32421875 0.06875 0.1015625
1 0.4609375 0.2140625 0.03125 0.05390625
1 0.51171875 0.21328125 0.03359375 0.05546875
1 0.81484375 0.9015625 0.165625 0.19609375