1 0.952383614854164 0.3117108582067135 0.03629202400410492 0.06282090456798431
1 0.6007503327568313 0.9610824214150121 0.12872496369925485 0.07783515716997584
1 0.4271355707547787 0.9853211035726162 0.1377818011314682 0.029357792854767695
1 0.22865716413892043 0.987070632066747 0.1439499878997516 0.025858735866506066
1 0.5734934620489348 0.8263919973980082 0.11512607201231528 0.18879026232447202
1 0.42802188076504144 0.8461202419709413 0.11825107201231529 0.18895403663473154
1 0.2863247392744937 0.8887094544316987 0.14020788524403188 0.20416295680654778
1 0.12670884475888383 0.9163586623699004 0.1494283491396783 0.1672826752601992
1 0.07004120912206853 0.8562743334462282 0.07439198770335986 0.16791119629109835
1 0.43606670580241885 0.6722699841690252 0.10565107806243948 0.1711114393936935
1 0.31450480230981853 0.7463924796464694 0.10398858411256366 0.15384205223856356
1 0.17290310958960675 0.7725754421072268 0.12610902380771333 0.19717597241038015
1 0.3314655642136752 0.6519397947753317 0.08664654800821019 0.1263787935321364
1 0.23291897990471977 0.6655309040021574 0.0897806383672898 0.12810506784239592
1 0.335780880372258 0.5818320126631562 0.07562723477649361 0.11174308344622794
1 0.2584507659108774 0.5754348484842334 0.07558178298109546 0.10393058344622812
1 0.35725188027406213 0.5180937392574079 0.06296360831306043 0.08296298620519008
1 0.2743893832991242 0.522347470035531 0.058267017953980905 0.0811548247398008
1 0.3458103862259905 0.46982333559393463 0.05353406615858276 0.07309666327441153
1 0.2785774344305924 0.4741146879233553 0.05356133723582168 0.07778416327441154
1 0.2982995819712643 0.44232577736247725 0.05353406615858276 0.07309666327441171
1 0.31178991023009556 0.4070843181810801 0.044131795081343926 0.06791784034363317
3 0.3564575156162898 0.385980602102278 0.08836358411256366 0.15302318068726609
3 0.11824041901069429 0.628139367367426 0.23648083802138858 0.368778734734852
3 0.18008993745565446 0.47754954715018094 0.1417976563212707 0.2089323439616777
3 0.22350866023009558 0.40245769391624914 0.10556926483072289 0.1570489393936933
3 0.27311375049097936 0.33863088930283636 0.11179199375348414 0.15268898801421243
3 0.359887042645457 0.3338006264125376 0.06942268657189174 0.1192280348257091
1 0.8935671510567135 0.3469213398893478 0.05040906615858276 0.07293288896415202
3 0.11937969643264493 0.4352934481001206 0.16038402985783753 0.18178998982323477
1 0.47766541598563217 0.23837966304726893 0.02678066861791084 0.03889208163720577