1 0.5570503188837608 0.15645020163378653 0.05347199247815269 0.06772601087441492
1 0.5445419586963464 0.12934653216613423 0.038909387305303154 0.04996550790866543
2 0.6042830200582597 0.19983012851581267 0.07969952335696498 0.1109321828135252
1 0.7425235029695008 0.3681556586675995 0.12017141066226814 0.16096135771838496
1 0.31486723508931924 0.8184714046760858 0.23293949828414034 0.335666880455798
1 0.20518967286947604 0.5824782134596036 0.1408476235152496 0.17428902866891213
1 0.2957548368969564 0.6151089827369755 0.1506318004748537 0.1887335306460784
1 0.35534175171585963 0.3414287436113904 0.07956313103709692 0.10624468281352524
1 0.31293294286122875 0.29355231771794743 0.07290395407749281 0.09192751482874764
1 0.37633386480626796 0.2382546640676259 0.05999477711788872 0.07735567885919244
1 0.44950092867546376 0.3311862633830539 0.08769387978345584 0.11750051779449713
1 0.32784254051223083 0.21124915368750258 0.05021060015828453 0.06291117688202616
1 0.38621498165759993 0.16747924904859787 0.04373327962517113 0.05484400889724857
1 0.43161840987084527 0.16620059193823522 0.04529577962517113 0.05490767589344294
2 0.3500418009370721 0.14723307463802965 0.050574313011266005 0.07541117688202617