1 0.76953125 0.228125 0.03515625 0.04296875
1 0.5578125 0.9125 0.109375 0.175
1 0.39375 0.928125 0.11875 0.14375
1 0.55234375 0.7203125 0.08515625 0.16484375
1 0.41171875 0.76484375 0.08984375 0.17578125
1 0.2421875 0.86484375 0.125 0.2109375
1 0.4484375 0.565625 0.075 0.14296875
1 0.3171875 0.65703125 0.08515625 0.14296875
1 0.13984375 0.75703125 0.12890625 0.209375
1 0.3484375 0.55625 0.071875 0.11328125
1 0.2484375 0.56640625 0.07734375 0.11328125
1 0.36953125 0.478125 0.05703125 0.08671875
1 0.29765625 0.46640625 0.05859375 0.090625
1 0.39765625 0.425 0.04765625 0.078125
1 0.32109375 0.41640625 0.04765625 0.07421875
1 0.39453125 0.38046875 0.04375 0.06484375
1 0.334375 0.3765625 0.04296875 0.06484375
1 0.35703125 0.34921875 0.03515625 0.059375
1 0.37265625 0.31953125 0.03359375 0.05546875
3 0.41484375 0.30546875 0.06640625 0.13515625
3 0.09765625 0.63125 0.19296875 0.43515625
3 0.2234375 0.3953125 0.11875 0.18671875
3 0.290625 0.309375 0.084375 0.128125
3 0.34921875 0.25390625 0.08671875 0.1203125
3 0.42890625 0.246875 0.04921875 0.08515625
1 0.94140625 0.32109375 0.065625 0.05390625
0 0.39453125 0.21875 0.07734375 0.06328125