1 0.9457131331984009 0.29791006383277696 0.07326043758467123 0.05788654160312508
1 0.4903396426977976 0.917140681042708 0.1292448439616777 0.14346167211208324
1 0.32467369912023275 0.9217768957078469 0.13500352103089916 0.13423214247680554
1 0.13433198213691952 0.9059194256274651 0.14824050542706693 0.14858558320625015
1 0.016584475916883112 0.913934560220486 0.033168951833766225 0.11588087955902786
1 0.5050206976498947 0.741232144473576 0.10777263568479185 0.18041615824437507
1 0.365422609115284 0.7397995438842357 0.1053912641334942 0.1647547906531944
1 0.22693996325372695 0.7617498919081248 0.12339763568479167 0.18077983415618065
1 0.07077517243512407 0.7786497172305902 0.13326395861557022 0.1903730397032639
1 0.03543073043943888 0.6948936194910417 0.07086146087887776 0.1633377610179167
1 0.41921042967121325 0.5770261337399997 0.09404432835784551 0.15668771751493066
1 0.29064501639680174 0.6330787248300345 0.09289790818602892 0.13481271751493065
1 0.1516234599743666 0.635534190445104 0.12043640999505119 0.18383209897381966
1 0.32722100350650296 0.545614439210833 0.08278592378986112 0.1205320119678472
1 0.2339623264372815 0.5384214946816664 0.08393898801421233 0.11275587955902786
1 0.3494102640219525 0.47955302811666634 0.06889384215265544 0.09367857123840277
1 0.2806978855732501 0.46554638592420117 0.06881195499752568 0.09211607123840296
1 0.3848431529861046 0.42878930870187465 0.0619887449116173 0.08103310087368065
1 0.3065510566495777 0.41890712205649283 0.0574650192218769 0.08404899810013902
1 0.3856144369073025 0.3842944262930552 0.049161196291098365 0.07449216014423624
1 0.3241004047951269 0.38182469614468717 0.05384869629109836 0.07460126291777787
1 0.3522187607425922 0.35151894709461773 0.050232373360319826 0.06515352773541672
1 0.3733877538451872 0.31981435220486076 0.042174211894930556 0.06028418977951393
3 0.4207950203535306 0.3085670744694441 0.08425989258219672 0.14865701196784728
3 0.12341262692259362 0.49036781402020824 0.24682525384518725 0.33521537385944455
3 0.23910460707911904 0.3658561636596178 0.11426829715018094 0.18524912860909737
3 0.2915578997067443 0.3029918345374303 0.0917448439616777 0.14258884992375007
3 0.3513733129811558 0.24853941745933997 0.10071040818602892 0.13499455547083344
3 0.4362020143606369 0.25280738373999967 0.05828389077317446 0.09967399810013902
1 0.9599051079836303 0.32489013792097143 0.04645227611928178 0.05258079255305557
3 0.05554955789277316 0.5078657449660069 0.11109911578554632 0.3123935100679862
1 0.9338505410457454 0.39026121799308944 0.06388543758467122 0.057668336056041804
0 0.2796963868164455 0.21665494424482615 0.058536196291098366 0.0747103656913195