1 0.13261913719294458 0.66944445916316 0.2059871382892529 0.26781252649368775
1 0.2597843271188108 0.758157273498463 0.22270341233587007 0.2996081635169965
1 0.785602716419554 0.30834087820726996 0.06684524881887377 0.08192461179556502
1 0.7232192783077863 0.26480664381636654 0.05719743030721922 0.07378472958157997
1 0.831785746456621 0.267817571128361 0.05687004809323426 0.06440972958157998
1 0.7146280175080132 0.33161219790005053 0.06862600362819701 0.08822917549789597
2 0.18111116777816566 0.4269047842982362 0.1604365361123347 0.21472224282842375
2 0.2076042019915838 0.2694295901960187 0.1128323606144388 0.1475148954608291
1 0.32372027531256153 0.28752980416850205 0.09277283175849824 0.10936013103285883
1 0.8361954826616229 0.37175110297952646 0.07336806733052796 0.08995536660488854
1 0.4965873456383143 0.34428577957373074 0.09041172359113023 0.131126003628197
1 0.8795263312103441 0.33893116849595584 0.07989088584218215 0.09798612141421188
1 0.4539881286706061 0.2639881551642939 0.06550100362819702 0.08812004809323426
1 0.8207837921876024 0.48903780670039076 0.10140378729346082 0.1330704495445131
1 0.937356189377712 0.3191023073333629 0.06506449400955035 0.07562004809323426
1 0.5502356460938012 0.24940235470880695 0.055689494009550346 0.07529266587924913
2 0.7301984869227921 0.5763889845605394 0.13327383538669527 0.1966071598887993
1 0.3989881154237621 0.16375005298737566 0.05374504809323426 0.06430060217691827
1 0.5307837524470707 0.18395840398316757 0.04582342068857255 0.060902783665263985
1 0.964007969414779 0.5896157039753184 0.07198406117044201 0.13748513103285873