1 0.37265625 0.5984375 0.06796875 0.121875
1 0.55859375 0.3296875 0.025 0.040625
2 0.39375 0.45703125 0.05546875 0.1203125
1 0.5140625 0.66875 0.084375 0.14296875
1 0.490625 0.4734375 0.05234375 0.08359375
1 0.47109375 0.38671875 0.03515625 0.05546875
1 0.40234375 0.4015625 0.03203125 0.0515625
1 0.40625 0.365625 0.03046875 0.04609375
1 0.46484375 0.33359375 0.02734375 0.04296875
1 0.6578125 0.60859375 0.08046875 0.11328125
1 0.41640625 0.328125 0.025 0.040625
1 0.45625 0.31640625 0.02109375 0.03671875