1 0.32656808694123407 0.2733129673774525 0.05516928903121974 0.08344884667409058
1 0.16358033283601742 0.9917426046705907 0.20009999394987582 0.01651479065881851
1 0.7030209817514315 0.12457875942867744 0.04722952400410509 0.06148294000636332
1 0.49662151170746494 0.230763482733906 0.06621587334017516 0.10232611600890866
1 0.589871541958086 0.14591686274663268 0.04417724687674216 0.07394657733927246
1 0.5145645532727674 0.6293827960693605 0.13411242134838536 0.22498291335136286
2 0.4199135659621911 0.2048725973901792 0.06474427693097126 0.1179329346753633
1 0.6854249364736958 0.18843217409290483 0.05674087939029935 0.08502952800763604
1 0.6009772136010589 0.1749503820814508 0.04725679508134384 0.06617044000636332
1 0.5151993157657994 0.33566006806967863 0.08354881908544912 0.12752611067790856
1 0.7828817194547912 0.2895594167727224 0.08973518657189175 0.11666133601209036
1 0.822498731358648 0.38532645011135847 0.12447380093507654 0.17956132535009015
1 0.4735152889330239 0.15315610339749702 0.03782725292686635 0.05668635200509069
1 0.42737608713762576 0.14480725405790643 0.03626475292686635 0.05666817067154524
1 0.5139266654946528 0.1169100680696786 0.034665891490547905 0.05039998933799979
1 0.9563964875069682 0.7501712947962668 0.08720702498606378 0.30417951734563575
3 0.7876050600102629 0.16149805144013146 0.1276169816532356 0.18272268801718106
3 0.6388675781606354 0.10820832475331418 0.07733518052176755 0.13370338534372678