1 0.908719789506146 0.2558802600611644 0.07161501482874755 0.07391553482570909
1 0.6086721436901277 0.9205155147550919 0.14938187056996632 0.15896897048981629
1 0.44926796878526787 0.9491312980546922 0.15190469269935694 0.1017374038906155
1 0.2666955493176156 0.9575402623244719 0.15863485376405234 0.0849194753510563
1 0.11848354239753336 0.9869953889641521 0.11846083992388783 0.02600922207169596
1 0.571957346769608 0.7580890547249545 0.12425453657757739 0.17957903663473135
1 0.4361816728533313 0.7854217593837958 0.12744320357377176 0.18130531094499086
1 0.30654591099033324 0.834997956240721 0.14676620653952135 0.1963504568065481
1 0.159531648138752 0.888360894391219 0.15607753954332698 0.1952792797373263
1 0.07685841099033325 0.8229605444366476 0.1364998685927999 0.17398413387576922
1 0.43808370695945087 0.6234573479184066 0.1126803666156336 0.16338082654882308
1 0.3277417731573425 0.6990980777920186 0.10891869665368965 0.14759205223856356
1 0.1963670977581911 0.7337076939162491 0.1340115385547438 0.18944535956550973
1 0.3407457919404228 0.6105269007227971 0.09064885771838496 0.12012879353213642
1 0.2483527034994098 0.6299552521477066 0.0954636917107738 0.1234994549975255
1 0.3426385557805872 0.5448609571452321 0.07920202174882984 0.10705558344622794
1 0.26910555528629565 0.5433560108541339 0.07888368676785787 0.09924308344622812
1 0.35999715213026573 0.4839201351189648 0.06561968281352523 0.07983798620519007
1 0.2829253161607106 0.49240766451760704 0.06086851581733077 0.0780298247398008
1 0.3477491615218059 0.4386519007227971 0.05592634783255326 0.07153416327441171
1 0.28555290905034797 0.4471361080951718 0.05761618182494201 0.0747410504295413
1 0.30248308247233296 0.4159237296464694 0.05592634783255326 0.07153416327441153
1 0.31478942289051237 0.3829031897323777 0.04785917984777566 0.06487472749876275
3 0.35565184482962264 0.3599913121881863 0.09479252965749527 0.14529256784239583
3 0.13352878851756275 0.6074517311168075 0.2670575770351255 0.3649034622336149
3 0.19276057258650123 0.4571485159425165 0.15008220752810458 0.20120173111680745
3 0.231754088403832 0.38403192051050083 0.1121710306460784 0.15088082654882315
3 0.27580251874589923 0.32135818012143924 0.11666752965749527 0.14643898801421235
3 0.356876105209746 0.31073161861062143 0.07327035672980173 0.1145405348257091
0 0.8111444525480076 0.26799075644311976 0.06762785178688588 0.09085737336031982
1 0.48477029494335344 0.20782570386587187 0.024710839923887916 0.03247830732694634
1 0.6587834565023403 0.24121581524040403 0.037911176882026075 0.050320904567984215
1 0.9168413542211628 0.34477566372463747 0.08943918479069168 0.09044129353213641
3 0.27031386410699454 0.2639174943457904 0.08430601581733077 0.07925813206674714
1 0.7901820592406283 0.5518744335123412 0.11953786167271777 0.14035276232447186