1 0.373844337918584 0.7011552227490644 0.11891866950744615 0.14504026232447184
1 0.44241079944399664 0.6548401447299033 0.08992065027015243 0.11856629353213641
1 0.4546875662342195 0.5151159034363305 0.06986112141421189 0.08008364767057934
1 0.5087029436388812 0.521066010288307 0.0750396947351895 0.0943918091359686
1 0.6123364413614466 0.993198880596409 0.12641865626060228 0.013602238807181876
1 0.3846131684111378 0.562911594300362 0.06889882213985139 0.09718926051544959
1 0.5319122982628702 0.7390723818396044 0.10016866950744614 0.14405761646291476
3 0.7082391852861788 0.7639096867917016 0.23929569001068424 0.42116675033868434
1 0.677683611332229 0.6258397987320606 0.07078870435383636 0.10664614767057934
1 0.6641369773041452 0.5728818950685876 0.060868067330527964 0.0905298247398008
1 0.562093327666965 0.5761120364075888 0.07342263103285873 0.09274742198083885
1 0.7052778432760616 0.5227900418346557 0.05363592068857255 0.06207727611928178
1 0.741951953257528 0.5457671964026399 0.05547123920022692 0.0699716632744117
3 0.6694296233131285 0.4788010244218011 0.1012946598887993 0.13163950361804452