1 0.8391809294440706 0.1715821234484038 0.0452173247398008 0.05830339600572696
1 0.7865505744011166 0.1764417987746314 0.050068599050060315 0.06148294000636332
1 0.49733210764494595 0.5787924500715876 0.14855476594251654 0.21253745735199914
1 0.5419872676399972 0.39795153007636014 0.09478795680654795 0.1400806546785449
1 0.612269869403591 0.2650941240849506 0.0627257293077852 0.0944227093411815
1 0.6112706134106972 0.20957992075108703 0.05409435775648745 0.07870680267345423
1 0.9545459006112555 0.29721901746494844 0.06535940637700648 0.0850840720082724
1 0.6402421404344901 0.13408957208781414 0.042010437584671045 0.05670453333863614
1 0.6119024564678636 0.09311003608367797 0.0338703889641522 0.0503636266709089
3 0.8206633028043905 0.10726508477876757 0.083775213703953 0.10872156667727224
3 0.9138943244011166 0.17792357745858517 0.1432940558566081 0.20154541335136283