1 0.15210936787877832 0.8910778913112736 0.19936584269572594 0.21635334802672618
1 0.20299170989818646 0.7475364293045923 0.12394767202418074 0.17954314401654478
1 0.6811337965468237 0.8747672599061407 0.16628062269254434 0.19253404002227156
1 0.5061883405474601 0.8721160692632306 0.16689878803308938 0.24565904002227157
1 0.29929290320659674 0.9299847552912294 0.19373291335136278 0.1350488040260899
1 0.46783600724064056 0.6772762839354121 0.1350124413589988 0.19060791335136287
1 0.6413729572326864 0.733842815245095 0.14618629869508962 0.21104768268618096
1 0.23053654925209463 0.5956739373010924 0.12690904002227174 0.1655170066836355
1 0.3290360418921413 0.7905949912874112 0.1793987880330894 0.2458044906906352
2 0.2582626545990031 0.4953648546308198 0.1159169960216353 0.16070223734881744
2 0.02051939596595611 0.5669147799968183 0.04103879193191222 0.1317954400063634
1 0.5781382552514583 0.5963160905872309 0.10988517202418073 0.17937951201463562
2 0.07900241593732107 0.46073695798854597 0.10456132535009015 0.12463746801399936
0 0.37632395329409274 0.2846444359484569 0.08741018801718106 0.12756247334499946