1 0.14707861191123134 0.6620130783578454 0.14932948002863503 0.21863489258219673
1 0.4284013372454131 0.6705027662812008 0.14805788136536221 0.2435530054270668
1 0.5137041325986849 0.5280087290806426 0.13637494668999892 0.1789172953411587
1 0.8349127772120056 0.9308172679208809 0.2047795013526354 0.1383654641582382
1 0.6399051952975926 0.2969778143358929 0.08224997334499946 0.09019563206674715
1 0.7500790792886838 0.3684168023501053 0.12656359468490824 0.14092597241038013
2 0.15719105060473013 0.4647662641334942 0.09086245202099903 0.15935506784239592
1 0.5369972766152296 0.40728014925245903 0.10775905068427179 0.13525582654882307
1 0.40353988661682044 0.3885600474888652 0.08724655601527206 0.11700379353213641
1 0.1724171559516386 0.365503248529662 0.06353633601209037 0.09233798620519007
1 0.9531762599459116 0.4486343260945379 0.08103291868236298 0.1198012449116174
1 0.9545927619350939 0.5284446568272325 0.08143290802036277 0.15417624491161738
3 0.8268421213001378 0.2880133293738983 0.23225106802990753 0.23234991180407355