1 0.4967052677573161 0.2901820592406284 0.09820668973360736 0.11319501977166349
3 0.12506646483093523 0.9503462153995891 0.19100168479069154 0.09357753954332679
1 0.7229812662744413 0.2879815947924416 0.10209569368794007 0.13207235376405224
2 0.8165376066926207 0.2506314920169725 0.08953202669174587 0.13000051779449712
1 0.6111497697344824 0.2761593685184378 0.07732118676785796 0.0983048488211364
1 0.14664296486811626 0.5548108809129084 0.13713653855474378 0.18809686068413461
1 0.16351874155986196 0.42777087844145056 0.09552735870696819 0.12400518577927463
1 0.8161198181378768 0.4331574905340978 0.13312020060802254 0.16609452669174568
1 0.3444795814837498 0.38919917387909553 0.09916169467652329 0.13663251977166357
1 0.2745703522068154 0.6884298527382879 0.19625155338349137 0.2607013725471326
1 0.2976947647915666 0.3123302677573161 0.0777668557412186 0.1092423488211364
3 0.18756768969642637 0.2778199579852151 0.17284854547482603 0.22231003460041113
1 0.3862134367306768 0.2837649159704302 0.0743235207602467 0.10130251482874764