1 0.4598332711465002 0.951313762074194 0.19948210085908258 0.09737247585161199
1 0.47123319086403137 0.08569608841329507 0.04456222749876275 0.0465400308788124
1 0.5085760606063066 0.1196451910788621 0.0561548247398008 0.05935827962517117
1 0.36823766564926075 0.11008467148282079 0.049659163274411534 0.05448892319868044
1 0.757347837518558 0.7027605341110107 0.2370307677515388 0.26587636724704355
2 0.5180983090244269 0.5948641514245611 0.2386552227490645 0.3564104390337981
1 0.28036145013628555 0.26401600204506404 0.08040455223856365 0.10530727711788872
1 0.36707355608375086 0.23680629585600016 0.0783507293077852 0.095886813011266
1 0.6856088721171243 0.20538777744709308 0.09562011646291495 0.09794941818411554
1 0.2058295188831926 0.14839335055399597 0.06034435775648754 0.07976170783841656
1 0.260141882632574 0.12728288017916714 0.05352114767057934 0.06864235141192579
1 0.050893035391535967 0.13371342194503918 0.050478034825709076 0.07011392319868044
1 0.12424532621013887 0.12254625290299388 0.047107373360319824 0.06533549498543509
1 0.969941849277203 0.3936225294921572 0.028016536634731182 0.1178239974927175