1 0.6552544053946335 0.42886399983036394 0.12094994135899881 0.1932093413771451
2 0.6398459393698165 0.24651529130017624 0.07042268268618095 0.1461508029025577
1 0.7429800300365892 0.24369533694633977 0.08413973734881744 0.1169543762235354
1 0.6509914300206809 0.1296725316815294 0.05254429201145392 0.08617560217691826
1 0.8702948660089087 0.03526029965287873 0.044331802673454136 0.05152778366526396
1 0.8203403193427722 0.04091258812746612 0.044368165340544864 0.05465278366526396
1 0.830024402013045 0.06714770591348099 0.04756589067472703 0.06101191106992567
1 0.8250556386855447 0.11030742887163898 0.05248974801081765 0.08148810217691826
1 0.5449965160327712 0.222472645291193 0.07783519334818116 0.11204862141421197
1 0.9130283533577261 0.14787686154111107 0.0696954293443632 0.08365080290255769
1 0.6963397453453176 0.06400040246276915 0.0413704346753633 0.06548115626060225
1 0.6380999840069996 0.029300509449010824 0.036537484006999674 0.052817465153609675
1 0.9752732673456357 0.20269828159671138 0.04945346530872854 0.11273810217691818
1 0.9263379700429525 0.28418638377362965 0.0999283693507266 0.13156251324684387
1 0.9852022506763177 0.15156236753156085 0.029595498647364594 0.08859127404661712
3 0.5796335033418177 0.051388852092100236 0.06544428134945371 0.10277770418420047