3 0.07462299936702782 0.3988492169677082 0.14924599873405564 0.3070734339354164
3 0.4941145546318381 0.2307961984482047 0.26323415389834964 0.20894844718226038
1 0.6012920382201333 0.933675628670606 0.27867561542376224 0.13264874265878782
1 0.25266114229596814 0.5149082705032381 0.13763395317271013 0.18739585099579195
1 0.4866343490120574 0.5793973895551974 0.19357641832631992 0.22524308057737202
1 0.21402775054815418 0.21006451387981612 0.051800602176918266 0.05330853847458741
2 0.29457834610165046 0.21053079454985518 0.06835318511654283 0.08041667549789597
1 0.11132684728277682 0.28391618693064136 0.058978185116542826 0.08008929328391083
1 0.555664635124392 0.3721776557972661 0.13232640507947585 0.12478672359113015
1 0.15417903539454447 0.24395587504240898 0.05234623920022683 0.06893353847458741
1 0.8374503153467934 0.6354515044308053 0.27756947241000385 0.21725202050323808