1 0.365625 0.66484375 0.08515625 0.11328125
1 0.4203125 0.609375 0.0625 0.09453125
1 0.41328125 0.48046875 0.05078125 0.0609375
1 0.46171875 0.475 0.05390625 0.07421875
3 0.28046875 0.97109375 0.23046875 0.05703125
1 0.61953125 0.9421875 0.1078125 0.115625
1 0.35703125 0.53828125 0.046875 0.078125
1 0.5109375 0.66640625 0.06796875 0.11640625
3 0.67109375 0.653125 0.14609375 0.3515625
1 0.62578125 0.534375 0.046875 0.08671875
1 0.60703125 0.48984375 0.040625 0.07421875
1 0.5171875 0.51328125 0.05234375 0.071875
1 0.63671875 0.4359375 0.03984375 0.0484375
1 0.67265625 0.44921875 0.03984375 0.05546875
3 0.60078125 0.40390625 0.071875 0.10390625