2 0.7386773742406942 0.2059931826990849 0.03906380642076392 0.06827863855894431
2 0.6774664640964582 0.24955531459411162 0.05043771751493065 0.08734688730530316
1 0.7998148959921874 0.19917253285736944 0.04662173328249999 0.05756845909205777
1 0.7766124789140971 0.2555672853646519 0.05167290919430556 0.07332985141192587
1 0.27487848622920086 0.6514023417785074 0.12464024335048629 0.18943823620994635
1 0.4514429458603468 0.5556903396669364 0.09738675911805572 0.15897784639736087
1 0.33375087205649273 0.3388401572970558 0.06453658510611113 0.08931856426490725
2 0.7208326447579164 0.36808400573948075 0.07006053970326391 0.12539245658477532
1 0.8578456015392707 0.19147970480240867 0.04338763050895835 0.05279003087881238
1 0.4122927929343052 0.39037757673481255 0.0761650693385418 0.119324313011266
1 0.869635127090486 0.2895451317620128 0.06115701196784755 0.07829013605166182
1 0.8542802711828121 0.41183766890903134 0.08375936379145835 0.11017663354437932
1 0.5293017210303124 0.23351747446495694 0.04713087955902786 0.07944345909205772
1 0.46841877241708313 0.22940062430667235 0.0470945119678472 0.07788095909205772
1 0.8489848674037492 0.8408803112288993 0.1552369331300003 0.22936455423577726
1 0.3823546390583331 0.1987523663891136 0.03553876291777787 0.051000210345698974