1 0.7388492235911303 0.1409435633066598 0.04582342068857237 0.06013865909060954
1 0.7520411935540633 0.18333561484878733 0.05703373920022692 0.06814207386326192
1 0.6892038876562807 0.1502270600602489 0.05229167549789597 0.06649775324641087
1 0.8140873257680484 0.19378791963732578 0.056979175497895794 0.06657957386326192
1 0.7580754279449666 0.2443412986961632 0.07703870435383653 0.10440685633066593
1 0.6881275156939146 0.2759128526739227 0.09159227767481415 0.11871481818121907
1 0.8467956767638404 0.3255288433384319 0.09277283175849824 0.10780459172016936
1 0.6834821996293311 0.4335480746707455 0.11940974282842394 0.15511596834337488
1 0.8190848829317753 0.47104984902047475 0.13541668874473983 0.16632620373287815
1 0.8805631077888499 0.8427919537312306 0.23289686787083283 0.3144160925375388
1 0.9646776193684452 0.7048499249123316 0.0706447612631095 0.18891822402541775
1 0.3916939705959053 0.171580314120734 0.07654763103285873 0.09034435633066593
1 0.23181057222466936 0.4225410219140972 0.15142363466105585 0.17753643912238176
2 0.4500000331171098 0.25379852475347103 0.105292679126093 0.15330800649282175
1 0.5012872585223385 0.4256832073830309 0.12140875244707079 0.16764324188232518
1 0.4786929735911302 0.1364025190714282 0.06813493030721922 0.0730204886359143
1 0.589042685749515 0.21094064325900166 0.06711806733052797 0.08861821509696392
1 0.5493229321213179 0.12436221509366865 0.04911211179556503 0.0648807061685102
1 0.6118774958236488 0.12701565665168224 0.054017866604888456 0.07121252678536125
1 0.6240401899258663 0.09521623173276014 0.03924603847458741 0.050654564934808154