1 0.5439227168225127 0.03601460407381478 0.056595433645025395 0.060029528007636015
1 0.6228607830792914 0.04240151141785975 0.06134656615858276 0.07102157200827235
1 0.5137630390312198 0.0887850680696786 0.06295451795398091 0.07885225334181781
2 0.6005999636992547 0.1101066320814508 0.07559087334017515 0.10243520401018133
1 0.7382272287263694 0.13358158943344994 0.09913745764913066 0.121457924013363
1 0.6864016291939077 0.22203501475967755 0.11014768052176756 0.13408519334818117
1 0.6630146470496927 0.36472195408972313 0.1370192527304745 0.1875192760184537
1 0.22727713494944424 0.39402436203054403 0.1102840359079618 0.15752269334818117
1 0.23061277585081683 0.8330218590069997 0.24723965612487894 0.33395628198600064
1 0.44271175828961945 0.4980867953930427 0.15122719847574828 0.21268290802036277
1 0.3351749515990064 0.1413908053787252 0.06768746974937905 0.08671929734245412
1 0.41801926785578497 0.14782316605663376 0.0771988251355733 0.11026588534372679