1 0.7398012821289532 0.11817607196379995 0.03622134288963732 0.04691354135632886
1 0.6913611235357158 0.1587861093911874 0.046360346843970036 0.066100188998964
1 0.814558543003368 0.16635455273337757 0.04760451186299832 0.058360463606069855
1 0.7813759698853943 0.21642948139325938 0.0545548488211363 0.07583906203449331
2 0.18532195954245195 0.5909417154680966 0.2256445761209044 0.3707620719592907
1 0.7083178132693232 0.2675789125343405 0.07633168973360735 0.11272263192686945
2 0.8356734921285156 0.31956944396587195 0.08965936068413463 0.13361732878371627
1 0.9124296517103362 0.2823369636105791 0.06568334980971961 0.08103598428423435
1 0.9407973908359214 0.22935535877201482 0.06692751482874755 0.07329625889134021
1 0.7511260316718426 0.5113631457851175 0.10604836463846716 0.1530950748547749
2 0.4095699540680634 0.15860428867024173 0.05519151878308026 0.09146406203449331
1 0.8241058642185376 0.9001131226257538 0.18953202669174588 0.13514990363849116
1 0.9995848004177418 0.5038972863984392 0.0008303991645163932 0.14469606989237604