1 0.0790590818823915 0.5530424290380173 0.11548391066226811 0.1627113735787013
1 0.10383645836714192 0.720063329066252 0.15754704169936504 0.2681115051204975
1 0.6132775868304494 0.09842792163961962 0.032613923198680436 0.04869510523343697
1 0.41696356182413175 0.35865830830191336 0.07202341567683312 0.11650423151356133
2 0.32324230555592565 0.30952212926389616 0.08661476458147632 0.18910727360693613
2 0.32750155971256073 0.18994537663306024 0.042807277117888634 0.07736613680346807
2 0.3816063865138803 0.2335896898437096 0.04964831050398359 0.09804265785015547
1 0.47722877507282463 0.1905838715125627 0.044187920691397944 0.07120714206513994
1 0.4043368443522969 0.1761111188111396 0.03922763605166182 0.06155912628012437
1 0.38249058808409064 0.12278869773621737 0.03605717194503919 0.05981461575678067
1 0.32800767656389274 0.11894263189473206 0.03454013605166191 0.061286110495108834
2 0.7206351649519173 0.6170652585983796 0.1360357545523465 0.2793374314570915
1 0.500754854777138 0.10576155047999274 0.03275031551854859 0.053382605233437005
1 0.4491923547771381 0.10876472411516377 0.02948892319868044 0.04851309471009326