1 0.52109375 0.33984375 0.07265625 0.090625
3 0.0859375 0.92421875 0.16953125 0.1515625
1 0.72734375 0.38203125 0.07265625 0.10703125
2 0.81796875 0.36640625 0.06015625 0.109375
1 0.6265625 0.34921875 0.05546875 0.0796875
1 0.16875 0.5140625 0.09453125 0.15546875
1 0.19921875 0.4 0.06875 0.1015625
1 0.79453125 0.53515625 0.09609375 0.13515625
1 0.36953125 0.40078125 0.06875 0.11328125
1 0.26796875 0.66328125 0.13828125 0.21484375
1 0.33671875 0.3203125 0.05390625 0.090625
3 0.23984375 0.26640625 0.12265625 0.18125
1 0.41953125 0.3109375 0.05234375 0.08359375