1 0.16884200135263544 0.13244993700111213 0.07739884134309047 0.0763342578219206
1 0.16144712468172656 0.10160946067863548 0.0913340720082724 0.06621580517696724
3 0.22490055000795417 0.05513555005646974 0.21230110001590835 0.11027110011293947
1 0.23429482602640786 0.1810169686417304 0.07916133601209037 0.09361276308359248
1 0.32474710335772616 0.16089491346476317 0.08373974801081766 0.08451077886860796
1 0.3209232167011348 0.23538667924977874 0.09024428668045399 0.10674979991529536
1 0.4395914007001803 0.2214390293627182 0.09802042401336308 0.1040798262236546
1 0.44658738271799764 0.3523705109468667 0.11391814401654479 0.12842737884037314
1 0.5777010227164068 0.33300731896643143 0.1216942813494537 0.12575740514873246
1 0.9568959846833174 0.2482565324876643 0.08620803063336524 0.12237479991529536
2 0.45408006735358997 0.1228727267459997 0.09491360534690844 0.10546031570031093
1 0.9511096086887264 0.3400268035343517 0.09778078262254723 0.14654034200867017
1 0.7029293840706331 0.4797241532943553 0.13156017735518083 0.16849093671876342
1 0.5503225520766784 0.5331739189381965 0.14426017202418073 0.18640647881213823
1 0.8612118620305441 0.17499260871131894 0.0872465560152719 0.1175052893919517
1 0.7918255153564535 0.1243093402248803 0.06971361067790856 0.08681673151356137
3 0.6788982540181354 0.10419337528234869 0.16973288669636233 0.20838675056469738
1 0.7749487400540884 0.35357190599577837 0.14040791868236296 0.12372446828879458
1 0.9082515887173613 0.8209274640153431 0.18349682256527727 0.26404563140062187