1 0.72421875 0.19609375 0.02421875 0.03359375
1 0.56328125 0.9421875 0.1078125 0.115625
1 0.55390625 0.72109375 0.084375 0.1609375
1 0.4109375 0.775 0.09296875 0.1796875
1 0.44609375 0.584375 0.07890625 0.1484375
1 0.27890625 0.76875 0.10390625 0.18515625
1 0.32578125 0.6140625 0.08046875 0.121875
1 0.196875 0.66640625 0.09453125 0.13671875
1 0.36015625 0.50546875 0.06015625 0.1
1 0.26640625 0.5265625 0.071875 0.1015625
1 0.39453125 0.43359375 0.053125 0.07421875
1 0.3140625 0.4359375 0.05234375 0.07578125
1 0.39609375 0.37890625 0.03828125 0.06484375
1 0.33515625 0.378125 0.040625 0.06484375
1 0.35859375 0.34609375 0.03828125 0.05703125
1 0.3734375 0.315625 0.03203125 0.0515625
3 0.4171875 0.30078125 0.06171875 0.13125
3 0.05078125 0.70859375 0.09921875 0.34296875
3 0.1671875 0.46171875 0.16640625 0.23671875
3 0.2796875 0.31953125 0.09140625 0.1390625
3 0.34765625 0.25078125 0.08671875 0.121875
3 0.42734375 0.24140625 0.04765625 0.07578125
1 0.95 0.31640625 0.06640625 0.0484375
0 0.43046875 0.22578125 0.06640625 0.07421875
1 0.809375 0.425 0.075 0.071875