1 0.6453125 0.153125 0.04296875 0.06640625
1 0.68203125 0.18515625 0.03984375 0.06875
1 0.6890625 0.23359375 0.05 0.07421875
1 0.75 0.3359375 0.07578125 0.10390625
1 0.68515625 0.5609375 0.10546875 0.18359375
1 0.91796875 0.515625 0.11953125 0.171875
2 0.42734375 0.90546875 0.17109375 0.1890625
1 0.13359375 0.68046875 0.14765625 0.209375
1 0.32734375 0.23515625 0.05390625 0.07578125
2 0.48984375 0.41484375 0.06796875 0.1609375
1 0.42265625 0.29609375 0.06171875 0.08671875
1 0.41015625 0.18203125 0.03671875 0.05703125
1 0.4546875 0.20703125 0.046875 0.06640625
2 0.46953125 0.11875 0.02734375 0.059375