1 0.5484149914818787 0.702012795114016 0.178728566556366 0.3122144742194024
1 0.6363588709444579 0.4571750079134578 0.11698076866768634 0.17316526232447185
1 0.6082295113640857 0.09756099050060323 0.03988070616851012 0.048922178878243815
1 0.7190680052783011 0.3778393899802049 0.1102671185055307 0.1462752137039529
1 0.5432885296280302 0.23412925429541315 0.05596935633066593 0.07630355042954129
1 0.6327134939142154 0.30762870929293873 0.07987050649282175 0.10409435775648763
1 0.6711971156661567 0.11884617028335817 0.04311480032431163 0.05533595318850333
1 0.7250351818187809 0.1255775271353346 0.04788412094116268 0.06026911465389255
1 0.7064567313323137 0.20436426842890737 0.07011367694751698 0.08172803482570909
1 0.5305078859586964 0.1599547698992454 0.044759120941162675 0.06010534034363309
1 0.5668681258124265 0.1376194244672297 0.041715941558013545 0.06462906603337353
1 0.4721732345787245 0.1420402515818797 0.03363070616851012 0.04859463025772479
2 0.8093771797901861 0.221487570667471 0.08957278896022594 0.12333568068726616
0 0.5018840539777595 0.09746141395178011 0.04020798863591431 0.0676721788782438
1 0.5379033745946106 0.0946573185197644 0.0287795649348082 0.03897396879233552