3 0.4996507232654577 0.5235425853987449 0.11410105203690737 0.27704199710451577
3 0.6155831639083679 0.7040370682352372 0.19309985073199698 0.4899829528527029
3 0.8074797625716407 0.7379883449092576 0.2623941960534523 0.40575781017246654
1 0.6659938859405028 0.46953794375196567 0.03964430267345413 0.051819365177646404
1 0.6227075099459116 0.4276565047530017 0.02694430800445442 0.034049668320799496
1 0.5823734112826386 0.4007643649682494 0.022347714672181596 0.04164384449948209
2 0.5999518099538658 0.36797113564641387 0.022347714672181596 0.041643844499482
1 0.6128148892823205 0.40452721980681366 0.023819308004454243 0.03390411910658777
3 0.554857485956411 0.347110672040344 0.04756589067472685 0.06155823821317572
1 0.5852444199554566 0.3555610268789082 0.019077264003817974 0.02899829528527036
1 0.6178932879535476 0.3711517936281313 0.022274989337999783 0.03539384449948209
1 0.5889137652769116 0.44327935070022584 0.03651930267345431 0.05167381596343468