0 0.3920790366347314 0.10371026552427862 0.18277263568479177 0.18418157095872498
1 0.41224545171816523 0.20475441035213549 0.09858134215265543 0.0954613221398513
1 0.3152575870642727 0.16118051434315225 0.0924132293077851 0.09680556733052796
3 0.5831378058566082 0.18000240309574134 0.28349633197589 0.26100202050323806
1 0.970668783355371 0.5228024504711855 0.05866243328925798 0.13419643992586608
1 0.5414593181810801 0.2957290960168325 0.12341092378986111 0.12284227767481415
2 0.41626456637205783 0.2515748466498046 0.10515224672063965 0.13156251324684387
1 0.9911107581406003 0.4548510586385534 0.017778483718799264 0.10766865626060226
1 0.9412861595427955 0.3622295382201334 0.11742768091440894 0.11670140507947595
1 0.8504525378779269 0.3373783603599847 0.10203389077317446 0.10182044954451311
1 0.4880311030067892 0.3664706711519087 0.13541295680654794 0.14353672359113015
1 0.714185246493497 0.5299800665279196 0.1775938127540133 0.1746428798517325
1 0.8573742452503016 0.27530494629483415 0.09899077792830405 0.1032738221398514
1 0.7593561471047525 0.24194186398818177 0.08271068068726617 0.09022818511654282
3 0.8609419012886239 0.518673000378518 0.2781161974227523 0.4509375397405318
1 0.6106685001115417 0.6306472438399142 0.180875943011738 0.20750994355406327
1 0.8729515733810043 0.8562920514669774 0.23078741180407364 0.23732641832631957
1 0.8108400819758901 0.22370772996009808 0.0762150192218769 0.0853224303072194