1 0.8033774412752756 0.360922504485213 0.06094180810555194 0.07055469468185845
1 0.05372850579096825 0.5435749657285458 0.1074570115819365 0.1996499314570915
1 0.2630306153870434 0.5252932155167842 0.17406685442427944 0.1908965577372161
1 0.8617871007047351 0.40192620705957915 0.0661387303552928 0.08176521046687402
1 0.9093662679920772 0.47363387806391427 0.07497007485477489 0.10409523677523325
1 0.6408495543860073 0.503429980948864 0.11207196856846871 0.13118835779368573
1 0.6404385237830456 0.6804475072572232 0.15404545285270288 0.19596348933548208
1 0.6154279851128038 0.27555560993041145 0.05589043507002263 0.06246917889684287
1 0.7351582882559569 0.29506301507914384 0.04636988585581072 0.058798147326811726
2 0.6299375556288617 0.9338869655167844 0.2061516083532208 0.13222606896643113
1 0.8492654443801566 0.9969924522214303 0.06668238585581107 0.00601509555713946