1 0.7750719549868087 0.26598784316870816 0.0473313569862416 0.06018722749876275
1 0.1033458433608796 0.8156493334462279 0.12093752649368783 0.20285276232447202
1 0.8355555872007938 0.2785154986412036 0.05062004809323426 0.06503850180902226
1 0.8944320793962455 0.3120140733810044 0.05267362141421188 0.07918288896415202
1 0.70664439191745 0.38327384045517465 0.0750396947351895 0.0943918091359686
1 0.7646329959084668 0.4806711408847161 0.09304565027015244 0.11873006784239593
1 0.4913170030800429 0.3135024937799636 0.06635417549789598 0.06898237336031983
1 0.6284796971822603 0.28871825700894665 0.05379961179556503 0.06676477611928178
2 0.8560541479927177 0.6422061844168524 0.13814487386128285 0.2489841338757694
1 0.9859300986335391 0.73707602837853 0.028139802732921736 0.21191350180902227
1 0.4457888037051658 0.8624037033578453 0.22333832939624543 0.27519259328430934