1 0.7675477844959989 0.11015625 0.04643071509696384 0.0640625
1 0.7187381375802542 0.13359375 0.055887535713814884 0.06875
1 0.7317612524290414 0.8796875 0.19896715421934558 0.209375
1 0.5651644930968459 0.55546875 0.1363035129856435 0.2
1 0.5357382715070601 0.39140625 0.08990007142762976 0.1375
1 0.5653285397710047 0.2515625 0.0641636858759707 0.0953125
1 0.5456512394466932 0.1984375 0.05292617694751698 0.078125
1 0.9332330600635441 0.203125 0.07655459172016918 0.0890625
1 0.5466449492686513 0.12109375 0.04163412094116268 0.0578125
1 0.5093670917201694 0.0890625 0.03530230032431163 0.053125
3 0.730642073863262 0.0546875 0.08315914772652384 0.109375
3 0.8517318697233467 0.09921875 0.1472137394466934 0.1984375