1 0.8219732983290324 0.9211694850968903 0.1816903517868859 0.09475803756616089
1 0.4938177593171781 0.7247334727767816 0.19025622136826909 0.26669670456235506
1 0.2845024036131405 0.4446798527382881 0.13082287155854946 0.18627969269935693
1 0.43152464224443393 0.4925059046017237 0.1250530326232447 0.1595261917107738
1 0.5489323181378769 0.44404454688333866 0.12875103558899426 0.17371602570316255
1 0.6745318374152488 0.34767227118017613 0.10232118676785795 0.09932352076024671
1 0.8146819935370283 0.39187857452648656 0.10857118676785796 0.09957818874502422
1 0.39396492832771984 0.32322666399326383 0.07582235376405233 0.09980368182494201
1 0.5116962563886096 0.3433879722824901 0.08857702174882984 0.10656301779449713
1 0.15950901528585817 0.31562104692051973 0.07601335475263546 0.10449118182494202
1 0.32121051924019084 0.29031334631249744 0.06788251977166349 0.09636034684397003
3 0.8076427677573161 0.2775123269979445 0.20110087946721472 0.2265810405319101