1 0.41171875 0.4984375 0.05234375 0.06640625
1 0.46015625 0.49140625 0.05625 0.06640625
1 0.35390625 0.5546875 0.05078125 0.07421875
1 0.4296875 0.6140625 0.06953125 0.09453125
3 0.36875 0.80546875 0.22890625 0.3609375
3 0.48984375 0.60859375 0.171875 0.26484375
1 0.575 0.53125 0.046875 0.071875
1 0.60703125 0.49140625 0.04375 0.06328125
1 0.70078125 0.84140625 0.11328125 0.18359375
1 0.45546875 0.525 0.07265625 0.06484375
1 0.63359375 0.471875 0.03984375 0.05546875
3 0.57578125 0.4359375 0.08515625 0.09453125
1 0.65546875 0.44375 0.03828125 0.05390625