1 0.7330844140304449 0.04239165471326681 0.046331171939110224 0.026846342889637352
1 0.7255292406084599 0.07416823672848924 0.05092051285158128 0.06291117688202615
1 0.5152536323957833 0.18376477672892674 0.06137785178688589 0.08985567885919248
1 0.5427366452473645 0.12384594866803703 0.05117518083635879 0.06916117688202612
1 0.6243394723196711 0.1569077994663398 0.06756418479069151 0.08854784684397003
1 0.718204947073619 0.6764310736866275 0.19082922433401847 0.2807592045623551
1 0.7728698142207253 0.12226749710861258 0.06906301779449713 0.08704901384016442
1 0.4816399777568786 0.12526918581645577 0.04467051285158128 0.06265650889724857
2 0.5301066526617383 0.0881166957022875 0.04349001482874755 0.07196784190105418
1 0.5901992356655439 0.09213037505577157 0.04948534684397003 0.06597250988583174
1 0.8781674678710468 0.18837926984602557 0.09358285672980174 0.1145665187830803
1 0.47317090315602994 0.08344910034119221 0.03596667490485981 0.04046317391627661
1 0.5492532420913345 0.059942616158523 0.04291701186299797 0.05790534190105419
3 0.46510912197847887 0.6269908533069417 0.368667653230392 0.740378238174183