1 0.7351091538983495 0.17033117977341355 0.03595734736759475 0.04671317391627663
1 0.6863095553496283 0.2067435236516341 0.04604167549789597 0.06740767589344294
1 0.8040972560752678 0.2191559989370547 0.04894842068857237 0.0612850098858317
1 0.7697421034428625 0.26593283984952576 0.055689494009550346 0.07560217787060938
2 0.22136912394610064 0.5589744574909236 0.20348218638248722 0.3312685405319101
1 0.7002034189592921 0.31336093817637056 0.0739682680561673 0.10755251482874764
2 0.81949162149903 0.3687421634617912 0.08728672359113006 0.13149935079830274
1 0.8942361611547437 0.3359668141463632 0.06522818511654264 0.08067167984777565
1 0.9214236545313217 0.28557022471676696 0.06651786660488881 0.07292284684397003
1 0.7313170428205746 0.5546252667315519 0.10496529691210785 0.1462621877564409
2 0.4266790950053421 0.18759291152180588 0.051165685116542826 0.08009867688202617