1 0.52109375 0.33984375 0.07265625 0.090625
1 0.71015625 0.33828125 0.06484375 0.0984375
2 0.79296875 0.33203125 0.05234375 0.10390625
1 0.61796875 0.30703125 0.046875 0.078125
1 0.11171875 0.60390625 0.11875 0.190625
1 0.1828125 0.43984375 0.075 0.121875
1 0.75703125 0.45390625 0.078125 0.11484375
1 0.3421875 0.47421875 0.09140625 0.14609375
1 0.1421875 0.88671875 0.19765625 0.22578125
1 0.315625 0.353125 0.06796875 0.109375
3 0.21953125 0.284375 0.13046875 0.2015625
1 0.41328125 0.34609375 0.0625 0.09609375
1 0.95859375 0.6765625 0.08203125 0.19453125
1 0.775 0.9578125 0.153125 0.084375