1 0.6710064849563052 0.15843580737500518 0.04391513605166182 0.061094008897248565
1 0.6574835425572949 0.12277022140545002 0.03444920783841639 0.05758700692008221
2 0.7142312992212124 0.2226229827741565 0.06264841567683313 0.1149193458553869
1 0.8519743062808415 0.4779391769563882 0.1122679824490227 0.15751802273741297
1 0.3045239594212622 0.6772442268054764 0.16443353919208265 0.28761669961943925
1 0.21961644734706826 0.4677790434976597 0.10436455423577744 0.1540746877564411
1 0.3124404448397858 0.4934103962731287 0.11842705423577744 0.15464769072219048
1 0.417498703219563 0.2690563365010278 0.06531877461060631 0.09942167984777565
1 0.38304949538114647 0.21146932958094555 0.05530727711788872 0.0771646778706093
1 0.4591429824490228 0.1716520958925679 0.04869356426490725 0.06441000988583175
1 0.5178480442066475 0.25831910775556605 0.06540970282385157 0.10254667984777566
1 0.41287573620994644 0.13699325300293058 0.039136707838416565 0.057778007908665385
1 0.4806709899708702 0.10698210083548379 0.03573892319868044 0.04827567391627659
1 0.5269238643440495 0.11432902722321833 0.03592077962517113 0.05452567391627663
2 0.4446509219450392 0.07586209342110999 0.03646634890464338 0.07327567391627662