1 0.6473452370159889 0.5992375380714554 0.12650899960721668 0.2630121285298145
1 0.5393862495090207 0.30857909732179767 0.06630677693097127 0.11909699247815268
1 0.637460135145836 0.24321485860456876 0.056777240826617795 0.09226170783841656
1 0.7175965661585828 0.04944447506018936 0.028315897540672097 0.03363085391920826
1 0.7303238251355733 0.08814326220720792 0.04250566256778665 0.055915030878812375
1 0.6816914032962086 0.19035663156582236 0.05824883723582168 0.0766821719450392
1 0.603911316060387 0.11760710484364509 0.04094316256778665 0.055869566772189704
1 0.6720618732419793 0.14687941620555844 0.04556703005422928 0.04506845909205772
1 0.8064050569852007 0.1375007530360079 0.04725679508134419 0.06698892319868044
1 0.8878595900644921 0.17029286949162845 0.058248837235821325 0.0766821719450392
1 0.8737112525340829 0.2902560285045439 0.09123405405833437 0.10732441818411545
1 0.606749969749379 0.06829742663039973 0.03152271077238851 0.04778428213245363
1 0.6402437257995032 0.05013244833801208 0.025236349336070062 0.04135242570596289
1 0.5597613402608838 0.050130099829080156 0.026817030054229286 0.044522889812585585