3 0.0533325535574379 0.4049742903228715 0.1066651071148758 0.16817641935425698
1 0.10400237179718422 0.4784802568244255 0.09364730024766903 0.10258565260503386
3 0.3447493422276796 0.5483410308123589 0.5035918043814982 0.5021020789886042
3 0.7803121989282706 0.7034542923942954 0.39236320595307494 0.49068508188408816
3 0.24917793879407624 0.3407533167920042 0.19935795285270289 0.1963785020669146
1 0.4098393029382653 0.38939837034944214 0.11446922249741007 0.11446922249741007
1 0.5644518742783836 0.4172771596388564 0.14851889081820957 0.14255998924663302
1 0.7601432098865255 0.45025867183996543 0.1842038337461151 0.17228603060296183
3 0.8846038624915593 0.3555925270928144 0.20473896567298447 0.24496155128112634
1 0.6460679013666888 0.3721594046764577 0.14481169396136268 0.1299144400324213
1 0.47081534429459426 0.35225793527941957 0.11127144789030421 0.11276117328319826
3 0.33806065632908755 0.3069904387940762 0.20190075599585597 0.18402405128112634
3 0.6423755512856355 0.7192334578196108 0.6685275996667686 0.5284934127347191
1 0.08749976840636205 0.5649999536812723 0.12010279238978616 0.13500004631872747
1 0.9330691335840084 0.4866391658441094 0.09005141935425698 0.12580482878371627