1 0.387977111458102 0.48818705927754796 0.05654540653397522 0.07405566534054522
1 0.4396851606723137 0.4844620752705483 0.05959763192686936 0.07252952800763594
1 0.3259458382987382 0.5459091999522749 0.0569820541766104 0.08343066534054522
1 0.3963268048002922 0.610679677275639 0.08129284946188076 0.10245338534372692
3 0.45879041749673927 0.6107336739338212 0.15924668320799568 0.2673340453532719
3 0.5320160558337494 0.5138399452578216 0.1145848465663967 0.2137181493475449
1 0.647178675354622 0.6397746419080497 0.0887072431755744 0.12752611067790856
1 0.5833623860652078 0.4843518925843674 0.04339043507002245 0.0598477146721816
1 0.6099077694398194 0.4676456505808676 0.04502570967712849 0.06142839600572696
1 0.40391248056468987 0.4645768366088663 0.08081766046291676 0.05872156667727228
1 0.6471701749403374 0.4890752079090042 0.054982906533975216 0.07403748400699968
1 0.6019518742783836 0.4372859885821402 0.043172111248705035 0.055160214672181594