1 0.43203125 0.62421875 0.15 0.20703125
1 0.20078125 0.05703125 0.03125 0.03359375
1 0.24765625 0.05546875 0.02890625 0.03359375
1 0.290625 0.05546875 0.03046875 0.03671875
1 0.2921875 0.0359375 0.02890625 0.03359375
3 0.2734375 0.27421875 0.165625 0.259375
1 0.52578125 0.42109375 0.12109375 0.13671875
2 0.36328125 0.0796875 0.04140625 0.05
1 0.19140625 0.584375 0.109375 0.18671875
1 0.30703125 0.1109375 0.040625 0.04609375
1 0.34296875 0.10078125 0.04296875 0.0515625
1 0.45078125 0.14921875 0.05703125 0.06484375
1 0.54296875 0.15 0.059375 0.06328125
1 0.628125 0.18515625 0.07265625 0.06875
1 0.11484375 0.1359375 0.03671875 0.05390625
1 0.175 0.12421875 0.03828125 0.05546875
1 0.05390625 0.1484375 0.03515625 0.05546875
1 0.609375 0.14453125 0.06640625 0.05546875
1 0.1140625 0.0734375 0.03359375 0.0484375
1 0.73203125 0.33671875 0.11953125 0.0984375
1 0.8453125 0.31875 0.11796875 0.10390625
1 0.95078125 0.31015625 0.09765625 0.1