1 0.08564921291368785 0.6223522438516799 0.1654624152982611 0.24157948770335977
1 0.781705038834828 0.21704063436026905 0.05351588544042372 0.06749657220870695
1 0.8629732195529872 0.22063833303240918 0.048864746876741805 0.07371930113146812
2 0.10471633371978022 0.40840791851971503 0.1903624213483853 0.22453743344863372
1 0.3410896500747548 0.3504101079202771 0.10848518657189174 0.1162522347764936
1 0.4566828338179761 0.34561404449216876 0.1037431444174139 0.10684996369925477
1 0.2945686531980127 0.27670444232742836 0.08958065046753827 0.08958065046753827
1 0.8664214481811608 0.4104957185710286 0.07883404800821019 0.1223295179539809
2 0.5387499243734475 0.21797083352338847 0.06454428903121964 0.08318520472226432
1 0.5845845991396784 0.1737077491162372 0.05188975292686635 0.05654998184962738
1 0.48617242944161304 0.8471527768327756 0.2361658007386847 0.305694446334449