1 0.3421875 0.10859375 0.03984375 0.04453125
1 0.78515625 0.89296875 0.2515625 0.2140625
1 0.47578125 0.38984375 0.10078125 0.128125
1 0.43828125 0.14921875 0.05 0.05390625
2 0.56953125 0.15625 0.07109375 0.08359375
1 0.20390625 0.4 0.084375 0.12578125
1 0.46171875 0.190625 0.075 0.071875
1 0.62890625 0.15546875 0.06015625 0.06484375
1 0.28984375 0.228125 0.06328125 0.08125
1 0.57734375 0.26171875 0.0875 0.0796875
1 0.15703125 0.1859375 0.04140625 0.06328125
1 0.725 0.2796875 0.10078125 0.090625
1 0.77578125 0.25390625 0.09375 0.08359375
1 0.83359375 0.2296875 0.08203125 0.078125