1 0.0021138001456492855 0.9246545078837848 0.004227600291298571 0.10069098423243047
1 0.05056332350261429 0.7712560977395485 0.10112664700522858 0.22936280452090294
1 0.11656143039132343 0.6359167033628819 0.09379076708875882 0.1645729526972918
1 0.5258381758389769 0.8980815565176732 0.14112040815498564 0.18128898043270852
1 0.36162256314428004 0.8534990211828122 0.12593332884638359 0.24963893692972228
1 0.1382388874383171 0.8836814029260415 0.16822847743445785 0.20065722948277803
1 0.386510217538342 0.6421251100886455 0.10495558762187222 0.17264002583555574
1 0.5295578723946223 0.7434122403132634 0.1151034774344577 0.199420731382639
1 0.19002532561418534 0.49914209555534705 0.10441001834240007 0.15389002583555572
1 0.013757308458919499 0.455795405110243 0.027514616917838998 0.11965918977951392
1 0.15175375046221842 0.3118791381084026 0.07263116943775674 0.08132404160312508
1 0.044117095210226644 0.3620083843086805 0.07933581050398356 0.09709451196784738
2 0.1385239762473236 0.2567558802246179 0.07184155925034234 0.1078501740119445
1 0.3768985029695009 0.32849902118281216 0.06357441818411544 0.09204333605604172
1 0.23604984560593803 0.20530052336701368 0.04851170783841656 0.057341027735416716