1 0.6412425958396876 0.005208633004536646 0.03001480832062491 0.010417266009073292
1 0.6575215592705556 0.010631931209138558 0.03183188145888884 0.021263862418277116
1 0.4314824700803818 0.18887003981678666 0.0926979526972918 0.08958974082661783
1 0.684047691679375 0.012117163156961808 0.031904616641249994 0.024234326313923617
1 0.7245635889058333 0.016691033668466585 0.035247822188333444 0.03338206733693317
1 0.7210203616072569 0.03251900410521661 0.03884560087368065 0.05803066861791082
1 0.6963294861322916 0.01950040413087343 0.03059668977951393 0.03900080826174686
1 0.5578274177436804 0.16391951591087744 0.055234320288472284 0.090934072208707
1 0.5005253704409721 0.0752024495559029 0.0340853656913195 0.05487839754067196
1 0.5920946213909026 0.10122861837020544 0.05014677678548622 0.07371930113146816
1 0.6998168556233333 0.07091842877325163 0.04673083605604163 0.06120112041330892
1 0.763207208396875 0.06586276923052711 0.051418336056041625 0.061228391490547776
1 0.5628078181042708 0.050624630372258006 0.038700130508958354 0.05178066861791082
1 0.8046309889820833 0.09842982953537745 0.061266114741388836 0.08159543364502549
2 0.7590996302246179 0.14165765476914655 0.07918096656499998 0.1129454275949013
1 0.5551778092705556 0.010927367879226133 0.030269381458888845 0.021854735758452266