1 0.375 0.946875 0.1125 0.10546875
1 0.440625 0.76484375 0.08125 0.14296875
1 0.41484375 0.48984375 0.05234375 0.06328125
1 0.46484375 0.48515625 0.05390625 0.078125
1 0.359375 0.5453125 0.05234375 0.07421875
1 0.5921875 0.9828125 0.090625 0.034375
1 0.43203125 0.6140625 0.06796875 0.090625
1 0.58359375 0.72421875 0.075 0.128125
1 0.7890625 0.97578125 0.115625 0.0484375
3 0.53203125 0.49296875 0.07265625 0.159375
1 0.7015625 0.72421875 0.09453125 0.17578125
1 0.6265625 0.53125 0.04453125 0.0796875
3 0.59296875 0.43984375 0.05859375 0.12421875
1 0.690625 0.4359375 0.03828125 0.06328125
1 0.65859375 0.425 0.025 0.0484375
1 0.690625 0.415625 0.03046875 0.040625