1 0.7245240449359722 0.23081132627259415 0.0369231473268119 0.04475021034569897
1 0.6764127686276129 0.2372371710206024 0.04399219468185826 0.05899456677218975
1 0.73235966076334 0.2709505929656416 0.047117194681858446 0.05908549498543501
1 0.8118420344126285 0.2364823162434643 0.03857665258848364 0.04635817445232169
1 0.7898613476232779 0.29140549696399215 0.04711719468185862 0.05908549498543501
1 0.6675999397731224 0.334802492807357 0.0574022472985769 0.07498327962517112
1 0.7563292398295921 0.3968598750980952 0.07769933674699843 0.10209134890464337
1 0.6658260661944212 0.44587638512722505 0.08302387357870131 0.11316524122451135
1 0.32697421074922267 0.24428617524374446 0.05694722099021767 0.06717077962517112
1 0.5081563213149186 0.2910344577719095 0.057311242036904984 0.07342077962517113
2 0.39884921074922264 0.24637752414838782 0.061255289391951705 0.08757420783841656
1 0.8679423030402414 0.45567023693486225 0.08238683674699843 0.10222774122451135
1 0.9339915082454435 0.3965513011997695 0.07044827886860787 0.08472199247815268
1 0.8442031532237682 0.6482752740818809 0.12298101564384112 0.15644387978345584
1 0.7086304032943553 0.7186750391255756 0.12701606826055958 0.1721598079967011