1 0.7431400469280557 0.8536987543409715 0.25494307181592346 0.29260249131805693
1 0.19164259933607006 0.049539889370467535 0.028343168617910842 0.03880994292790544
1 0.40735499950902077 0.34310376054397 0.09597609621281222 0.11850175103345731
1 0.20194884026088372 0.07579417431665561 0.03617384933607006 0.042298815963434724
1 0.31679713544042354 0.08192435793893613 0.039317030054229284 0.045569365177646426
2 0.19583571652792514 0.23327918858467928 0.06940450585373244 0.11570208271265772
1 0.22292948165323567 0.19158399420903174 0.05349770472226432 0.06653683664159918
1 0.1370470446885605 0.3312950035146566 0.08986245159900638 0.14164815260503386
1 0.43720962939029934 0.10471550268608713 0.04713862041330898 0.04749573821317572
1 0.4506499606741926 0.13267783684648693 0.0597386143631848 0.06526543507002258
1 0.36487608713762576 0.15680023345566477 0.06128293364502539 0.0622132096771284
1 0.047815852164740436 0.16390198821317573 0.04252384328594585 0.05977741439185813
1 0.09688006606038693 0.13963188833701023 0.03938975292686624 0.0580693651776464
2 0.5827175721105111 0.14507729114693188 0.07073065651766246 0.07514985731976358
1 0.5758817648307228 0.17834355541495553 0.061437469749379046 0.08877570967712844
1 0.5049334605759969 0.20003231079163902 0.06599770472226432 0.06711903349844608
1 0.05225791246959075 0.12193281203449328 0.03469316256778661 0.05628854135632886
1 0.1098886052879984 0.09337547249741 0.037809072208706995 0.054871590570540585
1 0.053634060108458594 0.08997433664159915 0.029942030054229306 0.045132717535011316
1 0.009262412273199027 0.2495826230355293 0.016124969749378975 0.08666524607105863
1 0.003656786006157637 0.09155179921421172 0.006477258976990442 0.03935359842842343
1 0.8260459121750031 0.3524511052483398 0.12873405405833438 0.11065501778268035
1 0.7449777193565955 0.3799168256788352 0.12877041549465282 0.11690501778268025
1 0.06753747882456529 0.06328555810555188 0.026753397540671964 0.034049668320799586