1 0.9230760626989077 0.226791194541733 0.061701116008908485 0.06633407200827239
1 0.6603664300206809 0.14468031791059502 0.03170453333863606 0.039426126670908876
1 0.6362991514560398 0.8966246259150494 0.13801017202418073 0.17970677601845395
1 0.4741445967934032 0.9282029846037755 0.14685791335136286 0.13450336401972648
1 0.2820207314608123 0.9359080386298654 0.1592306440165447 0.12371131468809012
1 0.13704458613140305 0.9665051526495917 0.10855793467536326 0.06531701201463562
1 0.5973713694302683 0.7072081372533673 0.11453630935708983 0.17630905601527208
1 0.4601986334340863 0.7369330946053665 0.11600790268936265 0.16851473734881744
1 0.3247974827736769 0.7846086206238201 0.13661130402608973 0.19375109468490842
1 0.17705996411517652 0.8464920973106373 0.14745789735836246 0.1860658640197265
1 0.097417370106586 0.7841290046546824 0.1159715400222717 0.16538973734881743
1 0.4606242527450418 0.5720620726050483 0.1049794960216353 0.16057496801399934
1 0.3474344567552232 0.6483893099538658 0.1000556386855445 0.14020792401336307
1 0.213459446093223 0.684327904638774 0.127127216024817 0.18426700668363552
1 0.359706642743451 0.5615160186187295 0.08728291868236297 0.11662497334499947
1 0.26456686541213276 0.5774688299650016 0.09049882535009016 0.12447383601209036
1 0.36360325473422417 0.4934927246180932 0.076145424013363 0.09931020401018138
1 0.2901657547342242 0.494347247294729 0.07452838001272663 0.09460452267663584
1 0.3831612293920882 0.42841261728200236 0.06033861067790856 0.08350339067472685
1 0.30123906739336087 0.43874213729313827 0.0603204293443631 0.08194089067472685
1 0.36862601471990664 0.38795124928391134 0.05087270401018138 0.07558180267345431
1 0.30781578405472476 0.3995978212921837 0.053961341343090476 0.07249316534054513
1 0.32455784138286137 0.3611165766231838 0.04763861600890866 0.06617044000636332
1 0.3350953520448615 0.3266143072883657 0.0491829346753633 0.06462612133990878
3 0.37949024204327075 0.3143773892823205 0.09086245202099903 0.15572383601209036
3 0.1401299394095874 0.5601642459818644 0.2712419373806342 0.3515465080362711
3 0.21176748738858836 0.4046222233052285 0.13506698535963518 0.19529541335136286
3 0.2522919427116343 0.32835916796627423 0.09075336401972631 0.14634883601209037
3 0.2952601453691802 0.2606625906270018 0.10319882001909005 0.1418067866804539
3 0.3795806013685438 0.2549932986155478 0.06517156134627218 0.0960579346753633
1 0.6189510893539081 0.14438087324954932 0.025418170671545327 0.03622840133672711
1 0.48114255402608974 0.1866149212683212 0.025399989337999786 0.03466590133672711
1 0.05004183609163215 0.674509103994273 0.06090223201781737 0.13194089067472703
0 0.8843317360359528 0.2545894778803691 0.0825408746817267 0.1118829293443631
1 0.6473488093570898 0.16749110924573132 0.03170453333863606 0.039426126670908876
1 0.6025181146960441 0.20942461791854922 0.04436816534054504 0.0536340773392725
1 0.5327323260264079 0.1883586872613215 0.028543170671545326 0.03626476400381802
1 0.5025817493634532 0.21605697326545767 0.033357940006363405 0.04725680800445433
1 0.7719862773710892 0.2691797838956412 0.060211341343090294 0.07256589067472693