1 0.653125 0.2127539965682807 0.0453125 0.07006845909205772
1 0.6390625 0.3818760696086766 0.090625 0.13076191818411553
1 0.35234375 0.2961896560434146 0.0921875 0.11674488229073816
1 0.79375 0.14653326616432202 0.028125 0.04144335391920828
1 0.80546875 0.16484299696399213 0.040625 0.0543070667721897
1 0.821875 0.13953912008353025 0.03125 0.043096782132453625
1 0.83046875 0.196820422669955 0.04375 0.05596049498543505
1 0.85546875 0.22489159837591793 0.0484375 0.06078438730530307
1 0.6546875 0.12842446067490337 0.03125 0.04778428213245363
1 0.81171875 0.25564985339048285 0.0609375 0.07677310015828454
1 0.88359375 0.26477245229512614 0.0625 0.07681856426490725
1 0.92421875 0.36595451906731585 0.08125 0.0992391335443795
1 0.696875 0.10230824155371579 0.0265625 0.038272889812585566
1 0.678125 0.0853564222742436 0.025 0.038227425705962895
1 0.65234375 0.08538751451496937 0.025 0.03666492570596289