1 0.68828125 0.24140625 0.05703125 0.08515625
1 0.66640625 0.184375 0.03984375 0.0609375
1 0.63671875 0.134375 0.034375 0.05390625
2 0.76875 0.37578125 0.1 0.16484375
1 0.21640625 0.81171875 0.18203125 0.2609375
1 0.39453125 0.375 0.07421875 0.13359375
1 0.30625 0.34375 0.065625 0.10390625
1 0.40234375 0.29453125 0.059375 0.0796875
1 0.45234375 0.19375 0.040625 0.071875
1 0.42421875 0.15703125 0.03359375 0.05390625
1 0.47734375 0.14609375 0.03046875 0.0484375
1 0.52578125 0.14375 0.03203125 0.0515625