1 0.37855880973491995 0.4861090818643484 0.05436384783255317 0.07145227611928177
1 0.4346814757425312 0.4862861442796773 0.06593801779449712 0.08765048620519007
1 0.31708279886050506 0.540783293759279 0.06281301779449713 0.08748671189493056
1 0.4271250078343033 0.7291320635469827 0.10292336463846716 0.15351450361804453
3 0.19292635174970488 0.7931380891004377 0.38585270349940975 0.39809882179912465
1 0.5865636748304978 0.7192170737237481 0.11229836463846717 0.15400582654882305
1 0.39437746931674056 0.5188020731579212 0.07011618182494192 0.07539614767057934
1 0.5432022884803818 0.5780465191103352 0.0665746877564409 0.10327548620519007
3 0.3848287143738247 0.5426899525111347 0.1774087114824372 0.22134381275401332
1 0.6197130503433798 0.517906879241672 0.06013368676785795 0.09826043758467104
1 0.502679400647391 0.44374344018666284 0.07273184585538672 0.06305992198083885
1 0.5931279871112377 0.42419117876670215 0.04910334486680377 0.057144114653892505
1 0.5275666541074321 0.4260679392821517 0.05497134288963732 0.04809666327441153
1 0.6096761585560564 0.40071605721540465 0.04872134288963732 0.04776911465389251
1 0.6966177430427367 0.3907025701057034 0.039410009885831696 0.04884029172311406
1 0.3286715562748789 0.5050947772509355 0.08873884783255326 0.07325379353213642