1 0.5160046497551187 0.1948177725970941 0.07512845941492116 0.09772952267663593
1 0.3451810499139792 0.7047211259548203 0.2455536022701809 0.37465674403245297
1 0.7009075296247349 0.26768146590550435 0.08335006249917605 0.12125792934436319
1 0.6607756331160272 0.11733656791059502 0.049664809252765355 0.07087612133990877
1 0.7945097049506942 0.07905422322568677 0.04007162094116268 0.05826703333863612
1 0.8400267564928218 0.09024571455286887 0.046321620941162676 0.05833975867281791
1 0.8883960726454457 0.08577584321296008 0.04634889448011279 0.05990225867281791
1 0.5384950787312306 0.364121755927776 0.11857054220663663 0.17009541868236297
2 0.6200648583592608 0.1576621232495493 0.06281937418757337 0.10852157200827235
1 0.8120711262161683 0.18980990989023233 0.07183981818121907 0.08831816000954502
1 0.7201506331160272 0.11664567723586812 0.05122730925276535 0.07089430267345423
1 0.9513302694784652 0.2889912025382332 0.09571369480442442 0.11359088001272663
1 0.8953547792176979 0.43967300254618735 0.13257849512873604 0.16713405068427195
1 0.6344625491064956 0.08716780991409487 0.049664809252765355 0.0708761213399088
1 0.6937284549506942 0.08022691923936795 0.047911394480112966 0.05992044000636336
3 0.5540074358759707 0.09257620930141056 0.1673898717519414 0.1851524186028211