1 0.7693903494342659 0.05557474562573781 0.028261355386194252 0.02458350593149905
1 0.8271983042547261 0.058711674484930296 0.02822499394987581 0.01833350593149905
1 0.7903931958434697 0.07205925007436209 0.033103391490547904 0.05133700692008223
1 0.725585286398941 0.19757390323039206 0.05519656010845857 0.08972834486680373
1 0.6214886597391163 0.09174571448536781 0.03468407220870695 0.05452567391627663
1 0.6224330153217023 0.19805938148156219 0.05052724082661779 0.09266234387822055
1 0.8277659308163552 0.09546225798302749 0.03624657220870695 0.05458934091247099
1 0.8486415121984443 0.13382176243165178 0.0473022468767418 0.07534750988583175
1 0.8847017320460191 0.11419235334412278 0.040997704722264314 0.06571784190105419
1 0.9886625242004967 0.10905120859104982 0.02214771077238851 0.04776633794672147
1 0.9085568676828345 0.17767919178513586 0.06462610226293605 0.09948534684397008
1 0.948241015518094 0.34105328368619003 0.10082722267624504 0.146262187756441
1 0.9806404250608185 0.2790772071081751 0.0365556444174139 0.10771434091247105
1 0.6264079638956466 0.052092965473950995 0.028334078258831143 0.037083505931499026