1 0.10914695397531834 0.955877926959604 0.09842263103285878 0.08824414608079181
1 0.1462054659562179 0.8120262900500125 0.1576934820286507 0.22467705423577727
1 0.2117163601511026 0.6765721748480331 0.09451887023308556 0.15884145407749273
1 0.6500150014355803 0.9048880487922475 0.14303078130301117 0.1902239024155051
1 0.4829440633238127 0.8670908409205775 0.12548118275429018 0.24090980799670092
1 0.2776588517984001 0.9063158476510023 0.16764883538669526 0.18736830469799556
1 0.4696007820208015 0.6637839844940868 0.10422125244707062 0.16848923871722885
1 0.6240551582443368 0.7510065028364868 0.11603177168436432 0.1938074874635877
1 0.2577232861971527 0.5413310083132702 0.10356648801910043 0.14973923871722902
1 0.05475205362034785 0.517474656505633 0.0775297776748142 0.11932431301126592
1 0.18690481079192398 0.36835049788842894 0.07298612141421193 0.07860838479802065
1 0.09358388592700022 0.4226084373844454 0.07827382213985135 0.09593227711788863
2 0.16479170861500575 0.31619696450233403 0.07235120435383643 0.10512542069139794
1 0.40470986968493144 0.37000524076229296 0.062430567330527965 0.08922763605166181
1 0.24868306977759866 0.2601037403665815 0.04727679328391084 0.057568459092057725