1 0.46953125 0.553125 0.153125 0.21328125
1 0.1953125 0.05703125 0.03125 0.03515625
1 0.24375 0.05078125 0.034375 0.04296875
1 0.39453125 0.08984375 0.0375 0.05
1 0.32109375 0.1140625 0.053125 0.05390625
1 0.13984375 0.3265625 0.065625 0.1
1 0.2953125 0.2453125 0.07734375 0.09296875
1 0.1578125 0.20390625 0.05390625 0.06875
1 0.19453125 0.15078125 0.04453125 0.05703125
1 0.040625 0.153125 0.040625 0.059375
1 0.6203125 0.23125 0.08359375 0.08671875
1 0.0671875 0.5609375 0.10625 0.19453125
1 0.10078125 0.075 0.03359375 0.040625