3 0.3899699732654204 0.2559850815907295 0.2512635599120669 0.22300631458888906
1 0.6676883687629889 0.8610515018514064 0.3204226260706495 0.2778969962971871
1 0.16949839198152708 0.27820100123427094 0.04876475292686626 0.057377395326597205
1 0.7628741246167214 0.7592627372696534 0.34119873438371007 0.3750792672861808
1 0.26859896731349203 0.30082284327423636 0.07546360831306051 0.08143314437666671
1 0.32290921741168793 0.3669394589655558 0.10052724082661779 0.09295252583555565
1 0.09673708197126436 0.4288718420399654 0.07556360226293628 0.0986206443766667
1 0.6908188800776704 0.38566027668857694 0.1852840359079618 0.16054137575930572
1 0.7252660820694603 0.5083535474901395 0.23879083098930565 0.22740287385944455
1 0.08470978064340448 0.3473309013105209 0.05820338544042354 0.06853310087368066
1 0.03306546741168792 0.36019327080156255 0.050354524004105096 0.062101262917777865