1 0.7812061886934988 0.17045624438806836 0.05390679734245403 0.06904266587924908
1 0.7171709606938169 0.17503710618363347 0.05397952267663584 0.07529266587924913
2 0.03261578938572486 0.3849553533580446 0.05861357336090782 0.20508929328391085
1 0.17068795404995224 0.3621577157017638 0.13613858935390816 0.15625497840045366
1 0.8308703813653622 0.2070187377646464 0.0507454346753633 0.06580853847458741
1 0.38611405406586063 0.47186998848243655 0.14460561736154415 0.21277779691210802
1 0.8516823206954077 0.18206337778317985 0.05870338534372692 0.07858135698624169
1 0.3416635253819068 0.3460267402965352 0.10636018268618094 0.14740576805616729
1 0.7861487747055891 0.25938233513224124 0.07292951734563573 0.0931349303072194
1 0.49402490937299814 0.2750544974681112 0.08255905601527207 0.11533731252120454
2 0.7225680800445434 0.30302569692780634 0.08742836935072643 0.1311260036281971
1 0.3230209713558171 0.15441215917100912 0.07122156667727228 0.08058036660488854
1 0.49663119402449885 0.1631993382122841 0.06491702267663584 0.07567461179556507
1 0.9135748880489978 0.32918142524344185 0.08708292401336308 0.10143850362819702
1 0.5701232380251352 0.1653223442027339 0.060284066677272284 0.0801984206885725