1 0.39921875 0.52421875 0.05 0.06484375
1 0.45234375 0.51875 0.046875 0.078125
1 0.3390625 0.5765625 0.05078125 0.07421875
1 0.41953125 0.5546875 0.0625 0.06640625
1 0.5734375 0.946875 0.10859375 0.10546875
3 0.27265625 0.80234375 0.2109375 0.3953125
1 0.5015625 0.52890625 0.05390625 0.071875
1 0.51484375 0.4640625 0.05703125 0.05546875
1 0.525 0.85703125 0.11640625 0.17421875
1 0.54140625 0.7359375 0.07265625 0.1109375
1 0.525 0.675 0.06640625 0.10546875
2 0.5328125 0.56640625 0.05546875 0.1015625
1 0.57890625 0.61640625 0.065625 0.09296875
1 0.6578125 0.58359375 0.06171875 0.10390625
1 0.61796875 0.54453125 0.04921875 0.07421875
1 0.4203125 0.61796875 0.09765625 0.08359375
1 0.64921875 0.48828125 0.04609375 0.05390625
1 0.70078125 0.434375 0.03671875 0.059375