1 0.16309363924576442 0.6348710517214313 0.14317203780340293 0.18141866950744615
1 0.2270866701153132 0.8018155042611692 0.205165504368403 0.29599209019601885
1 0.6017281137914583 0.1287376798438832 0.04029899810013902 0.05448909255827141
1 0.46149019918191003 0.40876494182478285 0.09197190729444457 0.12811013103285873
2 0.35591169319798643 0.36682792376861545 0.11875391926229177 0.20554565027015242
2 0.33199945488149324 0.24499756378714888 0.056614982332569494 0.08472222958157997
2 0.39695296086541687 0.28551592558271394 0.06649912860909728 0.10692461179556503
1 0.48476077896968767 0.23471980661557273 0.05650587955902786 0.08003472958157998
1 0.40727155860496544 0.22576890335019537 0.050001306420763926 0.06887897477225655
1 0.37249586189159734 0.17381453375008196 0.04680357123840286 0.06564484736759484
1 0.31630041327836816 0.17419399046617118 0.04371493882958344 0.06709821996293312
2 0.8307714485163199 0.6456970344678721 0.18507120991548653 0.3046577620657175
1 0.4889560100679862 0.14665681142489614 0.04197060087368065 0.05923115626060227
1 0.43683046561506955 0.1542039273968125 0.038700130508958354 0.052872028855940556