1 0.68203125 0.18515625 0.02734375 0.03515625
1 0.6296875 0.19609375 0.03046875 0.05
1 0.6484375 0.2515625 0.03671875 0.059375
1 0.39375 0.58828125 0.09453125 0.1609375
1 0.7671875 0.2296875 0.0375 0.05
1 0.73515625 0.28046875 0.04453125 0.06875
1 0.81953125 0.21640625 0.03828125 0.05390625
1 0.37578125 0.32890625 0.053125 0.0796875
1 0.8234375 0.28828125 0.05546875 0.06640625
1 0.6921875 0.41796875 0.05703125 0.09609375
2 0.8203125 0.45078125 0.06640625 0.13671875
1 0.88359375 0.27890625 0.04921875 0.0609375
2 0.34296875 0.21796875 0.04140625 0.08125
1 0.8921875 0.40390625 0.07265625 0.1109375
1 0.4609375 0.20390625 0.03203125 0.04296875