2 0.36640625 0.571875 0.09453125 0.1796875
1 0.39609375 0.28125 0.04296875 0.06484375
1 0.39765625 0.18125 0.03046875 0.04453125
1 0.45 0.178125 0.02578125 0.0390625
1 0.69765625 0.16171875 0.028125 0.040625
1 0.75078125 0.171875 0.028125 0.04296875
1 0.6546875 0.19375 0.03125 0.0484375
1 0.73203125 0.203125 0.03671875 0.0609375
1 0.62734375 0.27421875 0.04140625 0.06328125
1 0.79765625 0.32890625 0.05546875 0.07421875
2 0.91640625 0.3296875 0.06953125 0.0984375
1 0.64609375 0.396875 0.05703125 0.0984375
1 0.80546875 0.49140625 0.07734375 0.109375
1 0.91953125 0.46640625 0.09140625 0.121875
1 0.7765625 0.91953125 0.14375 0.1609375