1 0.054539645947777736 0.90715788335875 0.05943248746358769 0.11068423328249999
1 0.09794500197855704 0.7599549218277429 0.15833665188677948 0.23634015634451408
1 0.18700383880900645 0.6234160501524999 0.1017851235152496 0.17100479065319457
1 0.5974856638944664 0.8937388954235065 0.14759772868809903 0.1892469507974308
1 0.4325904381093612 0.8420705587018746 0.13544472116625172 0.2545446424768055
1 0.21452239970870143 0.8705995214671527 0.17176265439406196 0.214792464665139
1 0.45397839014179003 0.6367466258562149 0.11138744404836291 0.17903549620027787
1 0.597740413498755 0.7412860426499648 0.11818301332783517 0.19793096656499998
1 0.2565768897460786 0.48889427336701363 0.10767141066226812 0.1586502610179167
1 0.2925157044066972 0.7030470391345831 0.14708090314042072 0.22514808320625015
1 0.0936784214828208 0.37151001766743047 0.0921540592503423 0.10832295269729171
2 0.34623512015003727 0.3460872178961803 0.07854620031656916 0.12362064437666671
2 0.16889371865896918 0.26969163810840263 0.054244882290738164 0.09338763050895835
1 0.6931890250063176 0.23325337747173552 0.04873902837152997 0.06515352773541672
1 0.5293371251646022 0.2980458421368746 0.05388116943775678 0.08088763050895835
2 0.3011235454602888 0.21970720906246505 0.0633016335443795 0.08266833605604171