1 0.4138507204616314 0.6182629353914518 0.17082556553881964 0.22536472135581712
1 0.20285224306614583 0.014082323360907822 0.03492051386770836 0.023837489337999784
1 0.2543965592705556 0.015463557367907502 0.03183188145888884 0.025363626670908895
1 0.297328941679375 0.01752604404040723 0.033467116641249996 0.028506808004454338
1 0.2999454486132292 0.0058345660407254 0.03135910277354163 0.0050511266709088965
3 0.2678914423449651 0.24146298337045283 0.19088479882131973 0.28183289735836253
1 0.5242290952710066 0.40855267540576945 0.13626742116215293 0.14998291335136288
2 0.37416354540284724 0.04030102005090675 0.046585365691319505 0.0552147586728179
1 0.16268891717499953 0.5645454000238626 0.12656641926229187 0.20298064401654478
1 0.3124986935792361 0.0708419480426344 0.046476262917777865 0.05052725867281791
1 0.3525606491263194 0.06193057204804324 0.04818423328250008 0.05679544000636334
1 0.4622252834349999 0.11790894672976981 0.06413654160312507 0.07103975334181781
1 0.5589911806614583 0.1237236894095874 0.06566267401194459 0.06949543467536326
1 0.646345057086354 0.16459468475490505 0.08143314437666671 0.07592724801081766
1 0.10891909868947909 0.08800962468172659 0.04197060087368061 0.058285214672181576
1 0.173236171827743 0.07781755935708982 0.043569468464861136 0.059865896005727004
1 0.04383895934680547 0.09741134933959063 0.04044446846486116 0.05982953333863612
1 0.6293764158438193 0.12141684941913242 0.07329333605604163 0.061773841343090476
1 0.11197266992788193 0.023965306015272022 0.03855466014423614 0.04574885200509067
1 0.7472139600123956 0.3298753341024498 0.13219686379145834 0.10932155068427196
1 0.8678719521286109 0.31643154678544905 0.13077983415618064 0.11555336935072642
1 0.9586969738801038 0.30889231413108487 0.0712593637914587 0.10861247867599957