1 0.7892312992212125 0.22111369671892417 0.048193459092057724 0.046949411069925694
1 0.5914857164808911 0.9243415514473543 0.1361601235152495 0.1513168971052913
1 0.41703128576036336 0.9399950613400782 0.1397564849563052 0.12000987731984374
1 0.5711862736861694 0.7473314232204613 0.1021943004748536 0.18619544954451292
1 0.4246438942984251 0.7804564033501954 0.11166022868809904 0.18964783175849825
1 0.2649482970431344 0.8443403101589517 0.1358706185006846 0.2170287872934608
1 0.08757110629347672 0.9425421640651506 0.0830518438900784 0.11491567186969895
1 0.4470404168639672 0.5845635499921509 0.10008623119538154 0.16739088584218215
1 0.3174414965682807 0.6635466671451935 0.09963159012915472 0.15176588584218215
1 0.1590583467265653 0.7188913876562808 0.13265469028743926 0.21379465988879928
1 0.3424067411580044 0.555935063787149 0.08314277210332381 0.12153274881887377
1 0.23900059633085385 0.569494077582147 0.08943823620994644 0.1233135036281972
1 0.3528381243066724 0.4852778234057958 0.06848923871722885 0.1007291754978958
1 0.2784829819868043 0.47799854754508003 0.06830738229073816 0.09447917549789597
1 0.37629234468150125 0.43302584264308946 0.06334709765100204 0.08494048439090349
1 0.29807641646825583 0.42717265752654665 0.05875052586424747 0.08790179328391083
1 0.3717579573761981 0.38447921523842765 0.05530727711788863 0.07685516587924912
1 0.30689147532288674 0.38143357159169716 0.050574313011266005 0.07512897477225647
1 0.3310276572970558 0.3526190908289909 0.044051528371529966 0.06553571996293313
1 0.3432405007914229 0.31636413229880317 0.04079013605166182 0.06073909255827141
3 0.39041937767188467 0.30162207521989426 0.08552362602253201 0.14971231252120454
3 0.11412862846330749 0.5963516995445131 0.20588891646825588 0.4239533990890262
3 0.20169550996262284 0.3871255216843644 0.13063754922121246 0.19811509618646853
3 0.2578114661516867 0.3040154105217715 0.10087584138279597 0.1408829495445131
3 0.31083952625995886 0.24889389010335145 0.10105769780928667 0.14713294954451311
3 0.3957229916202228 0.2424926118803831 0.06210284639736088 0.09582342068857255
1 0.9471323789255258 0.3101365351008443 0.07346624373179367 0.057197430307219396
0 0.33153245948776916 0.20903278193598346 0.089636813011266 0.07649306733052788