1 0.6842691632783682 0.19497459139460088 0.037101262917777864 0.05167381596343472
1 0.6313987364166321 0.20343775475300174 0.037101262917777864 0.05167381596343477
1 0.4210535692416325 0.7555309859368642 0.13296188962701408 0.21378001778268044
1 0.6564357572181946 0.23972201116314254 0.04524107123840295 0.066100188998964
1 0.7427174429136459 0.19145363916107055 0.0370648953265972 0.050111315963434724
1 0.717664197947639 0.25506022084027097 0.043569468464861136 0.06133991439185813
1 0.6536205349536113 0.28641507464537785 0.05018314437666689 0.07725601282028158
1 0.7829437058314237 0.24327300433871696 0.04531380642076392 0.06922518899896399
1 0.811540178096007 0.19778072187372828 0.04033536569131968 0.0565068651776464
1 0.7015333177230211 0.40024428825144776 0.06791615824437507 0.1014940334984459
1 0.4847263710096531 0.33942014247083946 0.0597399823325695 0.08550516046291676
1 0.8609251950978475 0.34133382278335106 0.06907861474138884 0.08437930810555186
1 0.8506260875746531 0.4688402386229512 0.09186280452090259 0.12446065260503403
1 0.9336535270698267 0.31428547931732637 0.07234908510611149 0.09077485731976358
1 0.44622495583142374 0.22759007650740473 0.04051720364722229 0.0643193651776464
1 0.9707339933504862 0.47157359449497277 0.058532013299027595 0.11250430810555194
1 0.8858999320831604 0.9020057255977818 0.15483688962701408 0.1959885488044364