1 0.22291299938082748 0.24200271915744903 0.12326202564056317 0.09894778896022585
3 0.12403035132390756 0.4297811830365969 0.24806070264781513 0.44981263392680615
1 0.30148745554329925 0.3147896083625562 0.09659251778268034 0.12970686525911965
1 0.06758333643671137 0.8133846156661569 0.13516667287342274 0.25760576866768614
1 0.6611964034336034 0.200786015020829 0.0500770827126578 0.0695682061685102
1 0.3460036271738677 0.5489776477298192 0.14318072745980875 0.1914080243497292
1 0.4107554476854164 0.28165773417498274 0.07511562406898661 0.10435230925276535
1 0.24998695988652542 0.4819595174531656 0.13954630521006778 0.18041597727182862
1 0.4738526071148758 0.31802588230854356 0.08819782092583353 0.11707049756436802
1 0.39920582568334445 0.19443046956448612 0.07416955417661039 0.08403980925276526
1 0.44090532816454375 0.15389124432125242 0.05171235731976367 0.07115797970746054
1 0.6092870312266436 0.5108155799556371 0.11650691149637407 0.15503414772652385
1 0.5044049019858614 0.14809916599376366 0.039756012820281586 0.0490920649348082