1 0.33046875 0.8109375 0.128125 0.23359375
1 0.73203125 0.18203125 0.03359375 0.04453125
1 0.1375 0.56484375 0.10078125 0.13671875
1 0.66171875 0.30546875 0.046875 0.071875
1 0.39375 0.3296875 0.04921875 0.0796875
1 0.740625 0.315625 0.05078125 0.078125
2 0.471875 0.33203125 0.04921875 0.0984375
1 0.83515625 0.23203125 0.04296875 0.059375
1 0.69921875 0.4609375 0.07109375 0.109375
1 0.81328125 0.46875 0.08203125 0.11328125
1 0.44921875 0.24375 0.03828125 0.06328125
1 0.34296875 0.209375 0.03359375 0.0484375
1 0.9578125 0.5109375 0.084375 0.115625
1 0.78515625 0.903125 0.1640625 0.19375