1 0.7530300721105111 0.08292777667852966 0.04719316256778665 0.05687073821317572
1 0.7036008239572229 0.8549697506236817 0.15260789129415606 0.1867466368892682
1 0.5335746702682308 0.9121209327982204 0.1569863190854491 0.13383996071058563
1 0.652505435688129 0.6690172880510692 0.13080561416679296 0.1982277923897861
1 0.5123485891807292 0.7560357526905964 0.14343287919390768 0.22068498924663302
1 0.3521564986252579 0.8916565372224996 0.18544766237139498 0.19296240363849115
1 0.5040537792686625 0.5391757384225727 0.11664312021691714 0.18038532092583354
1 0.3853043001495095 0.6791179958661708 0.12914312021691715 0.18096751778268025
1 0.21751787821194898 0.8526026534336033 0.19842945140261464 0.27635710049533807
1 0.39397479732083907 0.5575875982235357 0.10707722267624523 0.14713617328319833
1 0.2879611466569092 0.6031612715067339 0.113309041958086 0.1443022717116218
1 0.39500551131468153 0.46610857361642977 0.08342155405833437 0.10854455417661057
1 0.3161492582896194 0.4783774412752756 0.0850022347764936 0.11174232878371626
1 0.41261064695149674 0.4027716656347124 0.07242951190385671 0.09866013192686936
1 0.32750439392643466 0.4153316317219817 0.06927724082661779 0.09382708271265763
1 0.39748964099956846 0.3558067744022181 0.0613920179539809 0.08096320967712849
1 0.3335044090517452 0.3720717832935582 0.06297269867214013 0.08416098428423435
1 0.35048737597245383 0.33611501261539384 0.056686337235821685 0.0776198858558109
1 0.358862957354543 0.29821475227631156 0.051944295081344016 0.06802656203449331
3 0.40245842125018944 0.26961456327734756 0.10719539734428025 0.16744867328319826
3 0.1526872428697213 0.7235551623249435 0.29986572813719425 0.527889675350113
3 0.2181793909013726 0.42901960421939167 0.1779078731437834 0.23947353060296184
3 0.26750670432948087 0.31106581679200423 0.12282039734428025 0.1681764193542568
3 0.31787888817089804 0.2383881420610639 0.12275676483072288 0.15723891935425688
3 0.39973742134838536 0.20487997518800632 0.07402837334017516 0.10498290653397531
0 0.36210561114173084 0.18397031575854692 0.09895565046753826 0.09364730024766903