1 0.2834544120768073 0.3838154870110612 0.07867042154477702 0.09511367694751698
1 0.7069181413923519 0.12717138960555366 0.04092498184962743 0.05227161201270887
1 0.13530482103035663 0.8335273405023533 0.17011355386194263 0.23732054220663662
1 0.7465806050916066 0.23097822807931215 0.06295451795398091 0.07921594155801355
1 0.46913738202257793 0.34331103814615166 0.07714428298109546 0.10133640340856669
1 0.3899629664297293 0.29583997442915944 0.06769656010845856 0.0886727621748646
1 0.27183058996629617 0.2656558222384088 0.06453519867214012 0.08236821509696393
1 0.7296072494108248 0.40175833238138325 0.11503516842151917 0.16917846834337488
1 0.47934765329620854 0.21850195291880406 0.05511474687674216 0.07439207386326192
1 0.4020129936552882 0.21871441274076223 0.056695427594901204 0.07754434740221221
1 0.9002641412941561 0.19538342166592065 0.07391928903121965 0.08409435633066593
1 0.9503419302271799 0.3438987881428564 0.07411018657189175 0.11690685633066593
1 0.9512544695529872 0.5361135616818067 0.0974910608940256 0.17830800649282175
1 0.34886072257804934 0.21309961241645065 0.048810204722264314 0.06490797970746058
1 0.4688914214465812 0.1667621749156268 0.05041815651766246 0.07274775324641088