1 0.5201747930195133 0.23485265393184354 0.07147784639736088 0.09575042069139794
1 0.5848698465303748 0.8494844891129404 0.22480874953778168 0.3010310217741193
1 0.6329930417658721 0.22718856960867662 0.06348348997087001 0.08927310015828453
2 0.5618872684089071 0.3330233809705899 0.09365437476889085 0.16040395407749292
1 0.7899082829903834 0.155127016164322 0.04713106426490725 0.06381845909205777
1 0.6978989762473236 0.28068329414014054 0.06996081050398359 0.09726745658477531
1 0.859638109791703 0.204070633015654 0.0550799565847754 0.06873327962517113
1 0.8145241865930226 0.24967263803021894 0.06334709765100222 0.08458560015828454
1 0.647357070137402 0.16348978246165805 0.05222774122451135 0.07801735141192578
1 0.7133314111244865 0.180265756993122 0.051909492478152686 0.06707985141192578
1 0.8888505851810968 0.30187764720141896 0.07942673871722902 0.10066524122451134
1 0.7245333355768082 0.14462377368616938 0.04377874373179384 0.055915030878812375
1 0.6770362099499876 0.13776836843417764 0.04235263605166182 0.06055706677218971
3 0.5582407458433649 0.13587559633085386 0.16478522868809903 0.19057483887551346