1 0.8655868622324785 0.29714297257963984 0.04873902837152997 0.06569941106992569
1 0.6705040312745238 0.21774810534177913 0.040471887305303156 0.049801592558271324
1 0.6637016972805613 0.9415848597497984 0.13810305674305995 0.1168302805004032
1 0.49992635378619427 0.9710466538983497 0.14584134890464337 0.05790669220330073
1 0.30419631663917573 0.980000013246844 0.15917642319868044 0.0399999735063119
1 0.6167859301918025 0.7856052387368907 0.13192726458147633 0.1887946598887993
1 0.4773202649106808 0.8205382555271136 0.1316999440483629 0.1809821598887993
1 0.34223822274909727 0.8720139315731638 0.15591033386094857 0.20836311542376224
1 0.1930936805875138 0.9186880018140986 0.16575669530200415 0.1626239963718028
1 0.12759906122889936 0.8715426725026709 0.09071123119538153 0.1670635036281972
1 0.4621629631821859 0.6483085914619631 0.1204896594086268 0.1712252139724834
1 0.3521634890464333 0.7303175048941414 0.11525659012915472 0.1523115228654909
1 0.21754444813849108 0.7708829627913569 0.14626254922121246 0.1986607332097769
1 0.3581430529156292 0.6407738552569612 0.09885870031656915 0.12520338584218216
1 0.26116876451496934 0.6608011238612826 0.10221102084968248 0.13312501324684387
1 0.35453466811760853 0.5704067915546303 0.08585859514371963 0.1075793762235353
1 0.2796937924907879 0.5732564838427492 0.08415970282385157 0.10283731252120454
1 0.3697444794795219 0.5030382422802697 0.06817098997087019 0.08979167549789598
1 0.2866053705457487 0.5157440842055689 0.06812552586424747 0.08822917549789597
1 0.3505709306540208 0.46100450970346485 0.057006169437756785 0.08159722958158007
1 0.28930682172024763 0.47447424346139605 0.06160274122451135 0.07863592068857254
1 0.3030139690546806 0.43593009863353915 0.05356292069139794 0.07055060217691818
1 0.3113205625490476 0.39953873084752434 0.05668792069139794 0.07065972958157998
3 0.3561784214828208 0.3854960782151191 0.1046828029821361 0.16442957694917482
3 0.14816865934211987 0.639685037293461 0.2698772086298393 0.369995074586922
3 0.19042905251991776 0.4827281983633867 0.1543932979675712 0.20987105172143128
3 0.22632343692222698 0.40203375907049266 0.10441001834240007 0.15505457694917482
3 0.2648570880175837 0.3315774153310949 0.11838159012915472 0.15242065027015245
3 0.3477006802583094 0.30871532340579566 0.07147784639736088 0.09615080290255769
1 0.6264046902874393 0.23103678982534975 0.03716503087881229 0.0434424651536097
1 0.46887098660565785 0.2887525421876025 0.03881845909205772 0.04662202885594056
1 0.09273100158284564 0.6119940577118811 0.06771634890464333 0.0741666754978958
0 0.8927403956185733 0.31838305551926444 0.09279055674305994 0.13123513103285872
1 0.6539219365265156 0.2647768727649743 0.04368781551854859 0.053035719962933034
1 0.6776920571387712 0.3038492964487717 0.06289245658477541 0.06931548439090332
1 0.5693710917785074 0.3094321191367772 0.05485263605166182 0.06123016587924912
1 0.5512719611371218 0.35796882285764153 0.05825042069139794 0.07071429328391084
1 0.8352521560434146 0.3811533848306919 0.09022784639736088 0.09680556733052796