1 0.5928569180256538 0.9109215484405755 0.3018739659077429 0.17815690311884894
1 0.24930138149776465 0.6324755548663662 0.16421032467404081 0.19405770060802235
1 0.13296508969486978 0.4893556131555924 0.11158415665497756 0.13101918973360754
1 0.07392705479183373 0.4228419338021084 0.08631142126547413 0.11437551779449713
1 0.03113162865509561 0.3663717579086654 0.06106595941492108 0.09929434585538681
3 0.08017882914156296 0.2886261012925943 0.14337962743398433 0.16354252965749527
1 0.12936457711296806 0.38210152866891206 0.08603868587597074 0.09875051779449713
3 0.3440701850684872 0.5331387411399324 0.48008433522405236 0.4895399328507063
3 0.7542910702164045 0.7947354743340185 0.4497422702892443 0.41052905133196305
1 0.9232183482195818 0.8116058642185375 0.09230805113509036 0.1895665187830801
1 0.42310489448340827 0.4394152574515548 0.10317163879807012 0.09632585475263547
1 0.3231145771129681 0.3899962361970166 0.10171823295387146 0.10251218775644108
3 0.3004231452941871 0.30150939775600355 0.19071827759614016 0.19201503954332697
1 0.44172820941821633 0.40264742790779035 0.10966710064862309 0.11064302273741297
1 0.5818389663180752 0.4826280410633828 0.1429432508107789 0.13854252965749528
1 0.7599309642894804 0.5813559956257379 0.176246674511885 0.16800453657757758
3 0.8976179249222174 0.531458107792747 0.1916183043815014 0.24357753954332698
1 0.6688986355549545 0.4666303093521716 0.13960006249917606 0.12591519566510634
1 0.5076668551161452 0.38735269174795484 0.10497960064862326 0.11045202174882984
3 0.3927197394499885 0.2990157505314726 0.1936250892845374 0.17964237353571572
1 0.9294837593387861 0.6766087817090237 0.10497960064862326 0.11045202174882984