1 0.0037711249062843803 0.8846841245250348 0.0075422498125687605 0.1349932490500695
1 0.05537195212861086 0.7311422036472223 0.11074390425722172 0.23728440729444458
1 0.13065701396461757 0.5994577521842015 0.10232883225631957 0.16947865824437508
1 0.5197863702535409 0.9007312710859029 0.15487325721819456 0.19853745782819415
1 0.35888654426548544 0.8353634570656947 0.13394381458888915 0.2529821424768059
1 0.13710181003305483 0.8599049429136458 0.18205400626826412 0.24004703780340292
1 0.39491888250572865 0.6306220588893059 0.11188567021222236 0.17750936379145835
1 0.5314174673274994 0.7440150245043755 0.12184255167111128 0.2027275693385416
1 0.2087482592149649 0.46839089656086824 0.10828789152687515 0.15712412860909736
2 0.04087696029673601 0.324546711531007 0.08175392059347202 0.15497974715020843
1 0.27382578571611066 0.5941916367772224 0.12780161094166687 0.1903730397032639
1 0.16598345022874977 0.25712543502986124 0.06900587955902786 0.07968880642076392
0 0.8515209067257636 0.2902783075581257 0.05654224715020852 0.08096036569131951
1 0.6428187071626039 0.25649880033993105 0.05305357123840278 0.06526263050895835
1 0.2478887200803818 0.19727961597565993 0.052871733282500076 0.05745013050895835