1 0.19375 0.65390625 0.13203125 0.21640625
1 0.6421875 0.19140625 0.03515625 0.059375
1 0.40625 0.51796875 0.08984375 0.18515625
2 0.77421875 0.19140625 0.03515625 0.06328125
1 0.73203125 0.25546875 0.04765625 0.06484375
2 0.71953125 0.4046875 0.08125 0.15390625
1 0.36484375 0.23515625 0.04453125 0.059375
1 0.484375 0.23828125 0.04140625 0.06875
1 0.33125 0.19375 0.03984375 0.0515625
2 0.51640625 0.1796875 0.03046875 0.06640625
1 0.4578125 0.17890625 0.03125 0.04453125
1 0.290625 0.32109375 0.05859375 0.08125