1 0.80078125 0.840625 0.24609375 0.31875
1 0.38359375 0.41875 0.10859375 0.140625
1 0.453125 0.3359375 0.096875 0.11640625
1 0.37734375 0.140625 0.04453125 0.0515625
1 0.1078125 0.41953125 0.06953125 0.140625
1 0.67265625 0.15546875 0.065625 0.06328125
1 0.12109375 0.221875 0.04765625 0.08125
2 0.25546875 0.2203125 0.05625 0.1015625
1 0.71328125 0.1953125 0.07890625 0.06484375
1 0.72109375 0.259375 0.11015625 0.0984375
1 0.96953125 0.30390625 0.06015625 0.08671875
1 0.9515625 0.44453125 0.096875 0.1015625