1 0.3675622882456528 0.5867280898867067 0.09460449375348415 0.15069501977166339
1 0.4113072221852659 0.44975733049516664 0.06617042154477701 0.0964240138401646
1 0.5090952823919204 0.46843439323301717 0.06932269262201593 0.10123884783255317
1 0.4303703186926656 0.36849274304273677 0.04884656615858276 0.07228617688202607
1 0.44816180669061306 0.33729182258650126 0.042542024004105096 0.06265650889724857
1 0.5077913367448423 0.3786224767311144 0.05039997579950324 0.07078734387822054
1 0.6291896137740095 0.42603203452604904 0.06144656010845857 0.08998301285158128
1 0.7732810231203423 0.6131752543742622 0.107059041958086 0.1433918557412186
2 0.46347318930236625 0.2827489026245573 0.04100679508134384 0.06728034190105418
1 0.5089629513044187 0.31137130973491994 0.036228391490547907 0.051464340912471054
2 0.8655043636758137 0.48126206810069583 0.06933178298109546 0.10280134783255335