1 0.45859375 0.81015625 0.20703125 0.28125
1 0.26171875 0.6296875 0.13046875 0.171875
1 0.153125 0.53671875 0.09140625 0.12421875
1 0.09140625 0.48046875 0.071875 0.0984375
1 0.03359375 0.434375 0.065625 0.08671875
3 0.07109375 0.35546875 0.13984375 0.14296875
1 0.13828125 0.4296875 0.065625 0.0796875
3 0.36640625 0.54453125 0.41015625 0.40390625
3 0.8046875 0.78515625 0.390625 0.4296875
1 0.68671875 0.56015625 0.15703125 0.128125
1 0.434375 0.4453125 0.084375 0.09296875
1 0.32578125 0.4109375 0.084375 0.08359375
3 0.29375 0.3296875 0.16328125 0.1609375
1 0.44296875 0.40546875 0.09453125 0.09296875
1 0.58828125 0.46015625 0.12265625 0.11484375
1 0.77265625 0.528125 0.153125 0.1390625
3 0.909375 0.45859375 0.18125 0.20703125
1 0.66953125 0.43125 0.121875 0.10390625
1 0.50390625 0.38046875 0.090625 0.09296875
3 0.38203125 0.31328125 0.16796875 0.1484375
1 0.95 0.6046875 0.1 0.11875