1 0.70234375 0.82109375 0.15078125 0.2890625
1 0.48046875 0.54609375 0.11171875 0.2015625
1 0.4703125 0.2203125 0.05703125 0.078125
1 0.6578125 0.38046875 0.08515625 0.19609375
1 0.54765625 0.278125 0.06953125 0.121875
1 0.64609375 0.134375 0.03984375 0.06875
1 0.5984375 0.096875 0.02890625 0.05
1 0.746875 0.1546875 0.04375 0.0703125
1 0.8 0.14296875 0.04609375 0.071875
1 0.85390625 0.11875 0.046875 0.06640625
1 0.7953125 0.08671875 0.0375 0.05390625
1 0.96640625 0.084375 0.06640625 0.06328125
1 0.57265625 0.19296875 0.05078125 0.078125
2 0.58359375 0.1203125 0.034375 0.078125
1 0.83046875 0.375 0.10078125 0.14296875
3 0.48671875 0.11796875 0.12421875 0.16328125