1 0.4319449501509117 0.5396105599893157 0.07544035178688588 0.0900099303072194
1 0.48707811912427257 0.5486383304077359 0.08369852076024671 0.10122024881887377
1 0.35703779205196595 0.5829091814035277 0.08057352076024671 0.10111112141421189
1 0.45410774612002947 0.7571155185195035 0.11386086463846716 0.152202395460829
3 0.23822807813525185 0.7583953094411615 0.4311252549800969 0.4332093811176769
1 0.5683652001880928 0.9307216549098399 0.14163835475263548 0.10636410580511538
1 0.5994229047132669 0.713705280500403 0.10560269566510634 0.14099207694917482
1 0.4412217910633828 0.5752752414776615 0.0863141847906915 0.0888293762235353
1 0.6194396329644369 0.6097345431142748 0.07231535178688589 0.08990080290255768
3 0.48116104155767436 0.5762276170682247 0.1982942144481868 0.23316470798203354
1 0.6973590445234239 0.5827603261465665 0.07757585475263547 0.10412699400955035
1 0.6259031971851623 0.5187548790491242 0.0779923488211363 0.0760565577118811
1 0.6866496961965791 0.5119393946582209 0.05723417984777566 0.06440972958158006
1 0.6405731922422464 0.49477174202581564 0.0534725098858317 0.04867560217691817
1 0.7295401917479548 0.4893178609929569 0.05060217787060921 0.054816474772256464