1 0.2558720233927245 0.4375 0.10101815467854491 0.0875
1 0.17628780478194925 0.84921875 0.2494749306969986 0.2234375
1 0.5133236334340863 0.7421875 0.1579772266868172 0.1484375
0 0.03289015141626891 0.6109375 0.053162457351999134 0.1375
3 0.2731787967456782 0.58203125 0.4195158053787251 0.334375
1 0.044244727402905894 0.5125 0.07758065467854491 0.0875
3 0.9644139661043589 0.76875 0.052654474697634866 0.228125
1 0.9639679760900414 0.66328125 0.062046561346272 0.0953125
1 0.8392219674172233 0.61796875 0.09800224267981754 0.096875
1 0.5699987054025877 0.51015625 0.11351815467854483 0.0875
1 0.28341959945890327 0.925 0.23424882535009015 0.1234375
1 0.6505621934674938 0.98828125 0.1221477200031817 0.0234375