2 0.695558003543379 0.2472531907622229 0.05078373920022674 0.06775112133990877
2 0.25738090254758716 0.3734578707033619 0.09709823320977709 0.14169769867918128
1 0.1715822678865313 0.5475306226925443 0.15309526206571755 0.17983404535327185
1 0.3616591747801058 0.3863947700509068 0.0912648954608291 0.10883065467854491
1 0.482626439208076 0.36904473273390603 0.08377977767481415 0.11811474801081774
2 0.27904262613871733 0.24553286537236185 0.08824902286549072 0.11191929201145401
1 0.678355601459128 0.404148080760632 0.07369544954451293 0.09769316000954494
1 0.5500173250502582 0.2744776674092692 0.055689494009550346 0.07405566534054513
1 0.4724379620735668 0.25794360073199696 0.0618849303072194 0.07256589067472685
1 0.8867186837657804 0.5027054014560398 0.09250001324684405 0.09947383601209037
1 0.8313118988345721 0.7912406427832218 0.17417165389834963 0.20194540268936265
0 0.9604488496450294 0.45041674279913024 0.05378474282842376 0.15368862133990877
1 0.5481224975529293 0.17207028274186018 0.037465283665263985 0.044168170671545236