1 0.1975725163362503 0.3667249334486337 0.11631729065319454 0.09753859621281205
3 0.13008242391503527 0.6889448462128122 0.24096275968673658 0.5528896924256242
1 0.2496818366247226 0.45764082493918157 0.11104921561506957 0.1396897347764936
1 0.3667413968452087 0.4192646470496927 0.08891964247680564 0.12862496974937887
1 0.4234291143601393 0.5055203096174793 0.11940722948277802 0.16317268657189174
1 0.2784393502080905 0.28361297247985345 0.07554682028847229 0.09105224687674199
1 0.32327841831236126 0.22997488807270222 0.05494337955902786 0.07843407220870705
1 0.5730803561920141 0.3236032099868216 0.07253092306201392 0.09572156615858277
1 0.38690450721819464 0.21159759279496654 0.04520470364722229 0.06275453005422929
1 0.3969328174386807 0.17259872530852385 0.0370648953265972 0.04864657825883123
1 0.797780376612327 0.7818798391807291 0.20996210714194471 0.2949317466803503