1 0.6532509698853943 0.25234375 0.06931768577927463 0.090625
1 0.18324610087266485 0.8734375 0.20562655338349142 0.253125
1 0.11964917448493029 0.82734375 0.10661605041774189 0.2390625
2 0.7532284066532522 0.34765625 0.12231003460041112 0.1640625
1 0.46749915368750267 0.33359375 0.09670785672980173 0.1109375
1 0.3609015741809191 0.746875 0.19650622136826906 0.259375
1 0.19854751832596979 0.48203125 0.1231085306460784 0.1453125
1 0.7108538587441492 0.515625 0.14494903855474384 0.1828125
1 0.3399909190105418 0.40625 0.0970261917107738 0.11875
1 0.9789459896570577 0.7984375 0.04210802068588464 0.2125
2 0.19281748866847453 0.34140625 0.09616402866891205 0.1359375