1 0.1873257205349459 0.4372311623284377 0.09296018052176747 0.13495818787965277
2 0.038821084603543006 0.4329586235751043 0.07764216920708601 0.1627922471502085
1 0.23685302186280577 0.5196449252462154 0.12606357201231527 0.18572190729444457
1 0.6574710906536673 0.2082976896826047 0.042551114363184796 0.06348192496187507
1 0.4715557956705191 0.3344568801277087 0.06307269262201594 0.09989220364722229
2 0.3890341871610669 0.2825293977951392 0.07906130698520056 0.16275587955902787
2 0.38410176834676435 0.1902146112260073 0.03788179508134402 0.06649782218833336
2 0.4385438286516147 0.23367497691732675 0.04736587939029935 0.08546602773541671
1 0.5222557533196497 0.21530814304548654 0.04571247579950324 0.06980466014423614
1 0.4614591538853837 0.1896710569894448 0.03784543364502539 0.060247822188333355
1 0.43436538876007325 0.14606587414378508 0.03626475292686635 0.05708645459715278
1 0.38208527127363057 0.13391005983923643 0.03784543364502539 0.060247822188333355
2 0.7929151068591322 0.9572741714464932 0.21309087334017535 0.08545165710701355