1 0.07890625 0.89453125 0.15546875 0.2109375
1 0.040625 0.73984375 0.07890625 0.18671875
1 0.61171875 0.20078125 0.03046875 0.0484375
1 0.33046875 0.48671875 0.08203125 0.121875
1 0.46640625 0.3953125 0.06015625 0.09453125
1 0.39140625 0.33125 0.05546875 0.08515625
1 0.63984375 0.2890625 0.04453125 0.071875
1 0.28828125 0.340625 0.06484375 0.0984375
1 0.48125 0.26640625 0.03828125 0.06484375
1 0.83046875 0.3359375 0.059375 0.078125
1 0.4484375 0.2109375 0.03203125 0.0515625
1 0.903125 0.30390625 0.06171875 0.0796875
1 0.9125 0.72109375 0.12109375 0.17578125
1 0.36796875 0.18515625 0.03125 0.05