1 0.4273214908392875 0.8209796110777748 0.2610281897323777 0.3381994375636136
1 0.5467830625268706 0.5765252282308175 0.23324402645796596 0.2842014183263199
1 0.3312278250784851 0.2717633502780017 0.11814356965141819 0.14137402286549072
1 0.4140502911572872 0.22425837850097005 0.10786781094499087 0.12385914065150558
1 0.49655517469437227 0.12589031117044214 0.07728619629109837 0.07600199400955025
1 0.0947270810713789 0.2244518737764646 0.0891178109449909 0.1232043762235353
1 0.8564834526226764 0.21350435074133783 0.10795634215265508 0.09578870435383653
1 0.14327636646291486 0.09048361234371925 0.06864818068726608 0.0897371117955651
2 0.27357802012638804 0.09767357505025823 0.07727955223856356 0.10563493030721935
1 0.8991899310259504 0.2816715081830664 0.12760710085908258 0.11363096878180681
1 0.9318276113745323 0.39668638377362964 0.13634477725093533 0.1632143065307547