1 0.7140625 0.18652918273916308 0.046875 0.06284750988583179
2 0.234375 0.5302937005708412 0.1453125 0.2246710306460784
2 0.3125 0.2982041007611217 0.0859375 0.1206891847906915
1 0.2453125 0.2650042815974806 0.0828125 0.10649935079830275
1 0.79140625 0.2677526664275407 0.0625 0.08692167984777566
1 0.41484375 0.33465891251038904 0.084375 0.11750051779449713
1 0.42421875 0.2092769105332227 0.0578125 0.07579317885919253
1 0.884375 0.2436519801539744 0.053125 0.0693521778706093
2 0.35234375 0.1864243423581647 0.0609375 0.08998301285158128
1 0.48125 0.22648431517212742 0.065625 0.09017401384016441
1 0.71171875 0.38193718323345466 0.0796875 0.10637201680591399
1 0.59453125 0.18124345794803404 0.05 0.06766234387822054
2 0.5421875 0.14822005232054614 0.059375 0.0977318458553869