1 0.6344572075281045 0.1791665959365967 0.0383568458553869 0.060211454597152825
1 0.7420150395433269 0.17040723214513828 0.039473676882026076 0.04931032218833335
1 0.7213961334215475 0.22093456221725635 0.04954901384016441 0.06671602773541671
2 0.17480224809719574 0.777922365406979 0.2397362510257642 0.40520056553881967
1 0.6614282258168933 0.26533983206888834 0.06513952174882984 0.10454333605604171
2 0.7810523177179475 0.3032190789347563 0.07320668973360753 0.1109751740119445
1 0.8465208088206989 0.25946777251399233 0.0544911818249421 0.07307513050895835
1 0.8656727154367699 0.21132056003305486 0.05898768083635879 0.06849673328249999
1 0.7291754358164557 0.46942661360402715 0.0876511917107738 0.1206774823325695
2 0.36552813539871387 0.2386013730064233 0.04843218281352524 0.07761716014423614
1 0.8508010153974013 0.8442973674037493 0.17418555239490843 0.25225609707395835
1 0.9736152080223961 0.43064982865041584 0.05276958395520772 0.12347517401194459