1 0.7173289214465812 0.1460888323912691 0.04564884328594587 0.058603432629559825
1 0.8198135720123153 0.16852116559002184 0.04406816256778647 0.055451159090609534
1 0.7863789032962086 0.19645129667745417 0.04722952400410509 0.061755706168510206
1 0.7363834484757483 0.19810529992386502 0.051935204722264317 0.06496252678536121
1 0.857649915298261 0.22567910065521368 0.058239746876741806 0.07444662094116258
1 0.7054470658639952 0.2525570207028719 0.06296360831306061 0.08077844155801354
1 0.7968033188890573 0.24236776867427695 0.05824883723582168 0.07600912094116259
1 0.32655951746300155 0.3966844906678045 0.1117556323171656 0.14256142126547414
1 0.71565837889932 0.39614337946916983 0.09133404800821018 0.12345686525911974
1 0.8435748215213359 0.4923580860447171 0.11483518052176755 0.1348034683433749
2 0.9330140505422928 0.42125860755507255 0.09923745159900647 0.13921823295387145
1 0.9704084696511831 0.33151426908131404 0.05918306069763375 0.09481366801906325
1 0.7308986012809776 0.732630304388092 0.16527151775758905 0.21067622158978558
1 0.48660109621281206 0.10558042938644427 0.04881929508134384 0.06647047970746053
1 0.436555644417414 0.09864068263285515 0.04564884328594587 0.05860343262955987
1 0.9942323099120669 0.4670426659970589 0.011535380175866194 0.10024546185055314