2 0.6785254966803503 0.17157720781961083 0.03785452400410509 0.06268409057054058
2 0.05266049267332955 0.8579366244832712 0.09644879488495221 0.1997517510334575
1 0.7934374243734474 0.1779470241973303 0.03624657220870695 0.05479881596343468
1 0.15082878531878657 0.5384352996284965 0.13382152985783752 0.17962334160399784
1 0.23472147540671973 0.31728158354122726 0.07233860831306052 0.08303513192686944
1 0.7007464512062229 0.36434475062368177 0.06146474082661797 0.0934632096771284
1 0.8300890384420446 0.4333408455374485 0.07714428298109546 0.10356595574818694
1 0.8811561138722054 0.3457830335029552 0.07397383118569749 0.0956079065339753
1 0.9354572736113216 0.2768296722542502 0.06776928298109582 0.10312930810555185
1 0.48045615622307486 0.2441008329220547 0.04726588544042372 0.06937073821317571
1 0.5383550146343312 0.25625192245913797 0.04570338544042354 0.06929796360606985
1 0.7381111375817229 0.6079834346602471 0.11345448770335978 0.1693022717116218
1 0.9152826916400573 0.7044474040572852 0.15111811416679294 0.19917386228216233
1 0.4347482256031114 0.17824254652812457 0.03937157220870695 0.05494436517764645