1 0.68359375 0.18984375 0.02890625 0.04453125
1 0.6328125 0.19609375 0.02890625 0.04453125
1 0.37734375 0.7046875 0.10390625 0.18671875
1 0.65234375 0.23046875 0.03671875 0.05703125
1 0.73828125 0.1890625 0.03125 0.04296875
1 0.70859375 0.246875 0.034375 0.05390625
1 0.64453125 0.275 0.03984375 0.06640625
1 0.77109375 0.2390625 0.03671875 0.059375
1 0.80234375 0.196875 0.03203125 0.0484375
1 0.67890625 0.38203125 0.05390625 0.0890625
1 0.48046875 0.31796875 0.04765625 0.07421875
1 0.834375 0.33359375 0.05703125 0.071875
1 0.81171875 0.453125 0.075 0.10703125
1 0.90546875 0.3109375 0.06015625 0.078125
1 0.45546875 0.2109375 0.03203125 0.05546875
1 0.9453125 0.46015625 0.08359375 0.0984375
1 0.79921875 0.871875 0.125 0.19296875