1 0.4325909599995625 0.2030007175098838 0.07713018577927463 0.09105224687674199
1 0.530264386424478 0.6439433591968233 0.19082922433401847 0.27448289129415604
2 0.5135000617864485 0.29005074473544273 0.13397704646340927 0.2210397287263694
1 0.4075127055509382 0.18204786807561785 0.10044035178688589 0.08806360226293633
1 0.6351708374524299 0.017749539620394928 0.04534167490485981 0.035499079240789856
1 0.7161025024714579 0.009705235463864674 0.04783000494291585 0.019410470927729347
1 0.5424607085166877 0.19532859719477075 0.07451452174882985 0.10353406615858277
1 0.7432844263877346 0.04178037461672139 0.06405718281352506 0.07691702400410508
1 0.7884868384410131 0.0220143379231927 0.061348676882026075 0.0440286758463854
1 0.5252811842963999 0.08055757006740769 0.05806185079830275 0.08313066256778663
1 0.5827116823192335 0.07084622678146182 0.051429848821136305 0.07371930113146816
1 0.5678069239162766 0.031079744833638574 0.045978344866803765 0.0549420300542293
3 0.42397335228117755 0.08739844340758282 0.161690869581383 0.17277494554888215