1 0.49375 0.11484375 0.0375 0.059375
1 0.6671875 0.75 0.14921875 0.31640625
1 0.59453125 0.2390625 0.05546875 0.1
1 0.70625 0.06953125 0.028125 0.03671875
1 0.559375 0.17421875 0.04140625 0.06875
1 0.703125 0.2734375 0.06015625 0.10703125
1 0.69453125 0.0953125 0.034375 0.04453125
1 0.75390625 0.07578125 0.03203125 0.05
2 0.64140625 0.128125 0.04921875 0.090625
1 0.71953125 0.12890625 0.03984375 0.06328125
1 0.8015625 0.14375 0.05234375 0.07421875
1 0.5734375 0.07421875 0.02421875 0.040625
1 0.83359375 0.278125 0.075 0.09453125
1 0.9625 0.31328125 0.075 0.1140625