1 0.5495888231179739 0.07412693630836767 0.049294345855386903 0.06155823821317572
2 0.5911250657036 0.11128448800377874 0.0762043557412186 0.10959763192686944
1 0.6861590400004375 0.23781706285855364 0.09884335969555132 0.12936647642635143
1 0.18640321285376887 0.9689169739451522 0.23867518083635883 0.06216605210969561
1 0.11767836505839668 0.6465390138537389 0.1760372124710204 0.22497438296032685
1 0.18404882848081922 0.8233969203877141 0.25109556228074004 0.30644701488719617
1 0.322440096806789 0.34689654052775937 0.10534802768032892 0.1359075748547749
1 0.27055394463934224 0.27559942927905434 0.0983340237259962 0.11686647642635144
1 0.35401504346047863 0.205909821545006 0.07056185079830275 0.08594180810555185
1 0.444193080000875 0.4324060090962279 0.13082287155854946 0.18699919396136266
1 0.3047936348672412 0.1652633968140656 0.059433349809719614 0.08074488585581086
1 0.37186572973404497 0.11359604300895869 0.051047846843970034 0.06631851282028159
1 0.4275745602663926 0.12949717886476958 0.052865014828747545 0.07264128742738744
2 0.3298519846769608 0.08815724131354763 0.06163251977166349 0.09644266046291672
1 0.3845859056274879 0.0703554652586997 0.04141817885919252 0.059631865177646445