1 0.5234250871159758 0.11743972127872637 0.04754961179556503 0.06643722749876284
1 0.6670882300449161 0.5084818803692664 0.1208283990890262 0.19972776232447204
1 0.7307862085301877 0.051604438600723876 0.025927582939624473 0.02787269448207601
1 0.7669146814883457 0.048019093168708164 0.028670637023308566 0.017098968792335533
1 0.6329786471901097 0.2077105964480685 0.05596231252120454 0.08403416327441153
1 0.7734994981859015 0.08358477894435692 0.04080853847458741 0.0520471788782438
1 0.6012946267716895 0.15126252261277884 0.04011905771188111 0.07696529172311406
1 0.721096206083117 0.21702472071289952 0.06125001324684405 0.1014673247398008
1 0.7635689374787955 0.12141564959114329 0.042425602176918174 0.05369156603337357
1 0.8341368978230819 0.09537212799441726 0.04431548439090349 0.06314845318850329
2 0.6765327289486078 0.10354871890387718 0.05327382213985139 0.09637038896415207
1 0.8000495853018773 0.17498438489182222 0.061140885842182156 0.0983423247398008
1 0.8958432349390575 0.18861419493230197 0.07654763103285873 0.09291119629109837
1 0.6115724170603755 0.05866226481086273 0.03623016587924912 0.05492651741285455
1 0.9578893340359329 0.4290178669131408 0.05981648801910033 0.14974105042954128