0 0.2424379030193186 0.05940008056224326 0.17762419396136275 0.11880016112448652
1 0.30344171546809673 0.15189014278208646 0.0851070541766104 0.0851766335443794
1 0.22237580603863724 0.11679974043308856 0.08220037799792798 0.08977320533113406
3 0.4405992671635078 0.1079081252311092 0.27090762117350237 0.2158162504622184
1 0.4116330510762386 0.19087242326518744 0.10138702564056316 0.09969377461060622
2 0.3237156741117678 0.1856286452893689 0.0911772717116218 0.11500052586424747
1 0.9478465711352303 0.403866235947249 0.0696661447471513 0.12217652837152997
1 0.9251860130296785 0.47162203728003255 0.1101841368892682 0.154563131037097
1 0.37503627150673396 0.27307716950426375 0.11319782092583353 0.11876202335696498
1 0.5503936823839355 0.3608175472426554 0.13729029238978613 0.13350648495630518
1 0.87221733250777 0.3023013874383171 0.11476032092583352 0.11880748746358769
1 0.7682575785788285 0.28972248258203676 0.09364730024766903 0.10102895407749282
3 0.7288483221686877 0.3150551031942924 0.32265851984959487 0.3277064290046682
1 0.4415259505809005 0.3866108205996204 0.13333053846084475 0.14899509263643723
1 0.6781054977281976 0.5669729558598595 0.1801713052100677 0.18312605172849494
1 0.8089403906133219 0.23704611196978104 0.08376287799792799 0.08981866943775678
1 0.7054558256833443 0.18076267122012338 0.07089900496239884 0.08164245658477527
1 0.7681912661300505 0.1906401249019048 0.07246150496239885 0.08168792069139799
1 0.5750468101769757 0.6690559445770884 0.18929374813797323 0.21147837226160834
1 0.8137903248592842 0.8197078477840162 0.22585198635114878 0.25935358260730723