1 0.5511239586250929 0.27394313210649357 0.10621473201781732 0.1373473525320139
2 0.8022644565563688 0.7652227665614744 0.24386127737108937 0.29213981029746494
1 0.6552734672581397 0.5153655216819719 0.16546355736790766 0.26415204721387225
1 0.9714871712285504 0.7147691983009147 0.04171697469763487 0.23040013154179614
3 0.41919434798695515 0.083288247545632 0.09745789735836255 0.166576495091264
1 0.524598915977092 0.13808122681658688 0.05870338534372692 0.07992969468185844
1 0.7135057799570474 0.27463483489262125 0.1268908586887262 0.16978042093374796
1 0.5873443639799555 0.1133472663497129 0.06495338534372674 0.0802937157285458
2 0.557511960654046 0.06043436895231395 0.06042951734563573 0.09408319994353027
1 0.4865091173217733 0.05676260835838309 0.04131589067472703 0.061741136803468065
1 0.6734551339910914 0.03201141478018113 0.060211341343090474 0.06402282956036226
1 0.4978375159930003 0.023898566017953204 0.03650112133990877 0.04779713203590641
3 0.44499049526577583 0.4714012320076716 0.29873278007636017 0.5795179839326359