1 0.36796875 0.65078125 0.08359375 0.11328125
2 0.40078125 0.821875 0.11796875 0.309375
1 0.41171875 0.58125 0.05703125 0.09296875
1 0.40859375 0.47578125 0.04921875 0.06328125
1 0.45703125 0.46484375 0.05 0.06484375
3 0.5234375 0.5046875 0.08203125 0.18359375
1 0.65390625 0.6265625 0.06328125 0.13671875
1 0.58984375 0.47890625 0.04453125 0.06484375
1 0.64921875 0.53125 0.04921875 0.08671875
1 0.35234375 0.5296875 0.04609375 0.0703125
1 0.55390625 0.46328125 0.04453125 0.0609375
3 0.64609375 0.4046875 0.0875 0.11484375