1 0.23500746185714366 0.9547560243999633 0.19692163879807004 0.09048795120007327
1 0.40945940584749396 0.5069672074008169 0.11232054220663663 0.17384422249741008
1 0.5226663380700167 0.2925301798982269 0.07044095941492116 0.1000770827126578
2 0.5642146842544129 0.19672968237942623 0.06120232710967279 0.10745293507002263
1 0.6691964646932221 0.2743346056626245 0.06786143019392785 0.131181533498446
1 0.7956243713481996 0.1535576869275402 0.04955571509696401 0.06631851282028159
1 0.6607584476470935 0.17542407071643645 0.04338753571381489 0.07071491439185813
1 0.9164884760573079 0.3515307681924559 0.0957409683433749 0.11842897642635145
1 0.6041226639618735 0.15011154755707268 0.038536394480112965 0.06112159057054054
1 0.9291388859619915 0.6570551761741733 0.12429443668674978 0.23372864474715094
3 0.5042181213481995 0.1399852227022978 0.14357054220663662 0.17529971463952715