1 0.4548472348980207 0.21860607360814707 0.0628649823325695 0.08600609905006032
1 0.4458267658644786 0.6733754607632768 0.14509952013597244 0.2666629568065478
2 0.5142202752668747 0.3226218662357722 0.09713349240055572 0.21733134215265534
1 0.4343535501524999 0.19171934701389542 0.08928201196784738 0.08114818068726608
1 0.7022885454028472 0.07278671980838833 0.03713763050895835 0.0534459045679843
1 0.7875175305852083 0.07412456976295981 0.04037173328249999 0.058297178878243795
1 0.5654937941685763 0.2369200616223594 0.0585047906531944 0.09982293758467105
1 0.8017787459159376 0.13353719131425734 0.0516365416031249 0.07293288896415207
1 0.8555765463527777 0.1074151045886689 0.05014677678548622 0.07597600180902231
1 0.5760520473027082 0.1193607473980082 0.045532011967847195 0.07885534034363303
1 0.6353906797115277 0.12403495929293876 0.04066267401194459 0.07079717887824381
1 0.6301226046734028 0.08151991067241975 0.03710126291777769 0.051883404567984306
3 0.47398105423656245 0.10227838873700942 0.13797539152687505 0.16172979534115867