1 0.22702724672063965 0.12043151797134932 0.08501680913596861 0.07471231252120454
3 0.23452548620519006 0.06034473375793119 0.22217597241038015 0.12068946751586238
1 0.2866379421072268 0.16765869283627308 0.08402751922187682 0.08559524881887363
1 0.3454397320213186 0.15464777214770056 0.08213747060135787 0.07929068511654283
1 0.3515093475797223 0.22565967659420427 0.09060506784239583 0.09206350362819711
1 0.4397905975797222 0.22257682741251092 0.09356629353213641 0.08904763103285881
1 0.43980828697341573 0.32745530037066894 0.1089389880142125 0.11453870435383653
1 0.5348341819304615 0.3186581645284867 0.115025213703953 0.11163195916315986
2 0.4418234090905401 0.14188982260318753 0.10146068068726617 0.09088294954451306
1 0.6316416621427579 0.4334622197932971 0.13187852103089917 0.13561509618646853
1 0.5148569538658718 0.4751090611704421 0.14577060266810485 0.16261410580511537
1 0.948849676051139 0.3954140604526519 0.10230064789772193 0.14310021397248338
1 0.8862295855939347 0.31812736335520964 0.08657266508343398 0.10439981252120453
3 0.7804023094746528 0.27016606770904605 0.25347463930283637 0.28334824645662093
1 0.6653781750330566 0.34540665908619117 0.11774077792830404 0.10392858656782167
1 0.7703511165744565 0.7205579373091595 0.1951841044771271 0.2126885168750409