1 0.56640625 0.34921875 0.05859375 0.11328125
1 0.57109375 0.06328125 0.01953125 0.03359375
1 0.5765625 0.12109375 0.03125 0.05
2 0.67734375 0.23125 0.06796875 0.14609375
1 0.53984375 0.22890625 0.07109375 0.08125
1 0.71171875 0.42890625 0.08671875 0.15
1 0.7359375 0.13125 0.03828125 0.05703125
1 0.7953125 0.159375 0.04609375 0.06640625
1 0.74296875 0.10078125 0.02890625 0.040625
1 0.77890625 0.0953125 0.03359375 0.0515625
1 0.72265625 0.07890625 0.03125 0.04609375
1 0.68671875 0.05625 0.02265625 0.03515625
1 0.7078125 0.04375 0.01953125 0.03125
1 0.86953125 0.23515625 0.0625 0.08125
1 0.9671875 0.31796875 0.04765625 0.1