1 0.47074676199622123 0.6090343000126353 0.16992731803034927 0.23119983887551357
1 0.21043850062368175 0.705507168579827 0.2289427531003719 0.29221154671392996
1 0.575920221259065 0.4000888605166188 0.10284251778268025 0.1309437746106063
1 0.6594882384225726 0.5206490645941116 0.1264641083532208 0.16908027210332363
1 0.6243834540955572 0.28337037344874255 0.08263702564056316 0.09914820533113407
1 0.9249249555432992 0.3476591601335427 0.08405397642635144 0.09606866943775678
1 0.6793834772549209 0.2278621710206024 0.059670406533975394 0.07507420783841656
1 0.7301069152204277 0.28097045064577353 0.06664815260503384 0.09088106426490725
1 0.6943021559148027 0.19309236592689516 0.05134848428423418 0.06390938730530311
1 0.759036744004144 0.19732287635173643 0.05491013192686935 0.0733753155185485
3 0.582983666253885 0.1812479323033735 0.18267987510244393 0.2034840158351176