1 0.6053701267595829 0.3792525350203406 0.1288271290313853 0.1877148587069682
1 0.5158217832935582 0.30960322129390694 0.10654971463952716 0.1446996877564411
2 0.5391201962376744 0.2111829673395742 0.09434081306795061 0.1504403517868859
1 0.8882509774643179 0.7178415552491146 0.16877154052775936 0.3421768656270503
1 0.471333382755439 0.21004623167403022 0.08263702564056316 0.10005834980971953
1 0.7630927355270887 0.3580102519028043 0.1785403387085136 0.2505623685927999
1 0.5166501908609908 0.14113972277678166 0.07453342721213971 0.09349001482874764
2 0.6213911947899323 0.15246720053366025 0.09070639081820957 0.13937551779449714
1 0.6854815816792004 0.013033263308691808 0.047786836641599176 0.026066526617383616
1 0.5697045703066609 0.10700746190236674 0.0649401033908223 0.08842051285158128
1 0.7508882578578829 0.01651109038099837 0.06072348428423417 0.03302218076199674
1 0.7162200053766835 0.04177509825248271 0.06606595574818694 0.07910917984777566
1 0.5596960235736486 0.07076621437382467 0.05113016046291676 0.05978617688202614
1 0.48467890694826005 0.057447813689252655 0.046442660462916764 0.059595175893442966
1 0.8411429226640259 0.10530440456454263 0.0939383986760923 0.10831651878308031
1 0.9103915746498871 0.25921597175101746 0.12177660835322116 0.1702726907221906
1 0.9197002622011091 0.15980622076243428 0.05770980024766885 0.1006021778706093
3 0.4261041960327866 0.6119098206093349 0.42035988916107064 0.7547882480600145