1 0.17890625 0.246875 0.071875 0.05703125
1 0.15703125 0.22421875 0.07578125 0.05390625
1 0.2671875 0.2390625 0.06640625 0.05703125
1 0.2703125 0.2859375 0.06875 0.071875
3 0.9703125 0.46953125 0.059375 0.228125
1 0.2421875 0.21328125 0.071875 0.0484375
1 0.40390625 0.29921875 0.07421875 0.07421875
1 0.3453125 0.346875 0.07578125 0.08515625
2 0.8609375 0.39609375 0.11875 0.1484375
3 0.7265625 0.26875 0.153125 0.19296875
1 0.5640625 0.48359375 0.10625 0.11640625
1 0.84375 0.31484375 0.084375 0.08515625
1 0.6203125 0.6640625 0.16328125 0.178125
1 0.63828125 0.21171875 0.04609375 0.06640625