1 0.32270334610165047 0.19808193423420067 0.06399306733052797 0.0878545240041051
1 0.4522370455613455 0.4254069826351943 0.12077383538669526 0.1928510962128122
2 0.30418398067788827 0.3481592022863774 0.1295139183263198 0.2194590480082102
1 0.6597966075343958 0.14066330221162265 0.042862111795565025 0.06429884933607007
1 0.5955084182415018 0.10276384729296659 0.04129961179556503 0.06428975897699045
1 0.7114930275899962 0.20363093482337585 0.06059524881887359 0.08002384328594588
1 0.7049776435619125 0.2560019559006147 0.0770932680561673 0.10511474687674198
1 0.4292881627992061 0.23261094945770702 0.06544643992586607 0.08473861436318471
1 0.38091515018533445 0.20867854576871497 0.05607143992586625 0.08468407220870704
1 0.5253397619808996 0.1437888230924698 0.04269842068857255 0.05961134933607006
1 0.7656026303150686 0.35406675117835035 0.09208335099579194 0.13175906010845856
1 0.46195930826003523 0.1246302778147341 0.04409722958157989 0.054932939695149674
1 0.5079637782229683 0.08218370258096501 0.03126984736759475 0.04548521682251274
1 0.5429736952833438 0.1085371243221338 0.036121038474587405 0.05019998789975157
1 0.8491814451137077 0.7566236037358742 0.1979563834799297 0.25578743344863375
3 0.7274751808553735 0.1262099167711991 0.08884922359113023 0.12861587939029934
3 0.6486160600741337 0.0805843202637994 0.06330358656782167 0.11284543364502549