1 0.6026408858558244 0.17443945946773148 0.04792284684397004 0.06617296360606986
1 0.5935351412930319 0.1481851745215434 0.03478617688202625 0.049965766749223
2 0.6420097919776039 0.22636798655603668 0.06982702174882985 0.10618153349844599
1 0.7483513393924153 0.40195664557121136 0.1026050296574951 0.14513702564056316
1 0.2529434085188753 0.8360071014263515 0.211934903193211 0.32798579714729714
1 0.1821493833471854 0.5626584735308674 0.13024986859279988 0.17293669396136266
1 0.2644233724727705 0.6181508023145836 0.14144203657757748 0.1796961162111037
1 0.37282209878395534 0.3398503279551468 0.07138952174882984 0.10625430810555195
1 0.3375186101526618 0.28419748738460615 0.06756418479069151 0.08892125889134021
1 0.4098684540308824 0.23747234470436976 0.05455484882113648 0.07583906203449331
1 0.47019184730108066 0.35142999089926286 0.08114652372599629 0.11606595574818704
1 0.3659247944490618 0.20176813109829994 0.0461693458553869 0.061412688998963995
1 0.4307340523577272 0.16721550268608715 0.03953734387822046 0.05174659057054054
1 0.4774817183653385 0.17252374089926287 0.03966467787060921 0.05487159057054054
2 0.39822264129303186 0.1390883486333112 0.04667868182494202 0.073912688998964