1 0.32262153366526397 0.05309287391096097 0.04059028366526398 0.04488660266556703
1 0.26649058475372306 0.0772146840192331 0.03902778366526398 0.04484113855894436
1 0.24985615626060226 0.0478537929530063 0.03590278366526398 0.04475021034569898
2 0.46154022304297604 0.3435624127073322 0.11181549763774737 0.16246655925034234
1 0.25033733901489236 0.28512647241989286 0.07698414065150558 0.103699313011266
1 0.14965778193598345 0.3298048234361073 0.07881945916315991 0.11155727711788872
1 0.3938070529025577 0.08013875870898161 0.04862103847458741 0.05136392319868044
1 0.285917685749515 0.2088965930321486 0.06846231252120454 0.0831594924781526
1 0.18394595798203356 0.1942226761016743 0.058978185116542826 0.07976170783841652
1 0.3895759098887993 0.1377694022824909 0.055034729581579976 0.05623327962517113
1 0.4383854321213179 0.12748277164110536 0.06295635698624161 0.05958560015828458
1 0.5644295769491748 0.11632161427754253 0.059776793283910834 0.05793217194503919
1 0.06434029691210788 0.1439151360516619 0.044370048093234235 0.06372753087881237
1 0.6154067783077863 0.2575065554229116 0.10456350362819719 0.08889266693047429
1 0.9301513080283673 0.35655678701400456 0.13969738394326542 0.11829066191590938
1 0.0691344351165428 0.08005722453146395 0.032832347367594814 0.04622178213245363
1 0.9722272079820335 0.46090931789281697 0.055545584035932904 0.11137542069139812