1 0.5941022511206272 0.9150997053610265 0.27623955423577745 0.1547455957773593
1 0.282748247821922 0.6375782719173926 0.18885922618081655 0.21100350405718976
1 0.13785798198680435 0.46658175365344795 0.11466555674305985 0.13006142126547413
3 0.11043636097883724 0.2763385831987527 0.16419419530200421 0.1684069009729347
1 0.16325513558944346 0.37234082995234186 0.09665970282385157 0.10163641233702041
3 0.3699861718785322 0.5195901566582728 0.5032473012662765 0.49603661769145635
3 0.7641978584715547 0.7870314322291134 0.4716042830568904 0.408100241068251
3 0.33441943025830945 0.29118846712885416 0.19934208511458973 0.19556941882984216
1 0.46945131129540635 0.3920088530875504 0.1157279515702104 0.11290119480442451
1 0.6062359089464084 0.4724758287378211 0.14775084138279587 0.1400091655834313
1 0.7787450579301941 0.5718603997617093 0.1829896594086268 0.17029668344033871
3 0.9068734402874392 0.524901804795129 0.1862531194251215 0.24721373944669303
1 0.691809696093427 0.45847578409555245 0.14430759263643722 0.12901711850553052
1 0.5354938484424249 0.3783497276821609 0.11099498746358769 0.11125687418757346
3 0.42426318025830945 0.2896202386392096 0.20054087226160835 0.18309669236879245
1 0.06333169193679192 0.3498539496756884 0.08420516693047428 0.10298072402541765
1 0.9414578661912578 0.6713813384803491 0.11708426761748428 0.13485801542127546