3 0.05171439557572054 0.44555554746026205 0.10342879115144107 0.17451390507947587
1 0.10232855583374949 0.5158928401112007 0.1018236732831983 0.10963294954451293
3 0.3498713358175388 0.5766666158870983 0.5281936980951919 0.5223115758528664
3 0.7832381457851175 0.7003694336809625 0.3878212551672863 0.48933040634542024
3 0.24161799586617078 0.37219242541307795 0.20924237510244392 0.20542165389834954
1 0.4073671203494421 0.4139830774125109 0.12093754631872766 0.1181002139724832
1 0.5662134274215367 0.4365152979235982 0.15505998924663303 0.14737105172143128
1 0.7670652979758665 0.46148054847175235 0.19245298138875028 0.1798760168750409
3 0.8847857990093239 0.36221218005276534 0.20553948635114877 0.25989089908902613
1 0.6465216656347124 0.3869121128070554 0.15142556699689216 0.13632442431676955
1 0.46692621091998276 0.37446422042626926 0.1161772717116218 0.11637402286549073
3 0.3307554245260526 0.33398060808255003 0.210222678245597 0.1929762176006804
1 0.9397193939230906 0.488990445661862 0.07776974317557475 0.1290724303072192