1 0.03681543140352771 0.7924051286600913 0.07363086280705541 0.2558147426798175
1 0.09594237242570228 0.6517432186505462 0.12044645317271012 0.18413973734881744
1 0.5061878693456594 0.9351336899268216 0.16034227767481415 0.11900563335454457
1 0.33320672633190107 0.8793574992839114 0.148154790921658 0.21726132001908988
1 0.09659710373656274 0.8789869713160463 0.18977680653075474 0.15683289735836253
1 0.38124246616510005 0.689031943944957 0.1333283990890261 0.19522268801718107
1 0.5212994925739698 0.8154751705920035 0.14524804573098143 0.22347495735199913
1 0.19064229193314844 0.5116352919716831 0.12787700725639412 0.17329314401654478
1 0.1980554547323546 0.7466097286362287 0.17575400126594437 0.24725790268936265
1 0.04419392754366256 0.36421649399268213 0.08838785508732512 0.11042951734563582
1 0.15008924691995712 0.2864176633115919 0.0780010036281971 0.08681020401018139
1 0.25675839837123593 0.2508154232972744 0.05579862141421188 0.07718066534054513
1 0.28452129982251473 0.21613134062700184 0.058487111795565115 0.06471702800763604
1 0.2248834049946579 0.20198757196850145 0.05207342068857255 0.059956802673454226