1 0.4716058785298145 0.1467959948282043 0.045477636051661816 0.061412688998963995
1 0.6362272858268703 0.4954069309316841 0.11455790815498564 0.18321922249741007
1 0.6543525308788124 0.0726072857702484 0.026091138558944314 0.03866439371369372
1 0.6852842821324536 0.06312527791236554 0.029216138558944317 0.038809942927905426
1 0.5784074594877693 0.22432814350429675 0.05374477711788863 0.0774015620344933
1 0.6951282950645774 0.10649428825144776 0.03886392319868044 0.048621590570540586
1 0.5449668221824661 0.17439876405862667 0.03793792069139812 0.07042381596343472
1 0.6596801915410805 0.2288936730738013 0.05888691818411544 0.0932448858558109
1 0.6899012374635877 0.14135943982302432 0.040471887305303156 0.0502568651776464
1 0.7507561694377568 0.1145465368037057 0.04226170783841639 0.058142139784752266
2 0.6091597028238516 0.12823654755707267 0.04937552586424747 0.08812073821317572
1 0.7271571965556454 0.18834575578645904 0.05727895407749273 0.09160961124870504
1 0.8147708568222022 0.19632738378438708 0.07272209765100186 0.08608735731976358
1 0.54561402837153 0.08938806327283838 0.03426735141192587 0.05152826674922302
1 0.9232977253228867 0.41359412054982075 0.1196713054894186 0.14444782092583353