1 0.1486408527250724 0.1480948064133915 0.08688493030721936 0.07334777110331836
1 0.25443449573883076 0.20402543222581807 0.08888393992586625 0.0858750446422687
1 0.2657093016366133 0.17181690422264087 0.09173612141421188 0.07811709172016937
1 0.3506547313108605 0.221084472810897 0.0887202488188736 0.0811875446422687
1 0.31989331543161137 0.27471403328147825 0.10042164065150558 0.10325345941492108
3 0.8911680815888621 0.5278631635614269 0.19070936787083284 0.3187614569792892
1 0.346877456083117 0.17274243019722318 0.08677580290255768 0.07022277110331832
1 0.46873755399886596 0.32755088677277044 0.10371033175849824 0.10799550649282175
1 0.3847246525475872 0.36337138433713845 0.11352184137714509 0.12065914772652384
2 0.8095956777753306 0.40436320820369565 0.13994049763774719 0.1617205243497292
3 0.7224553202409348 0.2614410970017657 0.17271828130301117 0.20601599512873606
1 0.6611655791417914 0.6974019164008007 0.20514883538669526 0.19565123944669321
1 0.7981348773198438 0.30774730682372387 0.07832838584218216 0.09662162986961631
1 0.7105306289643062 0.9159376822291133 0.30340279691210803 0.14739674593951477
1 0.6692236820364998 0.1983468076345028 0.06032243030721922 0.07288412094116259