1 0.5181456372533673 0.5982264090873143 0.11684424403245312 0.24105346834337488
1 0.647498424610139 0.42779295251176686 0.08766472668681721 0.1499375446422686
1 0.7121176446530916 0.11245037053083021 0.03804544000636341 0.04752956493480816
1 0.7403949966184113 0.368464591309837 0.08886360001590835 0.11871481818121907
1 0.6109449486394103 0.21148611403800843 0.044586341343090474 0.07263865909060954
1 0.6795762226289108 0.2900435365212986 0.0637181493475449 0.10577844155801355
1 0.7757347019812281 0.15184983562779414 0.03975339067472703 0.06005683847375849
1 0.8318210699793191 0.1668941830300064 0.045912484006999675 0.05235343262955987
1 0.7995710966343197 0.25228621225099956 0.06348179201145392 0.08546594155801354
1 0.613334699315728 0.14041963757695877 0.031886346674090404 0.055232970779006775
1 0.6556494686505462 0.13021852312861798 0.036628390674726855 0.06000229139585782
1 0.5580841253182734 0.1207014269442217 0.033430665340545215 0.05369774431795715
2 0.9131517912953655 0.2956834305943744 0.09053518801718105 0.12811709172016936
0 0.5992091119907731 0.07844178895693055 0.03204997867599957 0.06929547077900682
1 0.6343653619907732 0.0790554435833132 0.027017033338636053 0.03952615016215577