1 0.38540658339873013 0.5403182470162282 0.056778848904643284 0.07506018415851479
1 0.4423469051854848 0.5405149390672508 0.0633016335443795 0.0847992052052021
1 0.33023936177026003 0.6010590549652057 0.06026756175762475 0.08774219468185826
3 0.21686013803021895 0.8234375 0.39607599577685787 0.353125
1 0.3983301322242312 0.5824070364787671 0.07088681301126591 0.07744173151356133
1 0.5645284113871839 0.9429665629283008 0.11351223370266403 0.11406687414339842
3 0.3151803145941116 0.7000124944559796 0.20510400329870535 0.29427916297065304
1 0.4874691885715796 0.5634210890248984 0.06311977711788863 0.0785492052052021
1 0.5002897858268703 0.49475438901078095 0.06427310015828454 0.06457771046687384
1 0.5447481426490725 0.6556687731834131 0.0634834899708702 0.0910492052052021
1 0.6396598258768827 0.6206405967762318 0.062011918184115444 0.09408319994353036
1 0.5090199281467382 0.4999424179499762 0.07360263605166181 0.06356124203690498
1 0.577676651424561 0.5811538915710297 0.05379024122451135 0.07956567363517095
1 0.6089971960934271 0.5049855046969745 0.04065374373179385 0.05696263154179633
1 0.550851041632858 0.7581945337067568 0.0944439849563052 0.1365283051769673
1 0.7192780958686354 0.9079499444348034 0.1229159774344577 0.18410011113039318
2 0.6276418960142848 0.4756543204678726 0.04400606426490725 0.06495714206513999