0 0.6995129520324287 0.18826753258197856 0.05102895407749273 0.0901898953265973
1 0.7643195981132205 0.21486509375239518 0.04869356426490725 0.06359102773541672
1 0.835103459554276 0.25069218455808956 0.0485571719450391 0.05890352773541672
1 0.22867996331519985 0.29759712614055533 0.09206313103709692 0.10519795269729171
1 0.49941836064963285 0.33033166527513846 0.06996081050398359 0.09687630642076392
1 0.7999890104913483 0.3842320363817007 0.07942673871722902 0.10021951196784729
1 0.9106430171552657 0.2840664225902423 0.06629024122451135 0.07805357123840287
1 0.3963735801665319 0.2226484114754163 0.05673338479802066 0.0715853656913195
2 0.48166622248639984 0.215978877756076 0.05567098997087001 0.08873649810013892
1 0.7165614303913234 0.6219515483495479 0.12067151583511766 0.1761287017473613
1 0.555362135260239 0.23222016717499955 0.05383570533113406 0.07932513050895836