1 0.3234375 0.87734375 0.140625 0.2453125
1 0.6234375 0.18125 0.03046875 0.0484375
1 0.18203125 0.49921875 0.096875 0.12421875
1 0.30234375 0.5296875 0.09140625 0.13359375
1 0.4609375 0.41796875 0.06015625 0.10390625
1 0.27421875 0.38125 0.06328125 0.08671875
1 0.3546875 0.39296875 0.06015625 0.09296875
1 0.6390625 0.24453125 0.03671875 0.06328125
1 0.71953125 0.271875 0.04453125 0.06875
1 0.48515625 0.29140625 0.03984375 0.06640625
1 0.6875 0.44453125 0.07109375 0.128125
1 0.83828125 0.3296875 0.05625 0.0796875
1 0.48984375 0.2265625 0.03359375 0.05
0 0.43359375 0.22421875 0.04296875 0.10703125
1 0.38203125 0.221875 0.03828125 0.05703125
1 0.94375 0.3484375 0.07109375 0.0796875
1 0.37265625 0.17421875 0.02578125 0.0390625