1 0.770606444540684 0.23716032665237705 0.040503173635170954 0.05309050790866543
1 0.6625587261107151 0.2421104704168669 0.045554694681858264 0.059531508897248564
1 0.7221234419098481 0.23440539977035094 0.040412168373499216 0.05152800790866543
1 0.685184155007558 0.29603130786929677 0.057311242036904984 0.0740396778706093
1 0.7548665944277446 0.3549871552075584 0.06723227360693614 0.08379667984777565
2 0.8194450339185184 0.3396924190477228 0.0644712946536238 0.0899193458553869
1 0.8492543602833473 0.28946692596780504 0.05364021046687384 0.06453734387822055
1 0.6937085575254545 0.41562622486549117 0.0776083314853265 0.10136618182494192
1 0.33950763396087064 0.2757109017103362 0.07430132096198276 0.09811384783255317
1 0.2233589891943076 0.3021540434976597 0.08358531570031094 0.09693334980971961
1 0.8706890155026669 0.3363246799221377 0.06061825256024882 0.07729201186299814
1 0.8099775706090468 0.49830341509339016 0.09763240514873246 0.12400518577927463
1 0.7082631521649606 0.5183201433445603 0.10984397881213823 0.14632585475263546
1 0.4188542287415511 0.23295966901054177 0.05538472099021767 0.06772601087441492
1 0.5378695392507773 0.25573527722321837 0.05069722099021767 0.06753500988583169
1 0.3393641498164734 0.20633881920082225 0.062271757821920556 0.07891817885919253
1 0.9229487364928846 0.4039233568041639 0.06879477360693613 0.08386034684397004
1 0.9355536942583355 0.5400518577927471 0.10159186305535747 0.11169618676785795
2 0.9526342064147393 0.4395080297318573 0.09473158717052144 0.11625635277546902
1 0.7357474702137587 0.8940961457788372 0.19811679451244918 0.21180770844232555
1 0.9735598983951746 0.7246152001880928 0.05288020320965074 0.15930601581733086