1 0.63984375 0.1953125 0.03203125 0.05546875
1 0.378125 0.61171875 0.09921875 0.19296875
2 0.71484375 0.22890625 0.03828125 0.0796875
1 0.68515625 0.38125 0.0625 0.09453125
1 0.79296875 0.37421875 0.05703125 0.09296875
1 0.82734375 0.28671875 0.05 0.06875
1 0.43359375 0.2609375 0.03671875 0.0703125
1 0.30078125 0.24296875 0.04375 0.05546875
1 0.40234375 0.1984375 0.034375 0.04453125
1 0.76484375 0.5609375 0.08359375 0.13359375
1 0.43671875 0.21171875 0.03515625 0.05390625
1 0.97265625 0.359375 0.05390625 0.090625