1 0.14718924265998828 0.7514037541763512 0.24828358007523713 0.3878174916472975
1 0.4591242850947027 0.15061005817521725 0.09900518577927464 0.0939533858421822
1 0.7268821294672149 0.19367797877897175 0.11169618676785795 0.09907739546082901
1 0.6612066858164558 0.46353910019318373 0.23923754942915867 0.24239586424263582
1 0.462056919999125 0.3953868448357061 0.1862107085166876 0.20465776206571765
1 0.4003978839158391 0.22620282441728606 0.11746602570316256 0.1258035865678216
1 0.28268646049385404 0.1982365702409348 0.1030215237259962 0.11593751324684391
1 0.21064036414417558 0.1389459049946579 0.08369852076024671 0.10122024881887363
1 0.1912881862735663 0.08642110572029729 0.057425180836358794 0.06909722958157996
3 0.3554170118629981 0.051284703087892125 0.1420840237259962 0.10256940617578425
1 0.19347542737631773 0.044097196464470155 0.054109179847775656 0.06430060217691824