1 0.596842858999683 0.3003443707637269 0.07530097241038014 0.1282020827126577
1 0.5962542022839921 0.002815592122981131 0.02499335594746519 0.005631184245962262
1 0.6041353013340525 0.050960800871350756 0.03888543758467122 0.057923815963434724
2 0.7153328301668678 0.1703036521952583 0.08820376413349429 0.16621150496239873
1 0.566444950813654 0.16862348987031478 0.08451884215265544 0.09589900496239875
1 0.7579242011523384 0.38525441005314115 0.10876192559888338 0.1718450748547749
1 0.7784735600404797 0.06007031948260059 0.047107373360319824 0.06610018899896401
1 0.8442556902982045 0.08989906059126043 0.0570555834462283 0.07747433664159915
1 0.785347679782755 0.026857559143518374 0.035187227498762755 0.046840766749222995
1 0.8249457683173658 0.025065119625571113 0.042092324739800804 0.050130239251142225
1 0.7629437353006789 0.014729087160582405 0.03863977611928178 0.02945817432116481
1 0.9268844838303408 0.17219783023596755 0.0750619549975255 0.09389985731976358