1 0.18125 0.8769896284414507 0.184375 0.2387627055509384
1 0.66015625 0.13481944410786958 0.040625 0.07196784190105418
1 0.73515625 0.1520759282905388 0.0390625 0.05940417490485981
1 0.21328125 0.5389657050194655 0.0984375 0.1305735207602467
1 0.70546875 0.19469185121823224 0.046875 0.06753500988583169
1 0.321875 0.32360334878395536 0.059375 0.0821068458553869
1 0.66328125 0.2706296101154808 0.053125 0.0771646778706093
1 0.7578125 0.28709025684572015 0.0671875 0.0886751808363588
1 0.8234375 0.23910374300555567 0.059375 0.0774193458553869
1 0.4171875 0.2931571620160975 0.05625 0.08510451186299814
1 0.490625 0.27766481319496106 0.05 0.08016234387822055
1 0.39453125 0.21517408346091615 0.0375 0.05309050790866543
1 0.85234375 0.18636340357595943 0.0515625 0.06616351087441492
1 0.440625 0.2375146570731816 0.04375 0.06428267589344294
2 0.828125 0.7170377420169725 0.1421875 0.25110619665368966
1 0.9734375 0.711116711370894 0.053125 0.2131021778706092
1 0.9765625 0.4336456273785053 0.046875 0.1206600098858317
1 0.5078125 0.16446447623682275 0.034375 0.052963173916276626