1 0.5337077895708957 0.3356174860353659 0.08474207694917482 0.10283731252120454
1 0.7310812973754441 0.3591566458393472 0.06582838584218216 0.09749504809323425
2 0.020267826864356762 0.5724553533580445 0.040535653728713525 0.24883929328391083
1 0.11145824502104056 0.6515575215995464 0.18718257458692206 0.2655952620657175
1 0.17495034846390317 0.35282735572029733 0.11612105172143132 0.1523115228654907
1 0.8251016266868714 0.41517597814599955 0.08625001324684405 0.1013293762235353
1 0.7638516134400277 0.5156323351322413 0.12269843393541642 0.16190477767481415
1 0.2683804007334886 0.40340521987811506 0.10959823320977699 0.14428076805616746
1 0.6355430749654402 0.5700519950210405 0.12302581614940156 0.17127977767481414
3 0.4164037276826634 0.29835807741251097 0.1320040012659444 0.24962303248413759
1 0.25683032024093483 0.2649156387525891 0.07876489546082902 0.11043155771188111
1 0.8299899570946072 0.8785018681645329 0.18607145317271012 0.18908732576804824
2 0.9302131903043843 0.7345484823223508 0.04846232576804823 0.1811607199629332
1 0.6645261590013731 0.9467037750581074 0.1738938569862416 0.06381450725639404