1 0.6485807855518132 0.25336630539783883 0.04648768083635879 0.06897017589344294
1 0.23404480578058728 0.5361908038777831 0.11060853064607841 0.1495781887450242
1 0.7150361150955777 0.27407273623419764 0.04967634783255335 0.0706600098858317
2 0.3307341219784789 0.6215154916342241 0.1263555474519924 0.22977502471457925
1 0.805482042966187 0.22454492151918076 0.04160917984777583 0.06409167490485981
1 0.6580101822820525 0.34843872486549116 0.06112318380210837 0.08360567885919253
1 0.7428162638029834 0.3605023261580855 0.06750051779449713 0.08698534684397004
1 0.3873329263505535 0.3655811680219586 0.0730793557412186 0.10905134783255317
1 0.24330569513363381 0.27050213688158864 0.060677514828747635 0.07266817885919252
1 0.8405534268448452 0.38170084691833217 0.07550401878308008 0.09199118182494201
1 0.6651502257425312 0.5381060613293378 0.10598469764227278 0.15094968775644108
2 0.37778812448711785 0.21572574806001468 0.04667868182494202 0.07365767589344294
1 0.9155680142972749 0.36519377923756574 0.07850168479069168 0.08899351581733077
1 0.8619496298871443 0.6055986033441227 0.12530770060802218 0.1657761917107738
1 0.504700792966187 0.21228902475176042 0.04154551285158128 0.0625291749048598