1 0.63671875 0.2109375 0.03203125 0.05546875
2 0.0984375 0.81015625 0.19453125 0.35546875
1 0.728125 0.20859375 0.03203125 0.040625
1 0.6984375 0.2390625 0.034375 0.0515625
1 0.45859375 0.4296875 0.0625 0.09609375
1 0.66875 0.36484375 0.05078125 0.0890625
1 0.79765625 0.4296875 0.07265625 0.1203125
1 0.82109375 0.315625 0.05078125 0.06640625
1 0.359375 0.2765625 0.034375 0.059375
1 0.69453125 0.4703125 0.06171875 0.10703125
1 0.89140625 0.30546875 0.05625 0.06875
1 0.5234375 0.20546875 0.02890625 0.04296875
1 0.7671875 0.70390625 0.1125 0.18359375
1 0.93984375 0.484375 0.0875 0.1109375
1 0.9421875 0.75 0.115625 0.175