1 0.6210788147986392 0.3883415741851036 0.07385914065150559 0.10319904160312507
1 0.7620708586307042 0.5310349544097216 0.10016866950744614 0.14128092306201392
1 0.6431745256910796 0.5603432075438536 0.109980179126093 0.15399912860909737
1 0.7961879422033009 0.38114340397288127 0.0766021947351895 0.09233427678548622
1 0.8558134241471336 0.4843580165300687 0.09789684137714509 0.12093205547083344
1 0.1741021218775481 0.44636258767156234 0.1049652969121079 0.14451502583555573
1 0.3208977655242786 0.37815483548736084 0.08427085099579194 0.13310474715020834
1 0.2519121525475872 0.3641481932948956 0.07542164065150558 0.10323540919430556
1 0.1828992577197303 0.35092280110243035 0.08188989546082906 0.10963087955902787
2 0.8961432359505478 0.8495277684299298 0.13400301088459124 0.26072190729444455
1 0.4718724776826634 0.3020436643252079 0.057415685116542825 0.0793978656913195
1 0.376931999915182 0.3159626535916316 0.059196439925866165 0.0856842332825