1 0.08984375 0.5046875 0.10078125 0.121875
2 0.12890625 0.8296875 0.1375 0.28515625
1 0.6421875 0.20625 0.03125 0.05
1 0.36640625 0.76171875 0.11640625 0.20390625
1 0.69609375 0.215625 0.034375 0.05
1 0.43984375 0.384375 0.06328125 0.1203125
1 0.75 0.3265625 0.05078125 0.078125
1 0.33046875 0.253125 0.03984375 0.05703125
1 0.66953125 0.36015625 0.05 0.08515625
1 0.46171875 0.23984375 0.03515625 0.06640625
1 0.84140625 0.24609375 0.04375 0.059375
1 0.84765625 0.3453125 0.05703125 0.07578125
1 0.8671875 0.57890625 0.1 0.13359375
1 0.925 0.3109375 0.0625 0.0890625
1 0.77734375 0.7265625 0.12421875 0.17421875
1 0.971875 0.90234375 0.05625 0.1953125
1 0.5359375 0.17578125 0.02578125 0.03671875