1 0.7625 0.9060164631381259 0.290625 0.18796707372374827
1 0.24296875 0.027577202622676416 0.0296875 0.03124335594746529
1 0.4453125 0.3631815892119793 0.1078125 0.13065021370395283
1 0.25078125 0.04829913839832518 0.0375 0.04259029172311405
1 0.3609375 0.06813468283497268 0.0421875 0.0475234531885033
2 0.2375 0.21557184757972228 0.0765625 0.12276247060135788
1 0.2703125 0.17744772783744706 0.0546875 0.07005355042954128
1 0.16796875 0.31739661917644835 0.1 0.15055327792830403
1 0.4765625 0.10622558231457432 0.05 0.055745388964152064
1 0.48203125 0.13229343735752847 0.0609375 0.06569359905006031
1 0.39375 0.14329181309269748 0.0640625 0.06741987336031982
1 0.0921875 0.12748759215265534 0.04375 0.06479284034363308
1 0.14765625 0.10617583615976156 0.0421875 0.06002345318850333
2 0.60859375 0.16080129692303835 0.0703125 0.07712242198083885
1 0.59453125 0.19287681252687058 0.0640625 0.09241987336031983
1 0.52109375 0.20152811623577227 0.0640625 0.06898237336031983
1 0.10390625 0.0812267458161285 0.0390625 0.05517217887824381
1 0.16484375 0.06098284486618882 0.0375 0.05509029172311404
1 0.10859375 0.048659907281517756 0.0296875 0.04061835594746528
1 0.0375 0.21290279172311405 0.0359375 0.0893834045679843
1 0.04921875 0.04086069538658719 0.025 0.04662269448207603
1 0.80546875 0.3812753284693871 0.121875 0.10638719810012062
1 0.7203125 0.38774997851481563 0.128125 0.10671474672063966
1 0.1265625 0.025382859565509903 0.0265625 0.037329581637205775