1 0.72734375 0.05390625 0.02109375 0.03359375
1 0.74921875 0.05859375 0.021875 0.0296875
1 0.67109375 0.45625 0.09140625 0.15390625
1 0.69921875 0.06953125 0.02734375 0.04453125
1 0.76171875 0.0734375 0.02734375 0.04453125
1 0.73359375 0.09453125 0.03125 0.0515625
1 0.6375 0.12890625 0.03203125 0.059375
1 0.571875 0.0796875 0.02421875 0.04296875
1 0.56640625 0.128125 0.02890625 0.05703125
1 0.77734375 0.1359375 0.03984375 0.0515625
1 0.8078125 0.184375 0.053125 0.08125
1 0.8703125 0.16015625 0.05078125 0.06484375
1 0.953125 0.13515625 0.05234375 0.05703125
1 0.91796875 0.2546875 0.08359375 0.11328125