1 0.053846537766385164 0.6975791672873423 0.10769307553277033 0.27046666542531544
1 0.1294452448000757 0.5636707400752025 0.13466268430531075 0.1901969685684687
1 0.48975978855935465 0.8859030351555852 0.18121013568479186 0.1861302067816446
1 0.3322615490748042 0.8277738196874884 0.17979147783744712 0.2780266083532208
1 0.10347252289772195 0.8237370988427081 0.2069450457954439 0.23587764970954977
1 0.40199195217245054 0.6125447719210187 0.14452900723608925 0.20000861621110388
1 0.5284205760985972 0.7430412930134679 0.1550504274079058 0.2223202638537387
1 0.23139060436558562 0.4326689890417453 0.13696881275401313 0.17471751778268024
1 0.21943507971664183 0.6607939890417452 0.1929532191310198 0.26149407981717354
2 0.30567463138937856 0.35361288172198163 0.12109815128862396 0.1693022717116217
1 0.5382570007929696 0.5999633811028091 0.12232645861557039 0.1927397717116218
2 0.12181196574011781 0.26319985918179045 0.12455734396167766 0.1460830955329393
0 0.5434413042747286 0.2482382152632089 0.10670810266810485 0.16239730024766902
1 0.5022740716875831 0.21586451695862002 0.058618083446227945 0.07754711124870503