1 0.6234375 0.65 0.10625 0.221875
1 0.02734375 0.7703125 0.053125 0.1984375
1 0.73046875 0.06484375 0.02265625 0.0390625
1 0.76328125 0.065625 0.025 0.03671875
1 0.615625 0.24453125 0.05 0.0890625
1 0.70078125 0.0765625 0.02578125 0.04453125
1 0.77421875 0.0859375 0.028125 0.04453125
1 0.7546875 0.11171875 0.03515625 0.05390625
1 0.628125 0.0953125 0.02734375 0.05
1 0.575 0.05859375 0.01953125 0.03125
1 0.56796875 0.090625 0.02421875 0.04296875
1 0.82578125 0.18125 0.053125 0.06640625
1 0.8515625 0.25 0.06875 0.1
1 0.9578125 0.2296875 0.06171875 0.0890625
1 0.9828125 0.14609375 0.034375 0.0484375