1 0.46167170822938636 0.09515606472508964 0.05483735731976367 0.07271406203449331
1 0.7973419201783172 0.7293661290358945 0.23585203266987662 0.37737594499481997
1 0.599015504548114 0.2030691104246447 0.08358309553293922 0.1208262303552928
1 0.6763099429279055 0.010107957507769947 0.03961046360606986 0.020215915015539893
1 0.5461045202638797 0.14289789785203214 0.06159677956950453 0.08394266046291672
1 0.7216546379227256 0.21379894107038783 0.09026974317557439 0.13049232878371625
1 0.6698801604629168 0.027568362284416913 0.04785961124870504 0.055136724568833825
1 0.7278360556243525 0.010933076097629158 0.04629711124870504 0.021866152195258316
2 0.6211729867654336 0.07363416749673926 0.07369867328319835 0.10945208271265772
1 0.704893015301481 0.05564183871302296 0.05818068114108108 0.07754711124870502
1 0.7947731526050339 0.05223854880443616 0.07289815260503403 0.09226458271265772
1 0.5362864104629168 0.0329599716733497 0.03506851282028158 0.049965766749223
1 0.8605887053339021 0.1877543637344136 0.10382282092583353 0.12020980024766903