1 0.49296875 0.8609375 0.1875 0.278125
2 0.28359375 0.0359375 0.025 0.0390625
1 0.2625 0.04453125 0.02109375 0.040625
1 0.49765625 0.5796875 0.14375 0.22421875
1 0.7015625 0.55546875 0.17109375 0.221875
1 0.28984375 0.30859375 0.06875 0.09609375
1 0.18515625 0.36640625 0.07265625 0.109375
1 0.30546875 0.08828125 0.02890625 0.03515625
1 0.22578125 0.0765625 0.02734375 0.0296875
1 0.35234375 0.26875 0.06953125 0.08671875
1 0.06015625 0.39375 0.07109375 0.11640625
1 0.27734375 0.0984375 0.0375 0.040625
1 0.35390625 0.0859375 0.0375 0.03515625
2 0.1921875 0.21640625 0.05390625 0.1
1 0.38046875 0.153125 0.05234375 0.0484375
1 0.56953125 0.1546875 0.05859375 0.059375
1 0.053125 0.13359375 0.03046875 0.0515625
2 0.0875 0.09296875 0.03359375 0.05390625
1 0.12265625 0.08046875 0.02734375 0.03671875
1 0.74140625 0.35 0.11953125 0.09453125