1 0.67578125 0.1796875 0.02890625 0.04609375
1 0.6296875 0.20625 0.03359375 0.05546875
1 0.04765625 0.55703125 0.09375 0.13671875
1 0.34765625 0.73984375 0.1125 0.1984375
2 0.15390625 0.553125 0.11484375 0.18359375
1 0.73671875 0.20078125 0.034375 0.05
1 0.78203125 0.178125 0.03203125 0.04609375
1 0.71875 0.24921875 0.0375 0.0609375
1 0.66484375 0.26796875 0.03984375 0.06640625
1 0.79921875 0.265625 0.04765625 0.0796875
1 0.6484375 0.3453125 0.05 0.0796875
1 0.74609375 0.31171875 0.04609375 0.071875
1 0.4078125 0.33046875 0.046875 0.07578125
1 0.71328125 0.56640625 0.08828125 0.15
1 0.91015625 0.65078125 0.11953125 0.15703125
2 0.9609375 0.49375 0.078125 0.14296875
1 0.9765625 0.3640625 0.046875 0.08125