3 0.9688205359643653 0.2172341943801567 0.05832267202418073 0.1807448858558109
1 0.05815575596754695 0.5510680403228715 0.1163115119350939 0.157238919354257
0 0.8793762279599109 0.25419484698519057 0.10210903469127146 0.18590757485477488
1 0.8036404312937746 0.25381816542982466 0.055596566677272106 0.08067211124870503
1 0.3575814019335031 0.47292365384788815 0.14418744668999892 0.17849748924663303
2 0.3514779472867749 0.32641252688341743 0.0996192866804539 0.10614730024766902
1 0.475596699952275 0.32922069561850176 0.08393974267981755 0.1007320541766104
1 0.6057167205601868 0.7557381921038452 0.18105219470081657 0.2598588052100677
1 0.8382110472231414 0.7722385256450723 0.13721128803308957 0.2500086162111037
1 0.3186792498806873 0.8635871952042169 0.24653174403245304 0.25041533870851396
1 0.663624505967547 0.2080241300693518 0.05381589067472685 0.061849336641599174