1 0.828703615406979 0.15265031011294936 0.04349673328249999 0.05674089600572705
1 0.7655860195672916 0.14488271610435882 0.0434603656913195 0.05517839600572701
1 0.5376129159407286 0.7400481234086329 0.1578177256830557 0.2705135893539081
1 0.6059700577519441 0.3884043547501325 0.08597648043270852 0.13690111067790856
1 0.6198526794271872 0.29557196475172337 0.0742752610179167 0.10396134134309047
1 0.94647038402434 0.26342527279594863 0.0659899823325695 0.08355793467536321
1 0.6527216904451041 0.19280150075585953 0.05174564437666671 0.07558180267345423
1 0.5979809454790971 0.12730322274822353 0.04048083605604162 0.0613920333386361
1 0.549016768617361 0.115793010741542 0.037283100873680655 0.058230670671545234
1 0.6512877834349998 0.12010888808876863 0.038736498100139016 0.05356135200509069
3 0.795765135258611 0.09053157077494955 0.07104115824437507 0.09923747867599957
3 0.8874792033628818 0.14551961012090353 0.1213697729857639 0.18105110001590835