1 0.67734375 0.1890625 0.04609375 0.0609375
2 0.59609375 0.17578125 0.04140625 0.08671875
1 0.70078125 0.265625 0.06875 0.10546875
1 0.6671875 0.36953125 0.07421875 0.128125
1 0.81875 0.49921875 0.115625 0.15703125
1 0.246875 0.8390625 0.159375 0.2609375
1 0.2859375 0.53984375 0.10859375 0.18125
1 0.49140625 0.3765625 0.06953125 0.1203125
1 0.40390625 0.29375 0.0625 0.09453125
2 0.50234375 0.25546875 0.05625 0.11875
1 0.38203125 0.22421875 0.04609375 0.071875
1 0.41171875 0.15703125 0.04140625 0.06328125
2 0.51640625 0.15546875 0.03359375 0.071875
1 0.4875 0.11953125 0.03046875 0.0484375
1 0.4484375 0.10625 0.028125 0.0484375