0 0.12420885943331239 0.21665760800544726 0.19177581614940156 0.17801712613895004
1 0.23949160825218602 0.2897927291650741 0.09061013103285882 0.09415879465362353
1 0.14186264010335145 0.29626180801956464 0.08921132213985135 0.0987552893919517
3 0.3445387176006804 0.1819053634788806 0.29105161905195925 0.2524094523626047
1 0.36260172603820096 0.27322831349299803 0.1083432680561673 0.11078485253201391
2 0.275411750084818 0.3096201107774575 0.09951390507947586 0.12586382096198284
1 0.9692138080283673 0.2893442640718128 0.061572383943265405 0.14904371572854586
1 0.36972723447572137 0.3651883003388184 0.12316965988879928 0.13347889988706055
1 0.5833085848385411 0.361359832120611 0.14715279691210803 0.15046897881213822
1 0.8595188768565075 0.15582537975800634 0.12311509618646851 0.13191639988706055
1 0.75360618275429 0.194090490182528 0.10058533175849824 0.1118923262236546
3 0.7284350571637269 0.23548132963094942 0.34805064191744994 0.3664411312594476
1 0.4927952014434296 0.43708714519008607 0.1461359339354164 0.1660029735504665
1 0.8131920361971527 0.48809882443986474 0.19426589908902586 0.20467063140062186
1 0.7653497254052286 0.12686519282748138 0.09077382213985138 0.09884629465362353
1 0.6368973431912435 0.12495262428457296 0.0780010036281972 0.09030575256024873
1 0.7019494243167695 0.10472415329435532 0.0795635036281972 0.09039675782192061
1 0.7680209238534335 0.6292922428133639 0.20462304573098145 0.233341662970653
1 0.976019385294028 0.6671962482867972 0.04796122941194412 0.2602542315135613