1 0.7130223004295413 0.04642408390359534 0.02540279172311415 0.03777272000318167
1 0.7277398976705793 0.05876045190168634 0.03017217887824373 0.039389764003818016
1 0.4930450723649516 0.2045473086012303 0.08386374491161738 0.08061474801081765
1 0.7523680834462281 0.06629114123173194 0.028445904567984216 0.036246582670272566
1 0.7767539297827549 0.05428148989500483 0.02647396879233561 0.028415901336727112
1 0.7628585261192817 0.04271728123014111 0.0231851944820761 0.02525453866963623
1 0.8005256224558087 0.030553088558277715 0.02811835594746519 0.029996582670272564
1 0.7932796884891822 0.07128717655955039 0.032144114653892684 0.04722044533736345
1 0.7878042944366475 0.10105649256050489 0.03576043758467105 0.05663180800445433
1 0.7626847857302202 0.08415080323045927 0.028609678878243727 0.03937158267027256
1 0.6147153544771273 0.1992229145846856 0.048090019221876903 0.08332157733927241
1 0.5675327380142123 0.1044013105904126 0.030827276119281776 0.05188976400381802
1 0.6523924168924562 0.14250019991250404 0.042419873360319826 0.06451703333863615
1 0.762262061849502 0.13574966589755016 0.04381859905006032 0.06141021467218159
1 0.8259118040475858 0.14204457188895964 0.04669793758467122 0.056759077339272455
1 0.6292957536180446 0.0896115572485948 0.035351001809022266 0.04881930800445435
1 0.8646367893482647 0.1798985605506417 0.05409435775648745 0.07870680267345423
2 0.8165201939162492 0.21641786322409592 0.07267393939369349 0.10546929734245411
1 0.6262216632744115 0.04587064791536753 0.026883404567984215 0.03622840133672711