1 0.04375 0.9375 0.0875 0.125
1 0.096875 0.78203125 0.1375 0.21328125
1 0.17890625 0.64140625 0.07890625 0.15
1 0.58984375 0.89765625 0.1234375 0.2046875
1 0.43046875 0.84296875 0.1 0.23125
1 0.2203125 0.89609375 0.14609375 0.20703125
1 0.43828125 0.640625 0.08984375 0.16328125
1 0.58359375 0.7296875 0.09609375 0.18359375
1 0.2390625 0.50703125 0.08828125 0.1390625
1 0.28515625 0.71171875 0.11953125 0.20703125
1 0.0390625 0.43359375 0.07578125 0.09609375
1 0.109375 0.440625 0.08359375 0.1015625
1 0.19140625 0.30703125 0.053125 0.06875
1 0.1171875 0.33515625 0.05859375 0.071875
1 0.79453125 0.4109375 0.09765625 0.12578125
2 0.384375 0.2390625 0.0375 0.0703125
2 0.21484375 0.221875 0.03359375 0.05703125
1 0.96328125 0.6765625 0.07265625 0.16328125