2 0.8170935724805526 0.8563701538829145 0.28900270352718743 0.2703874147039983
1 0.7642153132082984 0.6735036572247323 0.22438028154634876 0.19936584269572605
1 0.2830681275441913 0.03652565662795633 0.02647396879233561 0.028415901336727112
1 0.2698311431480236 0.050733607296319885 0.03321529172311397 0.0378636266709089
1 0.19290015094993967 0.05865574264004668 0.03617651741285455 0.03477498933799979
1 0.16196557496694344 0.36585971530872835 0.08418464947960161 0.11653406667727229
1 0.27692883367337073 0.3473449779599109 0.08879026232447185 0.11502611067790855
2 0.3477923688377641 0.05294954061904764 0.03699538896415202 0.05039998933799979
1 0.32209632801916116 0.06652169195577476 0.03230788896415202 0.050345445337363445
1 0.2577881665537719 0.071954626631138 0.03346095318850324 0.0425511266709089
1 0.1908076272055071 0.26246199530554676 0.06741322930778511 0.09447725334181775
1 0.27784728177349133 0.22553361262732002 0.07341756784239584 0.08986247867599957
1 0.1439126950479029 0.1739994793125464 0.04373671189493056 0.05984771467218155
1 0.052223162031216144 0.19536649665818223 0.04702548620519007 0.06300907733927245
1 0.3936570675037116 0.1312739879455934 0.049249727498762844 0.04585794000636332
1 0.30500400327936034 0.12449782395768376 0.04752345318850333 0.04271475867281791
1 0.17388015603832235 0.1385159653087284 0.04324538896415202 0.05047271467218155
1 0.4108102679786814 0.1615245619430481 0.05936171189493056 0.060029528007636036
1 0.5175106473318951 0.15169448126195784 0.06701043758467104 0.05699543467536321
2 0.08534660052039837 0.11456139198759148 0.03765048620519007 0.06289998933799978
1 0.6082883763009959 0.2818081479153675 0.10458568068726617 0.08866360534690845