1 0.4828125 0.35109732904439817 0.090625 0.1067772408266178
1 0.11171875 0.6009125393258073 0.121875 0.16945904800821018
1 0.69296875 0.35221842574818957 0.071875 0.10041815651766246
1 0.25 0.7462017925472612 0.18125 0.26199198165323556
1 0.24140625 0.46500178952219906 0.1015625 0.15215337334017515
3 0.12265625 0.37272390681225004 0.1953125 0.2651987948849522
1 0.36640625 0.46271206079582966 0.09375 0.14898292154477702
1 0.89609375 0.47838042906783923 0.128125 0.17105790944452864
1 0.7328125 0.6847991215916593 0.15 0.21806017447164336
1 0.2578125 0.37818759075186303 0.075 0.10981133723582168
1 0.9859375 0.8895764834207611 0.028125 0.09703862646343282