1 0.4213825135676673 0.3796755015200558 0.12891065128862386 0.16896485870696817
1 0.8940044640426372 0.8481562460828483 0.21199107191472563 0.30368750783430337
1 0.33915543249628843 0.1494667366913082 0.0631418091359686 0.0742943458553869
1 0.22498887041964374 0.4254642095052709 0.12274253844375371 0.17027269072219048
1 0.06267365614986399 0.511620590912471 0.07998182835784544 0.1576161818249421
1 0.5845332095200814 0.23508453760334164 0.09562011646291495 0.09900518577927464
1 0.5042249118040735 0.2497426038012333 0.09381195499752551 0.09425401878308035
1 0.0736643085701417 0.2750755958553869 0.07916960085908262 0.11236734882113648
1 0.1608124265033946 0.19755011513275877 0.06034435775648759 0.08041701186299814
1 0.916541787086987 0.3663596898079695 0.16691642582602598 0.14874520060802238
2 0.9819244476478651 0.31681728764052275 0.0361511047042697 0.11696200692008221