1 0.04609375 0.94140625 0.090625 0.11640625
1 0.096875 0.7890625 0.14140625 0.21484375
1 0.178125 0.6515625 0.07890625 0.15390625
1 0.58984375 0.9015625 0.12109375 0.19609375
1 0.42890625 0.8484375 0.10234375 0.23515625
1 0.21953125 0.896875 0.146875 0.20546875
1 0.43671875 0.64921875 0.08984375 0.16328125
1 0.5828125 0.74453125 0.096875 0.18125
1 0.2375 0.51640625 0.08671875 0.140625
1 0.28515625 0.7203125 0.11875 0.20703125
2 0.29375 0.41484375 0.07109375 0.128125
2 0.09609375 0.36171875 0.05390625 0.09609375
1 0.54609375 0.4640625 0.05859375 0.11640625
2 0.196875 0.30078125 0.06171875 0.08671875