1 0.4224626092855022 0.3746989433504223 0.1206044960216353 0.16559842378986112
1 0.78988208788196 0.8869732140426372 0.27178628270208927 0.22605357191472564
1 0.404059696650228 0.14234346675617063 0.06019316000954511 0.07342421189493056
1 0.21998249928391136 0.3758133067611194 0.11282835868872629 0.16831398801421232
1 0.03785289397677379 0.4200568724558087 0.07570578795354758 0.15573874491161738
1 0.618275643300456 0.27473764416407637 0.08857269867918127 0.09677318068726608
1 0.5370074619669106 0.27204201209732926 0.08853633601209036 0.09364818068726617
1 0.11334324264004667 0.20215339947960165 0.07311133068109026 0.1100168091359686
1 0.21950288331477355 0.14830578245085987 0.05557838534372674 0.07942855042954129
1 0.9036847899427298 0.46949238070795063 0.15786813868554467 0.14725121551297526
2 0.9806654606142751 0.4375673513093085 0.031032918682362975 0.11718085594746519