1 0.63671875 0.13359375 0.03203125 0.05390625
2 0.6609375 0.15703125 0.04140625 0.0796875
1 0.71796875 0.26484375 0.05390625 0.0890625
1 0.80078125 0.80390625 0.17578125 0.26484375
1 0.1296875 0.67890625 0.13125 0.2109375
1 0.37578125 0.3984375 0.07578125 0.1203125
1 0.33828125 0.31796875 0.07109375 0.09609375
1 0.434375 0.25 0.05078125 0.08125
1 0.46640625 0.66484375 0.121875 0.24609375
1 0.39296875 0.20546875 0.04296875 0.06875
1 0.46640625 0.16171875 0.03671875 0.05703125
1 0.51796875 0.19453125 0.04296875 0.071875
2 0.43046875 0.13125 0.040625 0.08515625
1 0.4875 0.1203125 0.03046875 0.0484375