3 0.07110868520136081 0.403125 0.11984625244707073 0.165625
1 0.13639143402023446 0.4828125 0.09735120435383648 0.103125
3 0.3907094009879427 0.56171875 0.5190228847458739 0.5
3 0.8256448738612827 0.72890625 0.3487102522774347 0.4890625
3 0.27143357821511915 0.3453125 0.20531252649368784 0.196875
1 0.4420933077966991 0.4 0.11955358656782167 0.1125
1 0.604957895545647 0.4328125 0.15334823320977709 0.140625
1 0.8102828018062492 0.4734375 0.1903770072563944 0.171875
3 0.9122321598887992 0.3703125 0.17553568022240143 0.234375
1 0.6838988618803831 0.3890625 0.149841287293461 0.1296875
1 0.5009673107919239 0.36328125 0.11486608656782167 0.1125
3 0.35935024046617114 0.3125 0.20643851687504097 0.184375
1 0.9749901094333124 0.51484375 0.05001978113337522 0.1359375