1 0.5716779512972463 0.2025860685915514 0.047911394480112966 0.060193206168510205
1 0.6441160129856435 0.1888178490303606 0.054270488635914306 0.06655230032431154
1 0.6965182642034595 0.14648429870604907 0.047965941558013724 0.06331820616851021
1 0.6087063928552598 0.2644587771956936 0.0591216298696164 0.0760091209411625
1 0.3547064598186629 0.3978378875835493 0.08310460064862309 0.10766822402541773
1 0.7064308267026357 0.2666604310112973 0.07512845941492116 0.09815685633066602
1 0.3220149163942102 0.27102597159308095 0.049501168019063256 0.061782979707460585
1 0.7683796274339844 0.1444484659143334 0.049501168019063256 0.061782979707460536
1 0.24827345332584114 0.2996652146932221 0.05912162986961631 0.0760091209411625
1 0.4451660442352316 0.25246511201600413 0.0496102621748646 0.06803297970746058
1 0.3360131866867496 0.22232937297305275 0.04470457386326192 0.055451159090609534
1 0.4489671542193456 0.2016020413991531 0.03996252678536116 0.05224433847375849
2 0.38813874837514695 0.20891570941821636 0.0579136858759707 0.09629434740221221
1 0.8584609310047068 0.2460325109636392 0.08781937418757338 0.1093125446422687
1 0.29227682345622485 0.22387428206366228 0.0431966209411625 0.05854888555165916
1 0.7790418068138381 0.6209700556059079 0.1519285129856435 0.20259098620028232
1 0.9568586105913743 0.3833495044708174 0.08628277881725133 0.12504663879807013