1 0.63359375 0.63359375 0.11484375 0.24453125
1 0.52734375 0.35625 0.06015625 0.109375
1 0.61953125 0.29609375 0.05234375 0.08515625
1 0.69296875 0.11328125 0.02578125 0.03125
1 0.70546875 0.15 0.03984375 0.0515625
1 0.6609375 0.24609375 0.053125 0.0703125
1 0.58671875 0.1765625 0.0375 0.0515625
1 0.65234375 0.2046875 0.04296875 0.040625
1 0.778125 0.196875 0.04375 0.0609375
1 0.85625 0.2296875 0.053125 0.0703125
1 0.84453125 0.34375 0.084375 0.0984375
1 0.5890625 0.1296875 0.028125 0.04453125
1 0.6203125 0.11328125 0.02421875 0.0390625
1 0.54375 0.11171875 0.025 0.040625