1 0.10071014370652329 0.9377132764088698 0.13461434389007837 0.12020835099579194
1 0.9121764926111666 0.8375742786014865 0.12890991316955044 0.13874009618646851
1 0.5675268853267461 0.6927380160724328 0.18530832884638357 0.2530952620657175
1 0.13883724716351314 0.5929811297669143 0.11727373119538154 0.16799108656782166
1 0.39343983062875026 0.5333605599893158 0.14028533386094857 0.20781747840045367
1 0.6660291991294349 0.3115574487419049 0.09169941818411545 0.09373513103285873
1 0.4783065756141854 0.486691401914615 0.13115437476889086 0.1622321598887993
1 0.5251648552393565 0.43198405454702016 0.11015991316955062 0.13808533175849824
1 0.7428872158224824 0.2987275773276929 0.09799488229073816 0.09551588584218215
1 0.27511939113273376 0.4422767469199571 0.10436455423577744 0.15349207694917483
1 0.47006582977082045 0.36756937968209635 0.09358016693047429 0.10472719473518968
1 0.3275600810244617 0.3834721765942043 0.08098923871722885 0.10116568511654274
1 0.8221224232651874 0.39195673295532296 0.1411371285298145 0.12980160580511538
1 0.13439510273207406 0.4237772619808996 0.10202916442319179 0.12687501324684386
2 0.9535997437983008 0.3795608819595311 0.07316001834239998 0.1539633029025576