1 0.4967471833227277 0.08970807779100735 0.039971566677272106 0.07903418977951393
1 0.6773853719366848 0.48229888734590337 0.11497266136218051 0.21511846656500017
1 0.5957204853198642 0.11311116983097272 0.04462270401018138 0.07601829255305556
1 0.7159960753103192 0.18624215814746586 0.07471019334818116 0.11108427678548619
2 0.5254079853198643 0.11147462822784766 0.057595418682362974 0.11693423328250004
1 0.5722198979949094 0.05082872216767409 0.04442270934118149 0.05883079255305559
1 0.7663602493236823 0.08895023726965343 0.060411336012090366 0.09044446846486116
1 0.8397613866565912 0.09378451405513959 0.06978633601209054 0.0906626740119445
1 0.5756994339990456 0.020432707350035204 0.03610113200190899 0.014898954597152809
1 0.6209482993316364 0.026956117494271355 0.039353401336727246 0.025909189779513918
3 0.4690188886060028 0.45791256392329893 0.22545891207826915 0.581653962765278