1 0.63671875 0.21953125 0.03203125 0.05546875
2 0.70859375 0.23203125 0.034375 0.06875
1 0.2484375 0.425 0.06328125 0.1
1 0.6671875 0.30078125 0.04375 0.0703125
1 0.80078125 0.225 0.03671875 0.05703125
2 0.46953125 0.35703125 0.04453125 0.11484375
1 0.40546875 0.32578125 0.05 0.0703125
1 0.77265625 0.3609375 0.05703125 0.078125
1 0.678125 0.4296875 0.06875 0.1
1 0.84375 0.34375 0.053125 0.078125
2 0.45078125 0.22421875 0.03203125 0.078125
1 0.74296875 0.68515625 0.09765625 0.1703125
1 0.90625 0.6765625 0.13046875 0.2015625
2 0.9828125 0.54921875 0.034375 0.13515625