2 0.1578125 0.19296875 0.06875 0.07421875
1 0.24453125 0.2390625 0.06796875 0.06875
1 0.28984375 0.21484375 0.07109375 0.0609375
3 0.353125 0.1546875 0.18125 0.12578125
1 0.30625 0.29296875 0.07421875 0.08515625
1 0.41640625 0.2890625 0.08359375 0.08125
1 0.96171875 0.38828125 0.07578125 0.11328125
1 0.3984375 0.36640625 0.08828125 0.0984375
1 0.52890625 0.36484375 0.09765625 0.1
1 0.50546875 0.475 0.109375 0.1203125
1 0.65703125 0.48984375 0.11953125 0.12578125
1 0.840625 0.290625 0.08359375 0.09453125
2 0.55546875 0.26484375 0.090625 0.10390625
1 0.81484375 0.346875 0.09765625 0.10546875
1 0.75703125 0.66171875 0.13828125 0.16875
1 0.58515625 0.66640625 0.13359375 0.1796875
1 0.76875 0.23203125 0.0625 0.08671875
1 0.71875 0.19453125 0.05 0.06640625
3 0.62421875 0.16015625 0.10859375 0.16640625
1 0.9453125 0.6015625 0.109375 0.13359375
1 0.94296875 0.96015625 0.11328125 0.0796875