2 0.29765625 0.87421875 0.13046875 0.221875
1 0.69453125 0.203125 0.03125 0.05390625
2 0.65234375 0.25625 0.04921875 0.11484375
1 0.7171875 0.25546875 0.03671875 0.06484375
1 0.76171875 0.203125 0.03984375 0.05703125
1 0.30859375 0.5015625 0.075 0.11484375
1 0.4375 0.46640625 0.06875 0.1203125
1 0.22578125 0.4390625 0.071875 0.090625
1 0.32578125 0.31171875 0.05859375 0.07421875
1 0.79453125 0.41640625 0.07265625 0.1015625
1 0.44375 0.234375 0.034375 0.06484375
1 0.40078125 0.21171875 0.034375 0.05
1 0.5125 0.22109375 0.03671875 0.05546875
1 0.93984375 0.4515625 0.08125 0.10703125
1 0.8015625 0.8953125 0.14609375 0.209375
1 0.9765625 0.37421875 0.046875 0.1
1 0.46953125 0.18046875 0.02734375 0.04453125