2 0.4234375 0.246875 0.11171875 0.09453125
1 0.59296875 0.34453125 0.05859375 0.09453125
2 0.5859375 0.21484375 0.03515625 0.0890625
1 0.64765625 0.2046875 0.040625 0.06328125
1 0.87578125 0.29375 0.06484375 0.08359375
1 0.82734375 0.18125 0.03984375 0.0515625
1 0.78515625 0.196875 0.04453125 0.05546875
1 0.76796875 0.1796875 0.03984375 0.0484375
1 0.77578125 0.14921875 0.034375 0.04453125
1 0.7375 0.15390625 0.034375 0.04453125
2 0.71796875 0.1265625 0.02890625 0.05
1 0.70234375 0.1203125 0.02890625 0.0484375
1 0.890625 0.3546875 0.07265625 0.0984375
1 0.62109375 0.1546875 0.02890625 0.04609375
1 0.56953125 0.140625 0.02578125 0.04296875
3 0.940625 0.228125 0.11875 0.18359375