1 0.06079555767257168 0.7141164966581822 0.12159111534514336 0.2592670066836355
1 0.14499225390882486 0.5904602733131827 0.12449198165323568 0.18268632535009016
1 0.5118332785021051 0.9142944785964577 0.16967721662612104 0.16133858402290785
1 0.3543889380448297 0.8528495432845477 0.16243740924813696 0.2596851773551808
1 0.12639120307194435 0.8336290179821827 0.19650333703942993 0.20696016669318062
1 0.4157132991865605 0.6513683119430481 0.13549311416679294 0.19375109468490823
1 0.541503118664793 0.7827081239258671 0.14813855991206673 0.21889654535327185
1 0.24338027781473412 0.4635426899665925 0.12753516842151907 0.16866018801718105
1 0.23580763056864976 0.6909591653007743 0.1795703670936592 0.25051017202418074
1 0.08798022638867838 0.31926707332113696 0.1100931383672898 0.12471019334818116
1 0.20792963290634078 0.24600120130491038 0.07864315046753818 0.08997156667727228
1 0.31353019311299524 0.22211771129059285 0.05665906615858276 0.07096702800763603
1 0.34106938583320706 0.1882057879535476 0.058194295081344015 0.06629770934118144
1 0.2864636990649235 0.17477963462763815 0.05664088544042354 0.06784202800763603
1 0.9596360160090732 0.6153537078692333 0.06473518657189174 0.1163704346753633