1 0.853125 0.15776489773311436 0.046875 0.07113070616851021
1 0.890625 0.2399228327983062 0.0515625 0.08840002678536116
1 0.04453125 0.6000039541399154 0.0890625 0.14999209172016936
2 0.071875 0.38937041720828436 0.14375 0.19782166558343128
1 0.25 0.3604799837679456 0.1203125 0.11303756249917614
0 0.72109375 0.2100695117744181 0.0828125 0.14675799756436803
1 0.36953125 0.3412060580382446 0.090625 0.10314436525911974
1 0.86875 0.424679662343611 0.078125 0.13573867694751698
1 0.98046875 0.5852296043086617 0.0390625 0.1819318384737585
1 0.4765625 0.17293157062014627 0.0578125 0.061946620941162586
1 0.52578125 0.1697287041432106 0.0546875 0.06189207386326192
1 0.4625 0.8848957824706993 0.190625 0.2173898717519414