2 0.6680830972708665 0.4719111452875965 0.16417377737108918 0.280934174511885
1 0.5764870379535475 0.3523196197200513 0.10803177068745348 0.1549796006486231
1 0.5731540473026833 0.23583154910320028 0.0970760893539083 0.15322618587597078
1 0.7934927246180932 0.3717356416341486 0.14304311736154424 0.21026711850553062
1 0.6950290473026832 0.2379588851413268 0.1014908693507266 0.12987050649282175
1 0.5337290153166826 0.13199743709049144 0.06197383601209037 0.09012616801906326
1 0.6757085246658182 0.018045805596022042 0.04233295066836362 0.01323638555165918
1 0.7075215986632729 0.03735491314450401 0.05370680267345414 0.050927300324311565
1 0.7607829586648638 0.02656346346881557 0.05030908267027243 0.027435253246410884
1 0.6084204799888642 0.09266793019063259 0.05870338534372692 0.07757162094116257
2 0.5000267246578641 0.07358491923358396 0.046221566677272105 0.07891593262955984
1 0.7964113759945912 0.05375325486467338 0.06655224801081765 0.08083298863591429
1 0.5252812633275002 0.052146295856789406 0.03819089067472685 0.060029564934808155
1 0.7898790179821826 0.1450640474783472 0.0840306493475449 0.10613299756436803
1 0.5029522773313182 0.023625829542009473 0.034720445337363515 0.030287517856907482
3 0.3906377079090042 0.6717034504864674 0.4857975227561777 0.6565930990270653