1 0.64375 0.14609375 0.03828125 0.06328125
1 0.68203125 0.175 0.03671875 0.059375
1 0.68515625 0.2296875 0.05078125 0.078125
1 0.74140625 0.32109375 0.07578125 0.10703125
1 0.671875 0.49296875 0.09453125 0.16484375
1 0.89453125 0.46953125 0.11015625 0.15703125
1 0.08359375 0.790625 0.165625 0.2515625
1 0.328125 0.2359375 0.05546875 0.071875
2 0.48671875 0.459375 0.071875 0.17421875
1 0.4140625 0.3203125 0.06328125 0.1
1 0.40859375 0.190625 0.0375 0.06328125
1 0.44609375 0.22421875 0.04765625 0.0703125
2 0.46796875 0.128125 0.02734375 0.05546875