1 0.7659932483844794 0.29061935097062425 0.052980836056041626 0.06363977611928177
2 0.2606563574262851 0.5044672512431955 0.15032992116215294 0.15613489258219673
2 0.2467958388089241 0.612982436114333 0.19600740349472243 0.24124023292582972
1 0.8193371071419447 0.336331320667471 0.05795927678548622 0.07638543758467105
1 0.8910315756068059 0.39939124264830983 0.0567604526972918 0.09192855042954129
2 0.7800219936348267 0.4240050610565326 0.0778366721120836 0.1258055834462281
1 0.3985713186729517 0.36187803878243796 0.07994337955902786 0.08221935775648763
1 0.9860868896270141 0.5490813834214843 0.027826220745971852 0.16602779172311416
1 0.6180648946610072 0.3047150712332979 0.05937630642076393 0.0702173247398008
1 0.6384774585843062 0.7794251441640764 0.16152330072118062 0.23475121551297526
1 0.44505476690493123 0.7833336369279872 0.18932099240055572 0.22216268430531053