2 0.24872332114149365 0.68359375 0.17355182845659742 0.2734375
2 0.2595302685204518 0.51015625 0.12325958130638907 0.19375
1 0.3947294182154521 0.84765625 0.20004159327423637 0.2703125
2 0.18621809545843787 0.41484375 0.11624586189159736 0.1609375
1 0.40333351348645874 0.4453125 0.09840374525034737 0.1328125
2 0.6399762622521877 0.27421875 0.0792900693385418 0.1171875
1 0.407963196047778 0.275 0.06141158510611113 0.0875
1 0.8143599728332642 0.3484375 0.10923214247680554 0.128125
1 0.8307441197753821 0.14609375 0.06733427678548623 0.0734375
1 0.3472244113785071 0.21640625 0.05799564437666671 0.075
1 0.7997578378589936 0.62734375 0.1772937710859029 0.2328125