1 0.63515625 0.184375 0.02890625 0.04609375
1 0.69296875 0.19609375 0.03125 0.040625
1 0.6359375 0.228125 0.034375 0.05390625
1 0.74375 0.1953125 0.028125 0.040625
2 0.29921875 0.50703125 0.07890625 0.16328125
1 0.65859375 0.28828125 0.04140625 0.06640625
1 0.721875 0.278125 0.04765625 0.07421875
2 0.790625 0.26015625 0.04140625 0.07421875
2 0.490625 0.296875 0.03828125 0.08515625
2 0.2984375 0.27109375 0.04140625 0.071875
1 0.78359375 0.409375 0.06796875 0.1015625
1 0.8578125 0.26796875 0.04609375 0.0609375
1 0.8265625 0.21796875 0.046875 0.059375
2 0.7578125 0.68046875 0.13984375 0.309375
1 0.88984375 0.615625 0.10546875 0.15546875
1 0.92890625 0.42109375 0.08671875 0.1015625
1 0.45390625 0.2203125 0.03359375 0.05703125
1 0.51640625 0.22109375 0.03203125 0.05390625
1 0.40703125 0.209375 0.034375 0.04609375