1 0.6955451163214781 0.5212155857095356 0.21812545762427646 0.294938443011738
2 0.5742594634506457 0.27677726820582405 0.12874516823232476 0.20457903663473137
1 0.7262615792074264 0.23454110131336786 0.14751057878390342 0.17908106965141818
1 0.5523753001270568 0.10423720488598395 0.07926183674699842 0.10384869629109832
1 0.49192437656247306 0.23280261816039555 0.11380343671876343 0.13525582654882307
1 0.7642144184440863 0.005139042854767814 0.0778211631118273 0.010278085709535627
1 0.586104828995665 0.030284546020556857 0.06548776308359247 0.060569092041113715
1 0.5069101526590708 0.01621374095488846 0.05180469468185844 0.03242748190977692
1 0.8445543658273678 0.01879875113165377 0.0921412683452644 0.03759750226330754
1 0.7581772500705872 0.044858301108939506 0.09525085779368574 0.08971660221787901
3 0.4476492737481105 0.056583113410697126 0.101576452503779 0.11316622682139425