1 0.28755565798171734 0.01242972133108794 0.03136131596343468 0.02485944266217588
1 0.3441695310172467 0.01559650714863749 0.03299659057054054 0.03119301429727498
1 0.481218036598818 0.3326215686321685 0.12617300992479735 0.1642136917107738
1 0.2808176604629168 0.04647977467739831 0.03768409057054054 0.03896434091247101
1 0.32342253742738747 0.036916432282052554 0.03982878742738745 0.051528007908665394
1 0.37331337551672866 0.03253533840383203 0.0328510413563289 0.03564833992388783
2 0.3425900301886771 0.31400551429727497 0.09775691149637407 0.15681768577927474
1 0.17334772456432462 0.29350596638817206 0.0752611732831983 0.10911501482874764
1 0.27089277439770887 0.5392230315974805 0.1323160020669146 0.19565469269935692
2 0.38012845574818704 0.06121875391715165 0.056472631926869354 0.07403967787060932
1 0.35156896215832784 0.08664717684484509 0.047350188998963996 0.04559634288963736
1 0.5040389906943751 0.06634531121779472 0.05091183664159917 0.055098676882026146
1 0.24264988047912742 0.11769820007654967 0.046442660462916764 0.059595175893442945
2 0.5174337107105857 0.13546272574253118 0.07856595574818712 0.07961851581733081
1 0.5730651265501859 0.11988946387953307 0.06399403349844608 0.06810801285158127
1 0.6601713283694315 0.20870261308123034 0.08964900496239867 0.08318918479069151
1 0.5766503529765374 0.2136712973776303 0.07871150496239868 0.08274351581733078
1 0.07964261228216232 0.1470394846769608 0.05469180810555185 0.06928851087441493
1 0.05085833271265772 0.06680815661607106 0.042953787427387445 0.05165534190105418
1 0.14945849855225796 0.0494840523577272 0.03655823821317572 0.04827567391627661
1 0.9310424464425621 0.35065405524911464 0.1379151071148758 0.1296768656270503
1 0.9981935591390091 0.3322913744127558 0.003612881721981864 0.09607650395433272