1 0.29830595092925505 0.8699999536360462 0.23580246042459257 0.24374010943331256
1 0.6694870686353653 0.5131373069092728 0.1246192989592032 0.23517858656782167
1 0.4910831869073025 0.3758803874866447 0.10687187697836435 0.16437501324684387
1 0.45628986431520835 0.16186501670540496 0.06239818068726599 0.08951885698624165
1 0.6467677001362856 0.23241558576521343 0.0870506999091429 0.17304068511654283
1 0.5543588721171244 0.16545875345856104 0.06995837516934209 0.11473711179556507
1 0.6453257881050695 0.03673106353269483 0.042501760515449585 0.06698909255827139
1 0.5995972082768859 0.022204821738547247 0.03567855042954129 0.044409643477094495
1 0.7729760753056277 0.11571418068573751 0.06223440637700648 0.08639385698624165
1 0.8351009390550092 0.09092994629483414 0.06379690637700648 0.08644842068857253
1 0.8909724807781231 0.05154749856441961 0.05869997060135788 0.07847222958157996
1 0.8179377725012372 0.02438114683121448 0.05171298620519025 0.04876229366242896
1 0.9627523055179239 0.008658171151908681 0.0588703889641522 0.017316342303817362
1 0.5744500440979632 0.09457333458408707 0.05409435775648745 0.07987103847458739
2 0.5773160945275045 0.03988583458408706 0.04619997060135787 0.07803571996293311
1 0.8966537562200365 0.449057415624795 0.15735655585660807 0.20512898801910034
3 0.4772375293986421 0.06936009129232704 0.14552494120271575 0.13872018258465407