1 0.57890625 0.78203125 0.15625 0.2484375
1 0.32578125 0.50390625 0.10078125 0.16875
1 0.478125 0.5484375 0.10078125 0.14453125
1 0.58125 0.48828125 0.10234375 0.15546875
1 0.66328125 0.36484375 0.08046875 0.078125
1 0.80078125 0.396875 0.08828125 0.078125
1 0.41015625 0.3796875 0.06015625 0.0890625
1 0.53046875 0.39296875 0.07265625 0.09296875
1 0.18203125 0.38515625 0.059375 0.09453125
1 0.33203125 0.353125 0.05078125 0.08515625
1 0.95625 0.59375 0.0875 0.13125
3 0.7796875 0.29453125 0.15546875 0.18671875