2 0.775 0.9213765928931623 0.28125 0.15724681421367528
1 0.77734375 0.8099912036421099 0.275 0.2625374031980126
1 0.40703125 0.010961788540240418 0.0328125 0.017378397540671973
1 0.38984375 0.019455544590364623 0.0421875 0.03462043969514968
1 0.309375 0.011956141097764309 0.04375 0.020567030054229295
1 0.21328125 0.31686583401436785 0.1125 0.14284200585373252
1 0.3375 0.3293072675611974 0.115625 0.14129768657189173
2 0.471875 0.03790153844204455 0.0484375 0.06121930113146815
1 0.44296875 0.04476461679907163 0.04375 0.059629530054229295
1 0.37421875 0.032645890999568446 0.04375 0.051817030054229295
1 0.265625 0.21560786104353502 0.0890625 0.11458065046753818
1 0.3640625 0.20055555366555095 0.0953125 0.11149201190385671
1 0.234375 0.10917605386194267 0.059375 0.07222043364502548
1 0.13515625 0.10547381606038693 0.0625 0.07692611436318471
1 0.503125 0.1333958456236369 0.059375 0.05972043364502548
1 0.4125 0.10161860479701908 0.0578125 0.056586343285945875
1 0.2734375 0.0797158128389331 0.0546875 0.0628181625677866
1 0.51484375 0.17018277331673404 0.075 0.07699883723582168
1 0.628125 0.18959182435000632 0.08125 0.07703519867214012
2 0.1859375 0.033894252730474514 0.053125 0.065934072208707
1 0.69609375 0.3524872549699697 0.128125 0.11949540944452863