1 0.2971006911509765 0.23671875 0.05769549756436802 0.0828125
1 0.5866290211033183 0.084375 0.036892073863261744 0.0546875
1 0.5197454841716874 0.05703125 0.032122753246410875 0.05
1 0.6432199403401976 0.10390625 0.046457988635914306 0.065625
1 0.6393779200476581 0.15234375 0.060847771103318314 0.084375
1 0.3642138733734993 0.45625 0.10886825973923261 0.15
1 0.27001385998081867 0.43046875 0.10538870373287823 0.1296875
1 0.4697608952908919 0.1921875 0.05448867694751698 0.078125
1 0.7156910040571898 0.1828125 0.07038641233702041 0.09375
1 0.398844423294069 0.20234375 0.05914890340856669 0.0765625
1 0.4292256241875735 0.1078125 0.03373980032431163 0.053125
1 0.48362279788867957 0.1359375 0.047911394480112966 0.059375
1 0.7640308668806776 0.35625 0.11358303327818309 0.1515625
1 0.9446469598203105 0.4125 0.11070608035937894 0.171875
1 0.45393925202859486 0.09140625 0.0319045649348082 0.0375
1 0.40779095495069423 0.08828125 0.031959112012708776 0.040625
3 0.6267085503243116 0.053125 0.07044095941492116 0.096875