1 0.365625 0.66953125 0.07578125 0.12578125
1 0.41953125 0.60390625 0.06015625 0.08359375
1 0.41015625 0.48125 0.04765625 0.0609375
1 0.4609375 0.4765625 0.05546875 0.0703125
3 0.378125 0.80546875 0.25078125 0.3890625
1 0.57734375 0.66328125 0.06875 0.11484375
1 0.35546875 0.53671875 0.05 0.071875
1 0.50859375 0.58671875 0.05078125 0.090625
3 0.63125 0.51640625 0.09609375 0.2109375
1 0.65859375 0.471875 0.03828125 0.059375
1 0.6546875 0.434375 0.034375 0.0515625
1 0.56484375 0.45859375 0.03984375 0.06640625