1 0.21781123135864808 0.38205529671393 0.12916130093507636 0.18185305674305985
1 0.3377146652000652 0.31524353292387647 0.11171927088084707 0.1376029515702104
1 0.16220053903121973 0.0875180350354475 0.040861349336070066 0.041807066772189705
1 0.17017666549465288 0.11587035556856091 0.05341589149054773 0.05154577962517113
2 0.2175511143631847 0.06881951082055268 0.04392271682251279 0.030960494985435072
1 0.021240237506968133 0.2943183013327835 0.039626102262936294 0.09801160266556704
1 0.20909371974937896 0.09200695823412793 0.06446247579950323 0.07061402837152993
2 0.36216872277444107 0.08786869068315069 0.06452610831306042 0.08155152837152993
1 0.0685692345801019 0.23945495658477528 0.07549996974937898 0.08811977711788872
1 0.06812380698520062 0.16289245658477527 0.06766928903121974 0.08476745658477532
1 0.517614746876742 0.08848611929210745 0.0848386083130606 0.08214256175762477
1 0.4171789305217676 0.1449286844149445 0.08806360226293641 0.09942098997087015
1 0.5582220870394299 0.22089545401098581 0.12103063836728971 0.12693823620994643
1 0.01772993900777863 0.49652565901291545 0.03056926483072292 0.1524263180258309
1 0.8830584605759968 0.2022269881885035 0.13359427088084708 0.1382394490629279