2 0.7374908366764112 0.16998718784843794 0.060056810438639016 0.09250566256778665
1 0.2794038628435961 0.3289552052132437 0.11398544724210717 0.13343064441741398
1 0.4064731390107809 0.48451888310273256 0.13399411035393455 0.1819681383672897
1 0.25266778661994144 0.2322029250608185 0.0932333314853265 0.09894656010845856
2 0.5273107418251435 0.29156324776050485 0.08787797355046649 0.14108860831306042
1 0.4543590892366599 0.2466598139190876 0.07733531570031094 0.09416815651766246
1 0.747296289109603 0.3785945733870574 0.09092737884037305 0.11299087939029935
1 0.9684986419945527 0.2694412454228138 0.0630027160108945 0.08474770472226431
1 0.9808837918816133 0.5349980677297166 0.038232416236773405 0.141006795081344
1 0.7907303728022423 0.9230576456939602 0.21002598933548206 0.14648515632127043
1 0.08126030738428017 0.5364278585094523 0.11301375241907441 0.22401928298109547