3 0.48046875 0.16171875 0.090625 0.27578125
2 0.94375 0.81171875 0.1125 0.33515625
1 0.6578125 0.51953125 0.109375 0.20546875
1 0.61328125 0.28125 0.071875 0.11328125
1 0.5875 0.146875 0.04296875 0.07421875
1 0.75390625 0.046875 0.03671875 0.0390625
1 0.61640625 0.09296875 0.034375 0.06328125
1 0.5328125 0.05625 0.03125 0.0484375
1 0.69453125 0.0859375 0.04453125 0.06328125
1 0.49609375 0.11875 0.08046875 0.05390625
1 0.8109375 0.153125 0.06171875 0.071875
3 0.39375 0.82421875 0.33828125 0.3515625