1 0.33671875 0.23046875 0.05625 0.0703125
1 0.43203125 0.23359375 0.046875 0.07578125
1 0.5046875 0.2109375 0.046875 0.0703125
1 0.61796875 0.16015625 0.03359375 0.05546875
1 0.71796875 0.2703125 0.05390625 0.08671875
1 0.4953125 0.11328125 0.02890625 0.0484375
1 0.62734375 0.29453125 0.06484375 0.1015625
1 0.51875 0.15390625 0.03203125 0.059375
2 0.47578125 0.0953125 0.03125 0.05703125
1 0.765625 0.4015625 0.09375 0.1484375
1 0.65078125 0.40546875 0.08828125 0.14296875
1 0.5296875 0.10546875 0.025 0.04609375
1 0.89765625 0.68046875 0.1625 0.2390625
3 0.88203125 0.31953125 0.18046875 0.28359375
3 0.66796875 0.16875 0.08125 0.15703125