1 0.2671875 0.40078125 0.07109375 0.09609375
1 0.72421875 0.25 0.03984375 0.06484375
1 0.446875 0.41484375 0.0625 0.10703125
1 0.38203125 0.33515625 0.059375 0.08671875
1 0.278125 0.27109375 0.05546875 0.06875
1 0.67734375 0.359375 0.0625 0.109375
1 0.4890625 0.26484375 0.04375 0.0703125
1 0.41796875 0.2484375 0.04296875 0.06484375
1 0.8484375 0.24609375 0.04765625 0.06328125
1 0.88515625 0.36796875 0.06328125 0.0890625
1 0.83203125 0.47578125 0.078125 0.11328125
1 0.36953125 0.2296875 0.03984375 0.05390625
1 0.49375 0.20703125 0.034375 0.0609375