1 0.49120688145888886 0.03356389123040675 0.048038762917777686 0.050818206168510204
1 0.2654159393982643 0.4653830868489054 0.14084712480937522 0.21331029788867967
2 0.7055922234019452 0.7557639939076248 0.30796580888930586 0.41458424593951476
1 0.5277808143045487 0.06153493262626457 0.05447060087368065 0.058739800324311565
1 0.44992857123840285 0.07189000567874756 0.06082970364722229 0.06353639448011292
1 0.6118479962002779 0.11688668019063257 0.07049564437666671 0.07620003571381498
1 0.46508209897381947 0.11901046752930063 0.06562630642076392 0.06830571509696393
1 0.44846090947864603 0.2772496615229462 0.10131053970326391 0.12515573295387145
2 0.32753016042857663 0.24858709902377005 0.12176981648875014 0.19892051542127548
1 0.19843945963114593 0.10420407913826768 0.05330814437666671 0.07590002678536126
1 0.2683519161281598 0.08824388839103296 0.0562876740119445 0.06970457386326193
1 0.9024028738594445 0.25315501135749513 0.13572190729444458 0.1273182508107789