1 0.6761977786441828 0.1419443531884086 0.04286020934118149 0.05928571996293312
1 0.06467738128582037 0.3475991970974423 0.11411813868554459 0.14299108656782167
1 0.684718255967547 0.2150544709744234 0.05556020401018138 0.07690972958157989
1 0.7936938139720013 0.17844979366242894 0.050727253341817755 0.06424603847458736
1 0.7638057719605473 0.2638342221555498 0.06662497334499946 0.08822917549789597
1 0.6690472552912292 0.2866665761465666 0.061882929344363194 0.08337798439090331
1 0.2614074779599109 0.28606395245491995 0.09366018801718105 0.12978175843752043
1 0.8847727999681834 0.20338281707607386 0.05868520401018138 0.0770188569862416
1 0.8478535079567292 0.2890127822296836 0.07449201734563574 0.09318949400955016
1 0.678421160606321 0.4206596302302506 0.09042610001590834 0.12029763103285873
1 0.8127507072724572 0.41987340182979693 0.09827496268299925 0.1236954495445131
1 0.4546676766390922 0.18716511706822464 0.05712270401018138 0.07696429328391083
1 0.32545289131127375 0.15106890436168569 0.05081816000954502 0.0720585384745874
1 0.4271881139799555 0.13267851371018008 0.047620434675363296 0.06569941106992569
1 0.5456108499761374 0.156656672333035 0.047656797342454024 0.06882441106992569
1 0.9558836366168204 0.3336581049176891 0.08081474267981754 0.0996577488188736
1 0.7147195505649592 0.7239557558208138 0.14929311736154424 0.2129414880191005
1 0.39086935331795525 0.09958576071495519 0.04282384667409058 0.056160719962933106
1 0.5000352679821827 0.11373505155179528 0.04444089067472703 0.060902783665263985