1 0.63203125 0.196875 0.03125 0.0484375
1 0.7203125 0.19140625 0.03359375 0.04609375
1 0.6921875 0.21796875 0.03125 0.05
1 0.43046875 0.51875 0.071875 0.11640625
1 0.66171875 0.3234375 0.046875 0.071875
1 0.77265625 0.36953125 0.065625 0.09609375
1 0.79921875 0.28515625 0.046875 0.0609375
1 0.33046875 0.31015625 0.04453125 0.06640625
1 0.6796875 0.40546875 0.05703125 0.08125
1 0.86484375 0.271875 0.046875 0.059375
1 0.51796875 0.22109375 0.03125 0.04453125
1 0.73515625 0.56484375 0.0875 0.13671875
1 0.88984375 0.40625 0.071875 0.08515625
1 0.88046875 0.6046875 0.10078125 0.140625
1 0.78203125 0.84375 0.14140625 0.2296875