1 0.6523624515990063 0.15266528552229222 0.03303975897699054 0.03982621941479172
1 0.6709064986252579 0.9225166585287156 0.1477658551898026 0.15496668294256893
1 0.5064536340656816 0.9801460141520488 0.11747839149054791 0.039707971695902344
1 0.6087827067653677 0.7179805077868755 0.12292948165323558 0.1840866721120836
1 0.479613357232906 0.8040244977188893 0.1355385659621911 0.20312761284152786
1 0.4667219509116354 0.6021892407850351 0.11661584913967822 0.17300370174736113
1 0.3491400620533661 0.8002065538553127 0.1464760659621911 0.2033821859797918
1 0.35759239060678494 0.6418310094023961 0.10707722267624523 0.14466049620027785
1 0.24477474891984546 0.7188818590418057 0.1259181262670414 0.16072190729444458
1 0.36245663172799036 0.5380520459715281 0.08501132513557322 0.11133884992375016
1 0.27676002624360024 0.5774580784565975 0.09444995764913049 0.12249455547083343
1 0.37685949931262896 0.4626162880877434 0.07082156010845857 0.08913654160312508
1 0.29883903844204457 0.4787666585287155 0.07083065046753818 0.09069904160312507
1 0.3624606560266831 0.4044764797671183 0.05664088544042354 0.06849673328249999
1 0.3031992855151783 0.42262576130225715 0.05824883723582168 0.07634560087368066
1 0.3178339572563471 0.3870337534184725 0.05353406615858276 0.07154899810013884
1 0.3246515838179761 0.35047865757878494 0.0441045240041051 0.06195579255305557
3 0.36514022843178184 0.32798671494947945 0.09772949375348414 0.1491297906531946
3 0.11636392348968465 0.8010377827694098 0.19130781869266555 0.3903379785328475
3 0.16398731547121176 0.5279646118915974 0.21875104176169424 0.27380509517409735
3 0.23336350848601112 0.3686636534947224 0.11969539734428025 0.16526393692972227
3 0.28367660499341085 0.28937685020809056 0.11491699375348415 0.14952983415618065
3 0.35929422852997767 0.2630156783803475 0.06458065046753828 0.09055357123840277
1 0.9019584515008106 0.22330966631559104 0.0800692950813442 0.06747974715020835
0 0.3568413942210223 0.24421112699357667 0.08487496974937896 0.08790134992375007
1 0.8365021440246305 0.38504529369041735 0.10842155405833438 0.10719686379145851