1 0.18671875 0.50625 0.08515625 0.128125
1 0.50390625 0.84609375 0.16796875 0.30703125
1 0.10390625 0.815625 0.13359375 0.2609375
1 0.3375 0.4890625 0.078125 0.12421875
1 0.5359375 0.45703125 0.08359375 0.11328125
1 0.74921875 0.36328125 0.065625 0.06640625
1 0.73828125 0.41796875 0.08515625 0.08125
1 0.41015625 0.39453125 0.05625 0.09296875
1 0.22890625 0.36328125 0.046875 0.0796875
1 0.33828125 0.35078125 0.05234375 0.0890625
1 0.9578125 0.46171875 0.084375 0.10703125
1 0.96328125 0.58828125 0.07265625 0.11640625