1 0.28515625 0.03515625 0.02890625 0.02578125
1 0.52421875 0.609375 0.16796875 0.2484375
1 0.33515625 0.046875 0.02109375 0.03359375
2 0.31953125 0.0640625 0.03046875 0.05
1 0.1609375 0.21875 0.05859375 0.1015625
1 0.25546875 0.19453125 0.05078125 0.078125
1 0.35234375 0.10390625 0.040625 0.04296875
1 0.3609375 0.14296875 0.04921875 0.0484375
2 0.4234375 0.08125 0.05234375 0.0515625
1 0.05390625 0.17421875 0.04453125 0.0609375
1 0.42421875 0.13671875 0.06015625 0.0703125
2 0.57890625 0.16171875 0.059375 0.0796875
1 0.1046875 0.13203125 0.040625 0.0484375
1 0.0578125 0.10078125 0.03046875 0.04453125
1 0.12578125 0.084375 0.0375 0.05
1 0.82109375 0.22109375 0.09765625 0.0796875
1 0.73203125 0.284375 0.10546875 0.10703125
1 0.93125 0.4421875 0.1375 0.134375