1 0.07658811703967325 0.42147365007624993 0.1531762340793465 0.18205269984750014
1 0.965695504757511 0.2943668365342006 0.042555681141081436 0.07590918977951393
1 0.2678893974377473 0.3808447308139581 0.16025691149637405 0.15668902393569456
1 0.32744417990273605 0.4091138947579164 0.1845334735308673 0.20876067021222244
1 0.8629322237402643 0.3225119799609367 0.08776117328319835 0.10817748233256949
1 0.24373061352501657 0.29634309745520815 0.13231169396136275 0.12638327488562506
1 0.7897323182397463 0.3023644405420132 0.08427230024766903 0.10029224715020843
2 0.8714424288692788 0.49166137025354095 0.11062078453190338 0.1633377610179167
1 0.5942421898275335 0.24370187462194393 0.08547092721213971 0.09251611474138902
1 0.56552218445085 0.17335366024114535 0.0721704065339754 0.0750376740119445
1 0.5479685415657258 0.49997071162791623 0.15324493217453855 0.1736946859797918