1 0.5421875 0.8609375 0.121875 0.22578125
1 0.33671875 0.74296875 0.10859375 0.2203125
1 0.37421875 0.53125 0.06796875 0.11484375
1 0.49296875 0.50546875 0.05546875 0.10703125
1 0.5109375 0.28125 0.02734375 0.040625
1 0.39296875 0.43125 0.05390625 0.08125
1 0.47578125 0.40625 0.040625 0.0796875
1 0.5421875 0.33671875 0.0375 0.05703125
1 0.603125 0.34375 0.03515625 0.0515625
1 0.596875 0.41875 0.05703125 0.08359375
1 0.41640625 0.33203125 0.03046875 0.05703125
1 0.46484375 0.31484375 0.02890625 0.05703125
1 0.75 0.553125 0.08671875 0.1109375