1 0.74311584938979 0.8251808664626523 0.20355471741393635 0.2519096524473092
1 0.5402575158545119 0.4399622452324383 0.11044670456235509 0.18569384727034208
1 0.6265704061589605 0.30963843742463515 0.08446252471457924 0.12182876834526431
1 0.6502957717488298 0.06549432429869043 0.04591467787060939 0.055673147326811764
1 0.6825856428130876 0.2429444901119408 0.0793293557412186 0.11061825256024874
1 0.5598564555509382 0.15220463999900136 0.0524193458553869 0.062287168373499166
1 0.6353312994291587 0.19792739270042445 0.060070019771663395 0.09702618942018652
1 0.7179116946765233 0.09131410067763682 0.0446068458553869 0.061832142065139914
1 0.7841096976422728 0.10155437968741916 0.055608012851581276 0.06403167889684287
1 0.776179133915839 0.19520566914995802 0.08019151878308044 0.0935217578219206
1 0.5512826101898429 0.09553741104568875 0.03622134288963732 0.047314615756780684
1 0.5842078567298017 0.077174547919744 0.037974843878220456 0.052093121018452516
1 0.5009642752088709 0.09063707941918792 0.038229511862997965 0.058343121018452515
2 0.9134854743340185 0.22088196138450716 0.12342686562705048 0.15995039462538863
0 0.5273702663116223 0.04681148470909464 0.03861151384016459 0.06771812101845252
1 0.5600554323192336 0.041775374213985805 0.026464340912471053 0.03739358418674958