1 0.9954902828828998 0.3196322069222698 0.009019434234200574 0.061383168973360734
1 0.7847482256031115 0.16650850140851267 0.02990566861791084 0.03870967292769345
1 0.5358820588319124 0.9088538047920041 0.130496541958086 0.14434686068413463
1 0.3577570588319124 0.9161118423581648 0.1429147287263694 0.13079369665368928
1 0.1552224112912404 0.8915442183653385 0.15555108411256371 0.15474053262324466
1 0.025525820932160763 0.8952660790494729 0.0412885962128121 0.11571784190105419
1 0.5512292819991369 0.7261540513319631 0.10885789129415606 0.184080522737413
1 0.40194235430603975 0.7205154994685273 0.11038402985783762 0.17789418973360754
1 0.25120201092189803 0.7336906146012862 0.13239538524403188 0.20222302768032882
1 0.08176620969223401 0.7570047336883776 0.14484993344863376 0.19491986364988384
1 0.03907419476331524 0.6720049925856262 0.07129425878059872 0.17161501482874755
1 0.4517463907049809 0.5504775720922096 0.09938289734428025 0.1665110207602467
1 0.3144963755796703 0.5990490177573161 0.09771131303532483 0.14769735376405232
1 0.1668173996819713 0.601159298897686 0.12296584308955412 0.19246602570316257
1 0.35228674618937095 0.5131141763505535 0.08505677693097127 0.12062551779449712
1 0.25065606849627386 0.5055337811031889 0.08823631908544902 0.13012785178688588
1 0.3753333607489474 0.4449716714076376 0.07401928298109546 0.10299234882113648
1 0.3017731409013725 0.426870270228774 0.07242951190385671 0.0982411818249421
1 0.41561292710392195 0.38394132950658344 0.05830337939029935 0.08673067885919253
1 0.3295890686926656 0.37259926429727497 0.059856789031219736 0.0852318458553869
1 0.4130010115110732 0.33794308000087503 0.048882927594901204 0.07853617688202608
1 0.3465538548952149 0.3336176773391367 0.05198974687674198 0.07553851087441484
1 0.376050457354543 0.2995955044114432 0.04570338544042354 0.06903384288963732
1 0.3977436501729506 0.26745416646472175 0.04725679508134402 0.06753500988583169
3 0.4461811501729507 0.2654804895826956 0.08531130698520073 0.16437551779449713
3 0.1315606348512484 0.45099747281396263 0.2598669211519936 0.3636300543720747
3 0.24797999950902067 0.31419119809938334 0.1292794756031114 0.20365819368794008
3 0.31244195442767675 0.2459240177573161 0.08524767447164328 0.15343801779449712
3 0.3769629966803503 0.18781308741524885 0.10083631303532474 0.14782468775644103
3 0.4669203761688456 0.20368348513407133 0.06305451190385654 0.09785917984777566
1 0.7440686834486337 0.15878884330956686 0.028343168617910842 0.03864600593149907
1 0.5870328882690939 0.1644061264271032 0.023655668617910842 0.03845500494291585
1 0.02185890280522926 0.5336109960456673 0.038209048008210185 0.12340300790866543
0 0.9704721021647404 0.3401821288613801 0.059055795670519017 0.11498301285158127
1 0.7661482165279251 0.19305375536284536 0.031495439695149584 0.04346083992388783
1 0.7108158219141194 0.21875143372774625 0.040897710772388504 0.04853034190105419
1 0.6426152677575893 0.18167719806220228 0.031495439695149584 0.04346083992388783
1 0.6005323068870048 0.20136495695945084 0.03154998184962743 0.05283583992388783
1 0.8638504392041704 0.33129390159879313 0.058239746876741806 0.07579317885919253