3 0.4938268371596538 0.46079814337516617 0.11884825455234652 0.2776889880142123
1 0.7052741171805363 0.6554987324756038 0.10431909012915472 0.15367827792830405
1 0.5807812678801817 0.4374624626879001 0.042579956584775404 0.06931656603337366
2 0.605874544602359 0.3586856874731294 0.031278743731793845 0.05624335594746528
1 0.6522447424116455 0.5002247342846261 0.0586141335443795 0.08419793758467105
3 0.566729476576528 0.3310044227738083 0.047767561757624755 0.08674972749876275
1 0.5961358317493775 0.3466770104039079 0.019522889812585653 0.027545145861557076
1 0.6349399189755383 0.362639525103229 0.034040030878812286 0.04390713025772479
1 0.6075807632613281 0.6324507360936484 0.08993834138279588 0.1420037935321364
1 0.5906527098834806 0.31957892186929715 0.019568353919208192 0.029107645861557074
1 0.6175334586298394 0.3291243402320914 0.017960389812585475 0.027463258706427317
3 0.5365729636444042 0.28955058514370874 0.036239028371529966 0.06586401741285455
1 0.5669962495377816 0.28639128561867855 0.017823997492717503 0.02277575870642732