1 0.6859375 0.19296875 0.03359375 0.05
1 0.3265625 0.86640625 0.13828125 0.221875
2 0.64296875 0.225 0.04296875 0.06875
1 0.18046875 0.47890625 0.09765625 0.1609375
1 0.09453125 0.46328125 0.09609375 0.121875
2 0.315625 0.446875 0.08515625 0.178125
1 0.78046875 0.22890625 0.03984375 0.0609375
1 0.31015625 0.3265625 0.05703125 0.090625
1 0.30859375 0.23828125 0.040625 0.0515625
1 0.71796875 0.59453125 0.08671875 0.14296875
1 0.93203125 0.69609375 0.10859375 0.16328125
1 0.96875 0.53515625 0.0625 0.121875
1 0.975 0.3671875 0.05 0.109375
1 0.46796875 0.18828125 0.028125 0.04453125
1 0.51796875 0.18359375 0.02890625 0.04453125