1 0.6555101774967054 0.14521511045435984 0.048810204722264314 0.06434430113146812
1 0.4251622065689761 0.8360390565924171 0.18435786104353494 0.26668857201231544
2 0.619064138269094 0.1918764870159888 0.06300906010845857 0.08786361436318471
1 0.1958958456236369 0.5042476593463328 0.1275442587805987 0.16948631908544912
1 0.10527084562363691 0.5037204185197149 0.11329086123992674 0.13659200585373235
2 0.32290779751723087 0.4479572736113216 0.11670675273047451 0.18661018657189174
1 0.7704675569852006 0.16541450184671175 0.05510565651766246 0.07219316256778666
1 0.28945897238165763 0.3383913760706497 0.07713519262201593 0.09888292759490129
1 0.265512412273199 0.25075502068445543 0.05348861436318471 0.06280907220870695
1 0.7941656948615111 0.6131934716942865 0.1338851623713948 0.18514768052176755
1 0.9907623971478884 0.6948166972973981 0.018475205704223185 0.20950226502711472