1 0.6721191032325796 0.32069452870073434 0.05305601581733086 0.07645485141192579
1 0.7607041007611217 0.3350047327782272 0.05618101581733086 0.07654577962517113
1 0.7996830291260226 0.28060438928386017 0.04967634783255335 0.07011392319868044
1 0.35975175441144325 0.3851301355894435 0.07601335475263546 0.10365384890464328
1 0.18007618327063574 0.3220210671679011 0.07882001977166349 0.09593227711788863
1 0.38163336608416093 0.2512325087089816 0.05098417984777566 0.06390938730530316
1 0.7287418349437909 0.4091636468057075 0.06612901878308045 0.09088106426490725
1 0.3724056047154544 0.30493417022917957 0.06118685079830275 0.0844946719450392
1 0.8935802677573161 0.3373066818411551 0.06262201680591381 0.08141513605166181
1 0.8707476738419144 0.782482789521287 0.15996654349765968 0.21066001834239997
1 0.5383754560080487 0.22450618731793837 0.039473676882026076 0.049528638558944314
1 0.48601445996238135 0.20421040769276724 0.040908842889637496 0.04644910266556703