1 0.5840234346647453 0.8302573087006575 0.20128540503012432 0.339485382598685
1 0.6822520235422456 0.48772364942708657 0.13792056006354408 0.20468859468490824
1 0.6238096469157449 0.03070094275140519 0.03988070616851012 0.04732953333863612
1 0.7869452520318901 0.3990798674410859 0.12802736282348767 0.17489200668363553
1 0.5685885385564841 0.1949356180776328 0.05758640340856669 0.07721702800763604
1 0.6753140511383858 0.3032304707590412 0.09760347727182861 0.13235906134627218
1 0.6867908879872913 0.0486247867599957 0.041715941558013725 0.06297271467218156
1 0.741464751217816 0.05004238343408627 0.03840002678536116 0.05199885200509069
1 0.7128527816566252 0.12238046009704098 0.06386367694751698 0.07885225334181775
1 0.5521061964292775 0.10957028274186018 0.04484094155801373 0.06300907733927245
1 0.5947164362830077 0.08584242874758719 0.04495003571381488 0.06925907733927246
1 0.4898516582798306 0.09478052940004239 0.04004434740221221 0.05670453333863612
2 0.8103181168839729 0.1344542934436313 0.08790119480442442 0.11349997334499946
0 0.5235778218346671 0.042818587404496726 0.04346935633066593 0.07392839600572701
1 0.5634761189125677 0.040157211409905566 0.032013659090609534 0.0441136266709089