1 0.6937566116727176 0.14638899390762478 0.04135451186299814 0.05693183847375849
1 0.7101602030794802 0.18492934252765297 0.051047846843970034 0.06490797970746058
1 0.6466733646384671 0.1596196509696394 0.046296679847775656 0.06326365909060953
1 0.7705074540680634 0.19066687377724106 0.05092051285158128 0.061782979707460536
1 0.7211732989348671 0.24445434699187985 0.06957235376405216 0.09802048863591431
1 0.6563268903416297 0.2815764715864904 0.08258168973360736 0.11073867694751698
1 0.8138502302655175 0.31555382548152444 0.0821360207602467 0.09980117694751697
1 0.6664406724705829 0.4339884054338663 0.10585736364988403 0.14549550649282175
1 0.8002081774134988 0.4597441562446452 0.12030186562705047 0.15511596834337488
1 0.8949470272046278 0.8190976111953393 0.21010594559074428 0.3052989748361966
1 0.9665859345621364 0.6736544719902322 0.06682813087572725 0.18584777110331832
1 0.36433570851668773 0.2046558668806775 0.06899935079830274 0.0839579886359143
1 0.2327487633830539 0.4623302248361966 0.13630886760421673 0.16476370373287813
2 0.42751614083592127 0.27992464813026563 0.09179486364988403 0.1452500446422687
1 0.4919181749420408 0.44265251907142816 0.10636669961943923 0.15799550649282174
1 0.44383486612134193 0.1631053409060952 0.06367518083635879 0.06825116801906325
1 0.5564741289729233 0.22596562540209417 0.05962435079830275 0.08379434740221221
1 0.5102583621670093 0.14552810308095981 0.0446068458553869 0.06011138555165916
1 0.5710366946765233 0.14268552110002308 0.04798651384016441 0.06641593262955983
1 0.5798877712545383 0.11083154910320028 0.03465884288963732 0.04588524431795715