1 0.18984375 0.2953125 0.09765625 0.06875
3 0.13125 0.434375 0.26015625 0.35
1 0.30859375 0.315625 0.06484375 0.09296875
1 0.2828125 0.565625 0.11796875 0.1796875
1 0.6265625 0.228125 0.040625 0.0703125
1 0.421875 0.41328125 0.075 0.13125
1 0.3984375 0.2703125 0.04609375 0.07421875
1 0.353125 0.37578125 0.071875 0.11484375
1 0.47421875 0.2640625 0.05078125 0.071875
1 0.39453125 0.20546875 0.04453125 0.06328125
1 0.40078125 0.16015625 0.03203125 0.05390625
1 0.6859375 0.80703125 0.1375 0.23125
1 0.45546875 0.1484375 0.03125 0.04296875