3 0.09598368906725072 0.4285846960222404 0.15228908404557523 0.17591939204448082
1 0.17631520215084318 0.508032462661332 0.10122784200867016 0.1032261858759707
3 0.43720647049610745 0.5921928230491877 0.5389517100433509 0.5167036736978108
3 0.851780120806691 0.7575737301079071 0.296439758386618 0.45726266964062107
3 0.3111389812312127 0.3706842414752881 0.21321117349399668 0.20351828652459378
1 0.4861991653897274 0.4283718307598255 0.12383088410204497 0.11610801542127547
1 0.6522637811465082 0.46561055234961113 0.15837248407380997 0.14636825973923262
1 0.8616611679499762 0.5098492962605312 0.19603908404557516 0.17668305113509053
3 0.9356252288121383 0.41931184536702676 0.12874954237572353 0.24003643912238157
1 0.7309201311888603 0.4224975263750288 0.15451944198043535 0.13381371266133185
1 0.5450435443712749 0.39349799877888875 0.11914338410204497 0.11602619480442442
3 0.4005886181052679 0.33868599350388295 0.21551712613895013 0.18951033360249453
3 0.7038508550216754 0.7572063482129912 0.5922982899566491 0.4855873035740178
1 0.16413299154279487 0.5936699537328782 0.128138952503779 0.13647506249917624
1 0.9999978129283008 0.5593971030776645 0.000004374143398422348 0.1192409237011061