1 0.9201173055559255 0.29102438726433705 0.0566424565847754 0.06941584486680377
1 0.825182890274804 0.25509615753029213 0.04079013605166182 0.06096667490485981
1 0.5685341411992408 0.8960553744499368 0.12168844655564541 0.15946252471457925
1 0.40004255397308003 0.920868326540834 0.1332791644231918 0.12872186068413463
1 0.20879542834625936 0.9231987835746469 0.14453491316955053 0.1401050296574951
1 0.0532898552393565 0.947661567186475 0.106579710478713 0.10302152372599593
1 0.5614443698873398 0.710627210419492 0.09861465940862679 0.1710075197716634
1 0.42050112114098115 0.7272947400769872 0.10151233887551356 0.16332235376405216
1 0.27981628516846146 0.7618991862363853 0.11933633636823107 0.18589769072219048
1 0.12392398634296047 0.8096084688596299 0.13156355172849493 0.17703202669174586
1 0.05321813631602459 0.7402310691636412 0.10643627263204918 0.16102502471457925
1 0.4479311023363627 0.5623090686321686 0.09034751834239999 0.1550641847906915
1 0.32350175217807803 0.6282444278334283 0.08823944906292791 0.13625051779449712
1 0.18626016495191725 0.6517840400004375 0.11129651583511757 0.1777668557412186
1 0.35019829598901414 0.5421013393924152 0.07657452335696498 0.11080484882113631
1 0.25396815366914616 0.5507043596583703 0.07992684389007838 0.11874468281352524
1 0.3646305205204781 0.47518575342286 0.06674488229073816 0.09479784684397004
1 0.2922243231069029 0.4695525187458992 0.06660848997087018 0.09011034684397004
1 0.394551352732074 0.41232099749136103 0.05227320533113407 0.08016234387822045
1 0.312520102732074 0.4156635147915665 0.05379024122451135 0.078663510874415
1 0.3871624015575751 0.3712649159704302 0.044278848904643286 0.07359400889724857
1 0.32457147334432973 0.3769365958182059 0.04726745658477531 0.06903384288963732
1 0.3474921477966514 0.34010775787148434 0.04088106426490725 0.06409167490485981
1 0.3640718940357277 0.3066585879095404 0.04391513605166182 0.061094008897248565
3 0.4081174107287751 0.2947196620160975 0.07610316191590946 0.14824118182494192
3 0.12751593157845764 0.520083053840602 0.2550318631569153 0.333687886387297
3 0.22948629387744313 0.3730077825860637 0.1178193004748537 0.1873965237259961
3 0.28153217867546376 0.3006579387078432 0.0774838054894186 0.1420548488211364
3 0.3356717608870597 0.23680634433533107 0.09136444906292791 0.13637785178688588
3 0.41252141739269266 0.19699974501990308 0.06808006175762475 0.08704901384016446
1 0.8076711298499626 0.32057657749223606 0.06280152837152997 0.06654551285158128
1 0.7247700501456492 0.40744917779624723 0.07115959765100222 0.08561384783255317
1 0.2206174107287751 0.3023597015594245 0.03086956677218975 0.04183467292769345
1 0.202526640274804 0.2804674555137572 0.03573892319868044 0.04827567391627667
0 0.959310186197311 0.3385877953632829 0.05667120031656907 0.1240396778706093
1 0.13601743870459365 0.39398346885963004 0.059540136051661904 0.06173067885919252
1 0.9338662538274306 0.4621353833100043 0.10617109514371989 0.10888952174882967
1 0.968414750066507 0.4279540428918249 0.03889266693047446 0.10302684091247105