1 0.4467909995929629 0.20006424431480516 0.07512845941492116 0.1011522472985769
1 0.5560705422066368 0.20096586263183455 0.07372960064862308 0.11043624203690508
2 0.5307195348997407 0.4476742626600695 0.13566831330995513 0.26076944198043533
1 0.672537067774182 0.3006234993647155 0.1026182597392328 0.15582433674699833
1 0.7129636501621558 0.06806089932236317 0.05717730032431163 0.05640118942018657
1 0.5394949224832901 0.10088256264595201 0.06251936525911965 0.0941742052052021
1 0.6254733327917157 0.10823160203790369 0.0608750446422686 0.08939569994353028
1 0.7934596737011061 0.0743101702984634 0.06191934740221221 0.0597992052052021
1 0.613758536931631 0.06306331520620076 0.05251707386326192 0.05769067363517102
1 0.5607017207790068 0.06387538630935788 0.05265344155801373 0.06550317363517102
3 0.4482250401780418 0.10337125483814882 0.16207508035608367 0.16397003669052862