1 0.04609375 0.940625 0.090625 0.11875
1 0.09609375 0.7859375 0.13984375 0.21484375
1 0.17890625 0.646875 0.08046875 0.15703125
1 0.59140625 0.9 0.12265625 0.2
1 0.42890625 0.84375 0.10390625 0.23515625
1 0.2203125 0.89453125 0.14375 0.2109375
1 0.4375 0.64453125 0.08828125 0.16328125
1 0.58203125 0.73671875 0.09375 0.18125
1 0.23828125 0.51328125 0.0875 0.14296875
1 0.28515625 0.71796875 0.11875 0.20546875
1 0.07109375 0.41171875 0.07890625 0.09609375
2 0.315625 0.37109375 0.06328125 0.11328125
2 0.13984375 0.30703125 0.04296875 0.08359375
1 0.49296875 0.31640625 0.04375 0.07578125
2 0.26328125 0.2515625 0.053125 0.07421875