1 0.40746769338442734 0.4895613010055212 0.06673612141421188 0.07805357123840277
1 0.4590301933844273 0.4907614315144796 0.07147818511654265 0.0797251740119446
1 0.33772562305867443 0.538760560789167 0.06700893992586625 0.08586607123840295
1 0.40550091090028967 0.613053352392292 0.08975695916315996 0.11137521751493065
3 0.3147146758764141 0.7921894596311458 0.2957093811176768 0.4156210807377082
3 0.4813367246026205 0.613254680564549 0.21371035825218598 0.30785278685347245
1 0.5751710593563436 0.5458509346486116 0.06054068511654283 0.07947060087368066
1 0.6139260245099533 0.510786256836945 0.053963302902557686 0.06995013050895835
1 0.6430281596343453 0.8640937480032298 0.1427033990890262 0.19691398043270852
1 0.45634913748664474 0.5227563139232989 0.08737600362819702 0.08790134992375016
1 0.645667097830931 0.49745110866055614 0.04749504809323426 0.06355466014423605
3 0.5940153177938641 0.4540271105604171 0.10732640507947586 0.1227127610179167
1 0.6739657126217209 0.4707437915062158 0.050729175497895976 0.06675239532659738