1 0.62109375 0.16875 0.02578125 0.03671875
1 0.67421875 0.16953125 0.03125 0.04296875
1 0.24140625 0.4359375 0.07265625 0.1
1 0.0375 0.625 0.07265625 0.18515625
1 0.38984375 0.64296875 0.09453125 0.171875
1 0.32890625 0.309375 0.05078125 0.06484375
1 0.4625 0.41796875 0.05703125 0.09453125
2 0.35390625 0.39921875 0.07890625 0.18125
1 0.7265625 0.16640625 0.03046875 0.0390625
1 0.21953125 0.34609375 0.05859375 0.08359375
1 0.64140625 0.25625 0.04140625 0.06328125
1 0.77421875 0.23984375 0.03984375 0.05703125
1 0.74453125 0.265625 0.040625 0.0609375
1 0.41484375 0.2890625 0.04609375 0.071875
1 0.815625 0.21328125 0.03671875 0.0515625
1 0.4546875 0.234375 0.03515625 0.05
1 0.503125 0.2515625 0.03984375 0.059375
1 0.70859375 0.478125 0.078125 0.11328125
2 0.83359375 0.49296875 0.09453125 0.16875
1 0.9109375 0.3109375 0.06015625 0.071875
2 0.83046875 0.89140625 0.17734375 0.21640625