2 0.35091745307696165 0.630890039109603 0.14641905585660825 0.20791745776545092
1 0.3289760125516145 0.33183091282947863 0.06174308344622812 0.07836719468185845
1 0.31234179047991867 0.23055683916607275 0.04332727611928178 0.053928636803468065
1 0.36472316203121613 0.21793501280124378 0.03674972749876275 0.04731461575678066
1 0.6122399711671848 0.16025683362205223 0.03995661465389251 0.04905912628012436
1 0.6670503018998793 0.16109826778056696 0.04003850180902226 0.050621626280124364
1 0.5733921551338111 0.1987432099727638 0.04505355042954129 0.057144642065139896
1 0.6527487844870248 0.19474522568719216 0.05360303482570909 0.07166216837349917
1 0.56103491802411 0.28500693366440455 0.06001680913596861 0.07515118942018653
1 0.7414660464728124 0.311188544018339 0.07637879353213642 0.09012374203690507
2 0.8616081281100183 0.2915424439053996 0.09816526232447202 0.11943181043863911
1 0.6024677442342489 0.406532594145396 0.0855014880142125 0.1155787683452644
1 0.7783851130720129 0.47398394660682264 0.10819535956551007 0.13247784200867016
1 0.8888589456137297 0.4294820596621802 0.12620173111680727 0.14910389988706055
1 0.8233402504542852 0.9021159228587121 0.18581574852966193 0.18684609456891899