1 0.4986507294795219 0.49907979707460537 0.11358644154108041 0.20031937418757356
1 0.6225846714828208 0.3841150904990581 0.08810305674305993 0.12959777110331833
1 0.7041001297834557 0.1262946822192275 0.046903743731793845 0.05547843262955987
1 0.6998542136444043 0.3292424042160503 0.08300637978345585 0.11545345048646735
1 0.5889357825281649 0.193780416797952 0.0550799565847754 0.06811480032431154
1 0.6573651852728744 0.26447079220334146 0.06223923871722885 0.09947389448011297
1 0.7695038209288247 0.17350664731619142 0.04722199247815269 0.06641593262955983
1 0.8367056927947217 0.20200952272158085 0.05655152837152997 0.06501707386326191
1 0.8058852532987053 0.29673564163414856 0.08085284639736087 0.09511367694751698
1 0.5932990221033239 0.12904576095375334 0.03739235141192587 0.050627291395857824
1 0.6328472554102763 0.11958498619698701 0.037528743731793844 0.05531479139585782
1 0.5403869707705402 0.10860084739891696 0.039182171945039104 0.058467064934808154
2 0.9398246811162393 0.3647061659838778 0.12035063776752146 0.16460006249917614
0 0.5798753681049732 0.0702474594116258 0.0395913489046432 0.07252956493480815
1 0.61592652837153 0.07478100080748361 0.026091138558944495 0.03793637662320544