1 0.5470588907049809 0.6004198310618035 0.14828400565734084 0.2507419945971538
1 0.6240794120768073 0.4151263441453959 0.10714085518980258 0.15931335779368574
1 0.605873270979043 0.10479578889784151 0.04247839149054773 0.05245714206513994
1 0.6954998941228265 0.34118758618230094 0.1022806383672897 0.12935284200867017
1 0.5370237979100143 0.21793355475344423 0.05198974687674216 0.07644067363517104
1 0.6201635508368806 0.27900683362205225 0.07562723477649361 0.11218075256024873
1 0.6755272408266177 0.1299392730422388 0.04723861436318479 0.06523015785015547
1 0.730210195647078 0.13234320720075352 0.05032725292686617 0.05916216837349917
1 0.7221255057555366 0.21934267826155834 0.07239315046753828 0.09324874203690507
1 0.5217937076491305 0.15066275476756166 0.03782725292686635 0.058434126280124364
1 0.5583897378015557 0.1317076284168501 0.0441045240041051 0.06348564732681176
1 0.46551643657189173 0.14269906534737511 0.040943162567786476 0.05705363680346807
2 0.8386090238077134 0.23940382025611112 0.10546927088084708 0.14047235253201382
0 0.49335509026088376 0.09511841005746838 0.04103406615858276 0.07267863680346806
1 0.526113048106406 0.08765452055257722 0.031486349336070064 0.04244510523343699