2 0.08692426501094311 0.7688075537089016 0.15208424593951492 0.3061348925821967
1 0.05297636444504553 0.43668777250123725 0.09313416558343128 0.1484994549975255
1 0.8218415925309482 0.1790070742895749 0.04473184740221221 0.058542840343633086
2 0.6956978782447633 0.2544308774326497 0.06896028003177204 0.10508364767057934
1 0.278110957790068 0.2982106914298583 0.08625687418757347 0.11223440637700657
1 0.8857325430174157 0.25541908808438485 0.06386367694751698 0.08140048620519007
1 0.3831472853067779 0.2231111148810352 0.06394549756436803 0.08608798620519006
1 0.9123535442352317 0.21257981286961414 0.05586026217486477 0.07005355042954128
1 0.503646745939515 0.2723154975136092 0.07712733603812652 0.1258055834462281
1 0.7146269305976697 0.3981023123037873 0.09595915665497756 0.1314757293077852
1 0.4787773851446221 0.19151255484055543 0.0511454886359143 0.06824538896415207
1 0.8235110068965635 0.3642452114447046 0.07992505357072233 0.10721935775648764
1 0.4542216700476581 0.1286783621675017 0.04640344155801355 0.06487472749876284