1 0.6503681927758296 0.0025741792497787157 0.02886138555165907 0.0051483584995574315
1 0.6653210369316309 0.004508405572255394 0.03036933847375849 0.009016811144510788
1 0.36710922808260743 0.242949279292131 0.10484323295387146 0.10444384727034199
1 0.6919517207790068 0.005665234532626714 0.02880683847375849 0.011330469065253429
1 0.7286159237011061 0.007421302969654336 0.03535684740221221 0.014842605939308673
1 0.7181693474022122 0.023042450331759695 0.040126168019063255 0.04608490066351939
1 0.7209943384737585 0.00870693454674415 0.02724433847375849 0.0174138690934883
1 0.594353566556366 0.2688160163497129 0.07553756249917605 0.1245897472985769
1 0.5111301891223816 0.11569028732581313 0.04174321509696384 0.06642863680346807
1 0.6816529691541537 0.20742421906525346 0.07680005357072232 0.10749325256024882
1 0.6974437901780418 0.03680090592519124 0.04478639448011297 0.06192314732681179
1 0.7573545783274888 0.019234703350825052 0.03171365016215581 0.02838260523343698
1 0.618888142044481 0.10628592427045554 0.057640950486467446 0.08296368942018657
1 0.7720443697233466 0.05435315599577841 0.05432503571381488 0.07184417889684287
2 0.7152313080349494 0.0701748480468009 0.054625044642268604 0.08903167889684287
1 0.5824363989443399 0.03411479265807214 0.035275026785361166 0.05356461575678069
1 0.8844682775961402 0.13304803241707713 0.09269778896022558 0.12402830517696728
3 0.49285570170428333 0.024630460749222642 0.04821140340856669 0.049260921498445284