3 0.45538515503341975 0.15504966478294074 0.10954218993316048 0.28178076805616736
2 0.9361314054437522 0.8243080962712865 0.10619109334172734 0.35138380745742703
1 0.6475361043053663 0.5221355049789594 0.1256932954530477 0.2230059687818068
1 0.5971714602289953 0.2725695253973795 0.08178756249917622 0.1230952488188736
1 0.5675539184261004 0.13316971949959694 0.048238676947516976 0.07976191106992565
1 0.7380766984578725 0.03750009935132938 0.039471603084255055 0.02480159255827139
1 0.5959340629062133 0.07474958429038693 0.038672762174864775 0.06849702885594053
1 0.5074306704546953 0.039608203257528146 0.035138659090609536 0.044950401451278835
1 0.6781153173704402 0.06902042866275686 0.04961026217486477 0.0688789747722565
1 0.47037495535773133 0.10241573810391846 0.08697389448011297 0.06237600362819706
1 0.8004209655040011 0.13817471114689445 0.06855117694751697 0.08047123920022684
3 0.3763336655900219 0.8223784862050019 0.3719524610364789 0.35524302758999615