1 0.4163042532431156 0.547835252508639 0.05903980925276535 0.07266817885919252
1 0.46690822523993836 0.5397481798849567 0.05613299756436803 0.08504084486680377
1 0.35873326095375335 0.6040414901513493 0.05920345048646736 0.08204317885919252
1 0.43790256371369696 0.5776010069572634 0.07003185633066593 0.07623884783255334
1 0.6334016189059771 0.9426623090678448 0.1163807508107789 0.11467538186431056
3 0.331687340092021 0.7951539797526355 0.2368058936660388 0.40969204049472907
1 0.5185661826262645 0.5473179407593716 0.06230117694751698 0.08060801285158128
1 0.5252059204513999 0.4804487757403436 0.06356366801906325 0.06348417984777566
1 0.5940197447184037 0.8447142055881193 0.10439894805083547 0.16663835475263547
1 0.5815003794592839 0.7536435366147585 0.08504893019392785 0.13149935079830274
1 0.5600560275928448 0.6879721156642314 0.08019778896022593 0.12193334980971962
2 0.5564343754020942 0.569939698668037 0.05802278003177204 0.10385451186299796
1 0.6089923595737815 0.629071959542452 0.07523755357072233 0.1061173488211363
1 0.6737036960189451 0.5794022233826164 0.0690148271096728 0.1074251808363588
1 0.641017881084137 0.5405970499606314 0.05281708279171564 0.07397601087441501
1 0.44754634496328494 0.6381074254363324 0.09848413879807012 0.09613485376405233
1 0.6766320527566483 0.4788119743711995 0.04470457386326192 0.05647017589344294