1 0.9035191646095484 0.28515625 0.0578865416031249 0.0703125
1 0.8000499789140971 0.2328125 0.04349673328249999 0.05625
1 0.6318863267505548 0.9125 0.13634015634451407 0.1515625
1 0.4662970411313534 0.94453125 0.1447695989738195 0.1109375
1 0.27163850456222144 0.95 0.15857752583555565 0.1
1 0.11469752032979086 0.9796875 0.1228205573706945 0.040625
1 0.6008759821451383 0.734375 0.11817203780340294 0.1765625
1 0.4603412479127077 0.7640625 0.11799019984750014 0.16875
1 0.3233490877684716 0.809375 0.140447081306389 0.19375
1 0.17114950171242982 0.8703125 0.15120274335048628 0.1859375
1 0.08355988915524237 0.80703125 0.13830269984750015 0.16875
1 0.4673575801690273 0.596875 0.1068344943004167 0.159375
1 0.35075000199677026 0.67265625 0.10327308320625014 0.140625
1 0.21401241499079798 0.70703125 0.1308538757593057 0.184375
1 0.36530477089847174 0.584375 0.09019120174736121 0.115625
1 0.26961041119107587 0.60078125 0.091935539703264 0.1234375
1 0.370793011114826 0.51640625 0.07729115824437507 0.0984375
1 0.2981185773192357 0.5171875 0.075655923062014 0.0953125
1 0.3933960161488191 0.4515625 0.0613024823325695 0.0828125
1 0.31114656060173573 0.4609375 0.06282861474138901 0.08125
1 0.38107850731510384 0.41015625 0.051782011967847374 0.0765625
1 0.3183239341768399 0.42109375 0.054834276785486226 0.0734375
1 0.3371655063651733 0.38359375 0.048438806420763925 0.0671875
1 0.3496843433711455 0.34921875 0.051491071238402776 0.0640625
3 0.39450653410058995 0.33671875 0.09269925911805572 0.15625
3 0.1417565881465276 0.58125 0.2835131762930552 0.35
3 0.22135801519888854 0.425 0.13892094889756956 0.1953125
3 0.2653275271667358 0.3484375 0.09404355357097235 0.146875
3 0.3122038335874998 0.28125 0.10639808320625015 0.140625
3 0.39189198679788173 0.24765625 0.06947865824437507 0.0984375
1 0.7435265687698609 0.278125 0.051345600873680654 0.0578125
1 0.6332780933711455 0.34921875 0.06101154160312507 0.0703125
1 0.19178027118281218 0.38671875 0.03710126291777778 0.05
1 0.15119163877399275 0.38515625 0.051381968464861136 0.059375
0 0.9388384155594789 0.31171875 0.07783667211208325 0.121875
1 0.06141735790444399 0.55 0.09436955547083341 0.09375
1 0.8017189688461108 0.3625 0.08157861474138883 0.08125
1 0.8886741081887845 0.35234375 0.0864479526972918 0.0890625
1 0.9122362819163884 0.48125 0.13103440729444457 0.125