1 0.14291659260288128 0.9652863677092618 0.10023237336031983 0.0668812746106063
1 0.1682740394598065 0.8370106035234969 0.17626368611433302 0.23758623119538136
1 0.22838162256735034 0.6850329148854103 0.10563692559888346 0.1700062746106063
1 0.682036646311783 0.8760500906578802 0.1541496687014785 0.2026201978092864
1 0.5108676532091879 0.849732946226441 0.14435194482076028 0.253818984956305
1 0.30711521144064535 0.903390458300635 0.17496013568479168 0.18294419530200443
1 0.4885035730423201 0.6469489270261111 0.11542136137453234 0.17809155925034226
1 0.6488888743763727 0.721308766363843 0.12421650723608924 0.19706887978345566
1 0.2670236414505429 0.5415042237400411 0.11114994120271567 0.1561256310370968
1 0.34637802803984574 0.741847553048643 0.153733588873295 0.22444973370266402
1 0.08291423507353632 0.46235759600164944 0.09619332654882314 0.10888691818411544
2 0.322361837402957 0.3881004274218226 0.08286781094499088 0.12254024122451135
2 0.13474897274906442 0.34661292405661026 0.05779256784239584 0.09060827962517112
1 0.49190969753429375 0.30883516158670493 0.057383132066747146 0.08279577962517112
2 0.2506771879233553 0.27438491989997515 0.06519563206674714 0.08302310015828454