1 0.06897167203575638 0.2308778161585828 0.08796360831306052 0.08019656010845858
3 0.09118353620254936 0.15131303600615764 0.18236707240509872 0.14950107201231527
1 0.14692850039278346 0.2602385841125637 0.08647383118569744 0.09268746974937905
1 0.20806598829253503 0.22621810811666876 0.08485678903121974 0.08330337939029935
1 0.23111260285211147 0.293541963502863 0.09589428298109555 0.10055451190385671
1 0.3266250907518631 0.25972147540671975 0.10058178298109555 0.10058178298109555
1 0.36037285597536944 0.36773396330647135 0.1179147287263694 0.12568177693097127
1 0.46140409085005896 0.32535154146710665 0.12256586729005096 0.1194590480082102
1 0.9476779341360047 0.2703661431408678 0.04587610226293606 0.09713862041330898
2 0.30837051532170223 0.1744561410977643 0.10215337334017516 0.10215337334017516
1 0.9689893318730686 0.36736840816798244 0.041243144417413904 0.10648634933607007
1 0.6046268500234412 0.4168128545024315 0.1352113130353249 0.14453177088084707
1 0.4955104043763631 0.5060248245463981 0.14942834913967823 0.17117608411256366
1 0.8534784822424107 0.2127849264165509 0.11641586123992695 0.13661018657189175
1 0.7615455122966401 0.16849859523085345 0.07558178298109546 0.10043633723582168
3 0.6397159640920382 0.15997704722264328 0.23594763212077385 0.27167605386194266
1 0.613062039620395 0.3098270562978296 0.1225113251355733 0.11008404800821019
1 0.8593905763139237 0.6737724233914888 0.20917605386194255 0.23558401775758925