1 0.07629823091868596 0.970040672249741 0.07606366801906325 0.05991865550051791
1 0.11064418303000638 0.8380693883370103 0.16028648376465032 0.23852746071058561
1 0.18698672036867442 0.6948695059958561 0.09351599512873605 0.1698459272121397
1 0.6416817232080482 0.9254538800648426 0.14206258928453738 0.1490922398703148
1 0.4661226156595662 0.8880030758882322 0.12453989853730256 0.2239938482235356
1 0.24490218059437438 0.9197902692304224 0.17010576866768634 0.16041946153915526
1 0.4601242114402207 0.6904175622393811 0.10617963636243814 0.17980312406898663
1 0.6210674399298652 0.7876843221641785 0.11445578652459396 0.20672949710451577
1 0.23913778124629279 0.552104117244561 0.10426258035608367 0.15941784946188076
1 0.027173569395739738 0.5281806579817173 0.037873921265474134 0.11261131596343468
2 0.04623544074393941 0.4127568651776464 0.0807978068171333 0.1567637303552928
1 0.33446964650541255 0.6470955936709124 0.11569100405718977 0.1880522717116218
1 0.15878425933219556 0.33135066149637404 0.06378185633066598 0.07634848428423427
0 0.8621080823846785 0.2860470093011157 0.05457049756436803 0.08528683664159917
1 0.6497853603878557 0.2863059127347191 0.05586026217486477 0.06973461124870503
1 0.23089899269310407 0.2589898180303493 0.04939207386326192 0.05694351282028158