1 0.0546875 0.71484375 0.10703125 0.19453125
1 0.64921875 0.2109375 0.03359375 0.0515625
1 0.17578125 0.77578125 0.14375 0.228125
2 0.72421875 0.2359375 0.0375 0.078125
2 0.66015625 0.29453125 0.05 0.09453125
1 0.790625 0.22890625 0.04453125 0.06328125
1 0.7671875 0.30078125 0.053125 0.0796875
1 0.37890625 0.3640625 0.05859375 0.09609375
1 0.809375 0.184375 0.03671875 0.05
1 0.48359375 0.31796875 0.05078125 0.08359375
1 0.378125 0.23671875 0.040625 0.05703125
2 0.72109375 0.48046875 0.08046875 0.16328125
1 0.87421875 0.2390625 0.04921875 0.059375
1 0.44375 0.25 0.04375 0.071875
1 0.88359375 0.3515625 0.065625 0.08359375
1 0.8984375 0.56171875 0.10625 0.140625