1 0.45 0.7140625 0.16484375 0.2890625
1 0.8390625 0.8390625 0.23359375 0.321875
1 0.5015625 0.5515625 0.1 0.15
1 0.82734375 0.68515625 0.178125 0.2
1 0.18203125 0.38828125 0.05859375 0.09296875
1 0.37109375 0.45625 0.08046875 0.12578125
1 0.68515625 0.36953125 0.07734375 0.0796875
1 0.6375 0.484375 0.1 0.1203125
1 0.47578125 0.4203125 0.08515625 0.12421875
1 0.340625 0.35078125 0.05234375 0.078125
1 0.5015625 0.36328125 0.06640625 0.08125
1 0.91875 0.47109375 0.121875 0.10703125
1 0.90703125 0.5203125 0.13203125 0.128125
1 0.4109375 0.3390625 0.05390625 0.07421875
3 0.896875 0.3453125 0.20625 0.24296875