1 0.14355333250326074 0.6157381086076481 0.16487594499482006 0.21964994554888212
3 0.6998160252262784 0.7436928534412865 0.6003679495474433 0.5082327400410509
1 0.23821720740081687 0.4166960997288536 0.10015416542531544 0.138045421544777
1 0.6574530508668415 0.34079965759781694 0.06272263192686936 0.07222043364502548
1 0.4376757059530748 0.4710194644848217 0.11101889081820956 0.13654655405833438
1 0.5464171592200625 0.5071155248878678 0.11839474317557439 0.12721700585373252
1 0.687772059343897 0.5555252329297818 0.1400899607105856 0.15702268052176754
2 0.6198631596343472 0.3558661213952676 0.09252144789030421 0.10832156010845857
1 0.5221726763835702 0.38925585919682326 0.08427230024766885 0.09890110831306043
1 0.43403266749223 0.3256887837666625 0.07140842721213972 0.09101588544042354
1 0.7394009875894939 0.7412127480550923 0.17908399420903187 0.22285675878059868