1 0.23972666601686288 0.1228324702403583 0.09006247334499946 0.08645565046753818
3 0.28135963534372677 0.07615797902095701 0.2845942706874536 0.15231595804191403
1 0.3077499600174992 0.1271245396203949 0.08526588534372674 0.07705337939029935
2 0.29797551802195354 0.15999612695441243 0.08713746801399935 0.10362496974937896
1 0.3488664033656803 0.23626773546386465 0.1027806493475448 0.10527837334017516
1 0.472740255370771 0.2730495970965749 0.11061133068109008 0.1068863251355733
3 0.5821328893618622 0.20678372678146184 0.2338499306969986 0.2247828731437834
1 0.39984819537713434 0.3203518439733169 0.1154806440165446 0.12253859621281205
1 0.5671362400540885 0.3951649707313376 0.13121473201781733 0.13200449980360823
1 0.9483118726925444 0.44137078757729153 0.10337625461491129 0.1318772347764936
1 0.8960430373965427 0.4604434953246179 0.15350790268936265 0.16806926483072288
1 0.887066932049634 0.360488947120016 0.10590564934754454 0.10529655405833438
1 0.4745311167249973 0.4269558470965748 0.1344670013526354 0.14296018052176757
1 0.6640032440722239 0.528204208827481 0.1612658586887264 0.16342721662612103
1 0.5578174260820872 0.6014831484244347 0.16302835335772609 0.18062380698520072
1 0.7666304467695408 0.7534036758463853 0.2119022053628168 0.21840560811666876
1 0.8220499120384982 0.2788304018422803 0.08232269867918127 0.09266019867214012
2 0.8097060954009969 0.4937605102535366 0.18657494135899882 0.190135162371395
1 0.7455328653723619 0.2831820794371816 0.08706474267981754 0.09737496974937895
1 0.8079201601288577 0.9445826668693951 0.2168067866804538 0.1028169695529872
1 0.6353275447962667 0.9510559015476927 0.22761701734563572 0.09194310206654457
1 0.7831595873647258 0.22670936563973093 0.069768154678545 0.08789997579950315