1 0.0453125 0.93671875 0.08828125 0.12578125
1 0.09609375 0.78046875 0.13828125 0.21328125
1 0.17890625 0.64140625 0.07890625 0.15390625
1 0.59140625 0.896875 0.12421875 0.20546875
1 0.42890625 0.8390625 0.1 0.23125
1 0.21875 0.8921875 0.146875 0.215625
1 0.43828125 0.6390625 0.08828125 0.16328125
1 0.5828125 0.73046875 0.09453125 0.18515625
1 0.23828125 0.50625 0.0875 0.1390625
1 0.28515625 0.71328125 0.11875 0.209375
1 0.06484375 0.41015625 0.08046875 0.0984375
1 0.15703125 0.31875 0.05703125 0.0703125
1 0.246875 0.27421875 0.03984375 0.05703125
1 0.26484375 0.23671875 0.04296875 0.0515625
1 0.21171875 0.23671875 0.040625 0.05390625
1 0.953125 0.490625 0.09375 0.1015625