1 0.3597316297580063 0.8547254240788599 0.15768921558737148 0.21334540339440444
1 0.3489130400272362 0.5842583879745064 0.10057539462538871 0.11773292154477702
1 0.38650331626500833 0.5024180355151783 0.07448333148532651 0.09883747579950324
1 0.5522516006776368 0.7159543364502547 0.13381209983059072 0.17884313836728988
1 0.5951110187687874 0.3692111466569092 0.05749325256024882 0.07530907220870704
2 0.3826341345961552 0.4078322433607006 0.06997784200867016 0.10193520472226432
1 0.47752242939095313 0.4693424359827166 0.07081229991529554 0.08944429508134384
1 0.4566554635212329 0.38481744505790283 0.054095236775233244 0.07060339149054773
1 0.43645635558637286 0.34249813485124836 0.04381018415851479 0.054923849336070064
1 0.3821104898295921 0.3765686078220812 0.0441742052052021 0.06117384933607006
1 0.3819508661097165 0.33905497228346176 0.03701415258848364 0.04551248789975162
2 0.7563593319088495 0.35139290846257004 0.06098227360693613 0.08157725292686617