1 0.6897421106381376 0.1980740722449994 0.04280566534054522 0.05386138555165916
1 0.7389154073042741 0.20112120576806367 0.039662484006999676 0.05224433847375849
1 0.7894330279678652 0.22289106575217765 0.04596702800763595 0.05704093262955982
1 0.6875978079646835 0.24810134578394974 0.053961341343090295 0.07280230032431154
1 0.37441655529918344 0.24497594034349293 0.06658861067790856 0.0839579886359143
1 0.29003246463241067 0.24722996144681125 0.07131247334499946 0.08716480925276535
1 0.8525137359564111 0.3061478506552137 0.060211341343090294 0.07291139448011297
1 0.7689558012810479 0.3716558482195817 0.06978633601209036 0.09026253571381497
1 0.48020347863622864 0.21579122646434495 0.06348179201145392 0.08546594155801364
1 0.5551216626352742 0.22151334659472863 0.04920111600890866 0.06647047970746049
1 0.5158051713080921 0.17689632183796228 0.04916475334181776 0.06334547970746054
1 0.4778239133115919 0.1517832735422456 0.042769302673454135 0.05073638555165916
1 0.6445610445576413 0.7917110239492826 0.15561584269572606 0.21673530681713338