1 0.6164365892047179 0.786596406747269 0.2763712495377817 0.31873400803627094
1 0.4502119148189032 0.28092656739336086 0.1112223079967011 0.11844201201463571
1 0.34027565901291545 0.01879819004613424 0.04305131802583091 0.03017839600572701
1 0.45497465650563296 0.04200042739495171 0.048329851411925875 0.05054544000636334
2 0.2813218593294846 0.13994593670431646 0.08783027210332381 0.11973179201145401
1 0.315568827197031 0.10910501670908897 0.06302884890464337 0.07258407200827235
1 0.19830242234075063 0.21239255402608972 0.10877926959604131 0.1418431493475448
1 0.5752022399708702 0.09416345874440551 0.05788670783841639 0.05690452800763601
1 0.5831655041566352 0.12627652474536002 0.07557431301126591 0.07429202267663589
1 0.49189564647650313 0.1299004167329515 0.07704588479802066 0.07118520401018133
1 0.15678720909205773 0.04712154268777176 0.05498902837152993 0.06468066534054513
1 0.21028428213245362 0.0336862986950896 0.05021060015828453 0.061501121339908794
2 0.7172509991420701 0.17157193809672283 0.08857441818411545 0.09162497334499946
1 0.7034074594877692 0.20577421542804109 0.08255173871722885 0.09936474801081766
1 0.6285893159142599 0.21115151141785976 0.08513116943775678 0.08065111067790856
1 0.16922737311953814 0.018369834022908038 0.0447047462390763 0.033321577339272455
1 0.23464778463973607 0.01210220003181672 0.04429556927947216 0.019259077339272453
1 0.09295804130365366 0.10807667667886307 0.041381169437756736 0.08014203333863615
1 0.928066478688099 0.44979857745858515 0.14386704262380193 0.13617495202099902
1 0.8570255191338229 0.46606792011454024 0.1634213054894186 0.1409169960216353