3 0.05101188457623784 0.3791823858558109 0.10202376915247569 0.15836477171162172
1 0.09941958040773582 0.4694478209258334 0.0892658858421822 0.09931510339082213
3 0.3375966482864179 0.5955716350272413 0.4657143462712865 0.470959086846487
3 0.7862895755135944 0.8115026960282773 0.3859524352013608 0.37699460794344547
3 0.26444935808255005 0.3597561054577368 0.18429069836338668 0.18485880521006778
1 0.4218774229660072 0.4453405026860871 0.10667164065150558 0.10636562406898661
1 0.5785068796820964 0.5089771253073316 0.13874009618646851 0.1312586162111037
1 0.7737623267795387 0.5869331131062226 0.17248017912609298 0.15934938296032683
3 0.9053421981937507 0.5163745181924558 0.1639980457309818 0.2291524607105858
1 0.6655629355798789 0.4809484786981538 0.13679565027015245 0.12024834160399785
1 0.48923853775679726 0.4210896734880861 0.10354664065150558 0.10622007485477489
3 0.3581001543616857 0.3445549445805353 0.18848712504240908 0.17101462903138528
1 0.39028510555066126 0.8570399820079228 0.22764388347992953 0.26487594499482014
1 0.9454711464723193 0.6669224817985258 0.06977184137714473 0.1218065334984459