1 0.8992236952833437 0.06965502709281442 0.03935516587924894 0.054871590570540585
1 0.8328546508183067 0.04934683519836629 0.03913691106992552 0.048621590570540586
1 0.6674527846767543 0.653734736355658 0.1671974568009073 0.2761002353176917
1 0.7692410070867581 0.4415193726257537 0.1359623257680486 0.18572779238978612
1 0.9853843953760111 0.17093923718422763 0.016790685116542647 0.07877997146395269
1 0.7605728791339422 0.2430283686968123 0.08038195916315996 0.11294095574818704
1 0.6813169434692453 0.12270306017697567 0.05439981252120454 0.08365156203449331
1 0.6193352986413884 0.11077029446120996 0.051165685116542826 0.08038101282028158
1 0.754082320873907 0.1161940409465533 0.052455366604888455 0.07264128742738744
2 0.6903224104369535 0.043505711748552243 0.03990080290255769 0.07049659057054058
3 0.9418923449205241 0.07624747539740334 0.11261410580511537 0.14252144789030413