1 0.4366879385715796 0.5212325822218343 0.06633570533113406 0.08036211179556503
1 0.4941594577719095 0.5074949752355927 0.06178459765100204 0.08488592068857255
1 0.3764013079301941 0.5726065984639032 0.06986988229073816 0.09453373920022692
3 0.18527516890903134 0.8576884705110872 0.32699572367353413 0.2408730589778255
1 0.4485574527573446 0.5528818863055184 0.07888116943775678 0.08236112141421188
1 0.5853182845067221 0.9258332582678843 0.11880748746358769 0.1134127139724832
3 0.3413934736070271 0.6864434091710091 0.23721782132453625 0.3204663005403049
1 0.5402448475844951 0.5324751278679979 0.07125052586424747 0.08833830290255769
1 0.5609006768930971 0.4629339541842004 0.07075042069139795 0.07115080290255768
1 0.5706981918702849 0.7996527041842004 0.10463733887551356 0.16286707694917482
1 0.7163911250980952 0.7538987161651001 0.10748955423577744 0.15360120435383634
1 0.3929690308123054 0.4969518340359329 0.09919366943775679 0.0830704495445131
1 0.5704361159268952 0.6831373267795386 0.08300637978345585 0.11684524881887377
1 0.6115120938235714 0.5628322612631094 0.06008570533113407 0.0801438569862416
1 0.7838838166391756 0.9501809499230311 0.16230142319868043 0.05249506134007831
2 0.629528656439126 0.4832166831328083 0.05231866943775678 0.08143353847458741
1 0.6981255437444291 0.5293079439325814 0.056915241224511345 0.07847222958158007
1 0.7241735667056828 0.4838218291417915 0.050574313011265914 0.07512897477225663
1 0.7625768371596539 0.45980148658352 0.04377874373179384 0.05616071996293322