1 0.7981032134596037 0.221875 0.03772017589344294 0.04375
1 0.5554686107584965 0.9203125 0.136181533611828 0.159375
1 0.3833853637242461 0.934375 0.13121019072219067 0.1140625
1 0.5612371552075583 0.7359375 0.11200920456235508 0.1796875
1 0.4104214131162238 0.7734375 0.11857753954332698 0.1875
1 0.18820285630987232 0.89921875 0.1574835306460784 0.1453125
1 0.46207811912427255 0.56484375 0.10005303262324468 0.1546875
1 0.3049433928502687 0.67734375 0.11969437056996624 0.1765625
1 0.08959425996019384 0.8375 0.12086955140632508 0.24375
1 0.3508222841433006 0.55703125 0.09597302768032882 0.13125
1 0.23420778710905008 0.57109375 0.10397652866891205 0.1359375
1 0.38231768186212306 0.4671875 0.07457818874502423 0.1046875
1 0.29856476437163704 0.46328125 0.07920202174882984 0.103125
1 0.416744419999125 0.4109375 0.06268568380210837 0.08125
1 0.3394497495428895 0.39296875 0.06294035178688588 0.0875
1 0.42070240813612686 0.3546875 0.0560536818249421 0.071875
1 0.3565125741437381 0.3515625 0.05305601581733077 0.075
1 0.3842409847141418 0.32265625 0.046296679847775656 0.0625
1 0.4009045612921568 0.290625 0.04167284684397003 0.0640625
3 0.4475885603035737 0.2859375 0.09204953163466172 0.15
3 0.09899979897204818 0.62734375 0.16502009391540157 0.4453125
3 0.21625233007523711 0.3796875 0.17179538144438117 0.228125
3 0.3142348908359213 0.27265625 0.1121710306460784 0.1453125
3 0.37850829646340917 0.2203125 0.11022652866891214 0.1359375
3 0.46157546444818676 0.2265625 0.0646938527754692 0.0921875
1 0.9800270341061197 0.35234375 0.039945931787760715 0.0578125
0 0.4495556255128821 0.2 0.09875051779449713 0.084375
1 0.9795561433073793 0.625 0.0408877133852414 0.1125