1 0.12100076288581534 0.5574628143353031 0.20596015027114647 0.2258978450053421
1 0.2900739915139889 0.37348466233587 0.14463176483072288 0.1565823606144387
1 0.3161824944408551 0.3181349634243292 0.11465337334017515 0.10554565027015243
1 0.8672000937769251 0.29674366849595585 0.05198065651766228 0.07367560217691818
1 0.7867131630587659 0.2970586378259168 0.05664997579950324 0.07071429328391084
1 0.5160643197728201 0.3454316173226787 0.1021988251355733 0.11292164065150559
2 0.4860864491631194 0.25999262512722704 0.10222609621281223 0.11760914065150559
1 0.9381564466290367 0.5914683806543406 0.09306926483072289 0.15478175843752046
1 0.5659784822424108 0.22761912394610065 0.0597386143631848 0.06457342068857255
1 0.626996232831586 0.6188914538905003 0.14484993344863373 0.1940823606144388
1 0.6036784701421624 0.1945536528020412 0.05028180113146803 0.05018353847458741