1 0.2615766268139549 0.4501171329063408 0.1022564849563052 0.13182269262201593
3 0.08848743395272611 0.7316403645595765 0.148059696093427 0.4710942708808471
1 0.22033447901730346 0.8051046147559682 0.21264371865896922 0.27462833703942985
1 0.2508340404457238 0.26889894916311946 0.07299488229073817 0.09259656615858276
1 0.3148821685798269 0.2411779492613153 0.06183006175762475 0.08472043364502549
1 0.4953161631695506 0.13151608206946022 0.0423071719450391 0.05804884933607006
1 0.3489365713245362 0.31052284690018317 0.07960859514371962 0.1051329275949013
1 0.4235668467930722 0.24367116930528185 0.0633016335443795 0.08160452400410509
1 0.5670918747688909 0.1545399707313376 0.0570516335443795 0.08156816256778665
1 0.336606404394062 0.20901488905466087 0.050574313011266095 0.07371930113146812
1 0.4221119953811465 0.1936711693052819 0.050528848904643195 0.07215680113146816
1 0.3704896594086269 0.16506035597536944 0.04244356426490725 0.06273634933607006
1 0.4215065901291547 0.14601037412574208 0.04221624373179385 0.054923849336070064