1 0.0845724541432106 0.5235991945291666 0.14069100405718976 0.186012848023889
2 0.6670533120954344 0.1711170533835411 0.03853639448011279 0.060247822188333355
1 0.3379450957839497 0.6824786595755553 0.14452511606989865 0.22671058320625015
1 0.1464200689985885 0.7384780056995832 0.17292285145940203 0.24299019984750014
1 0.23903958604142178 0.3536652881846526 0.0846398271096728 0.1066149823325695
1 0.719905576705931 0.18550555528340218 0.03522047970746058 0.04923758700597221
1 0.774361251624853 0.1975139395920827 0.04160684740221221 0.057195557370694504
1 0.47730719927194665 0.34890048052961764 0.07871710957707681 0.12521951196784728
2 0.7328634983784422 0.24845949696277714 0.051418224025417736 0.08241376291777787
1 0.4292884849857616 0.2812960596518052 0.059230724025417555 0.08259560087368065
1 0.7800815974055075 0.40667073404499937 0.07663641233702059 0.09549564437666672
1 0.5243652057647684 0.2478458203853815 0.049664809252765355 0.0714398953265973
2 0.49892092086173234 0.18440156943545097 0.04497730925276535 0.07133079255305556
1 0.7040979756535661 0.5989868270348953 0.10873189204448082 0.14466049620027785
1 0.4500703636375619 0.1644533985576385 0.03681025324641087 0.05083645459715278
1 0.9129314590144745 0.6698766360211102 0.12969895697928918 0.18263327488562525