2 0.31171875 0.73046875 0.13046875 0.2609375
1 0.3734375 0.3203125 0.05 0.071875
1 0.3859375 0.19140625 0.03203125 0.04453125
1 0.44140625 0.190625 0.02890625 0.04453125
1 0.64765625 0.175 0.03125 0.04296875
1 0.71796875 0.18359375 0.03515625 0.059375
1 0.62109375 0.24609375 0.03828125 0.06328125
1 0.77421875 0.29375 0.05234375 0.06875
2 0.87578125 0.28671875 0.06171875 0.08359375
1 0.6359375 0.346875 0.05234375 0.08125
1 0.7671875 0.4109375 0.06484375 0.09453125
1 0.87421875 0.403125 0.075 0.10703125
1 0.72734375 0.73828125 0.11171875 0.2