1 0.61328125 0.15859375 0.03515625 0.05546875
1 0.63203125 0.26640625 0.05390625 0.08359375
1 0.41171875 0.16171875 0.03515625 0.05546875
1 0.47578125 0.12109375 0.02890625 0.04453125
1 0.5234375 0.09609375 0.02734375 0.040625
1 0.63828125 0.3703125 0.075 0.1109375
1 0.8265625 0.540625 0.12734375 0.178125
1 0.50625 0.07109375 0.021875 0.03359375
1 0.78828125 0.84375 0.190625 0.27421875
3 0.93046875 0.44453125 0.13828125 0.40546875
3 0.74453125 0.28671875 0.13515625 0.28125
3 0.328125 0.2984375 0.121875 0.26328125