1 0.5672603931777979 0.12528582422810325 0.03243206677218975 0.04244510523343701
1 0.6213712316575999 0.11511489270042445 0.038909387305303154 0.050621626280124364
1 0.21331807310690287 0.4687899844267459 0.09072795157021032 0.11603379465362344
1 0.040455543448478216 0.6968148158414852 0.08091108689695643 0.20040879465362343
1 0.3875498803121811 0.6458243793344833 0.12576819279472176 0.19450740514873247
1 0.28772234270294417 0.32406974765151275 0.06307431301126601 0.0769867052052021
1 0.43508542451882865 0.4059582425310152 0.074875631037097 0.10731124203690498
2 0.32269908478538534 0.4086043713713884 0.11037051332783517 0.20140985253201382
1 0.6732292483506473 0.10195546906525343 0.03721049498543501 0.04584312101845254
1 0.18148906307777302 0.3832921001835266 0.07299488229073817 0.09628273677523325
1 0.5983763493668618 0.2084854611021585 0.052000420691397944 0.07166216837349912
1 0.7306492917658721 0.16568476912172317 0.05030152837152997 0.06688366311182734
1 0.7032002416867298 0.1977006085701446 0.051954956584775405 0.07009966837349917
1 0.37302935688870914 0.2871242135212329 0.058568669437756696 0.08296368942018653
1 0.7691040380049484 0.13068814284159877 0.0454321719450391 0.06036064732681181
1 0.40683370704699373 0.22432110565696 0.04377874373179384 0.057144642065139986
1 0.45810069035394624 0.231474182021789 0.050346992478152684 0.0684461631118273
1 0.6905852667595545 0.416814629616832 0.09894962852981451 0.13055132096198285
2 0.8188011949727997 0.40622719815974034 0.12406930047485361 0.18972889988706054
1 0.875978512140701 0.21025527452456932 0.07423913354437914 0.08543624203690507
2 0.8588840080505727 0.7977552745245694 0.21279683135366625 0.23701269454068416