2 0.45217397483619665 0.22972228256895563 0.14269778896022595 0.123660733209777
1 0.6371331761334428 0.4485516720393349 0.0977671185055307 0.14395338584218215
2 0.6590376294625793 0.27208094127662863 0.06279210064862309 0.10837798439090332
1 0.7357364971573309 0.28256706269084053 0.06553527110331832 0.08661211179556512
1 0.9278069947216989 0.3720363343752049 0.07658186525911966 0.09324405771188111
1 0.9038864793004233 0.25408494254257297 0.049528441558013725 0.06419147477225655
1 0.8776512617678275 0.27190735960294843 0.0652079886359143 0.06786211179556503
1 0.8498574983751469 0.24517124481215843 0.05259889448011279 0.06117560217691827
1 0.8610035040571897 0.21276797257963986 0.04311480032431163 0.054598219962933035
1 0.8250796408266649 0.21229425742603017 0.0446227532464107 0.05152778366526398
2 0.8104989435866085 0.18211568410505247 0.041688668019063256 0.06235615626060227
1 0.7970131420444809 0.16993314263524018 0.03837275324641087 0.051309528855940555
1 0.9342303185849609 0.42691480733336296 0.09261596834337489 0.11722719473518968
1 0.7133745275961401 0.20917420270937398 0.04322389448011279 0.060848219962933124
1 0.6597722406645092 0.17997528683012487 0.04001707386326192 0.05605159255827137
1 0.6999063169634031 0.1532689430907271 0.03522047970746058 0.049637901451278846
3 0.9586949358759707 0.3224827676776492 0.0826101282480586 0.19987600362819702