3 0.49500096613514166 0.48359375 0.109430583916172 0.278125
1 0.6568939956001958 0.91640625 0.14472266842151918 0.1671875
2 0.6481941438282389 0.4953125 0.056868144417413904 0.10625
3 0.5876424632082754 0.42734375 0.07750789734428025 0.1625
1 0.655788475210328 0.4578125 0.04726588544042354 0.0671875
1 0.7367526497801672 0.54296875 0.07721700585373252 0.1125
1 0.615590201206223 0.396875 0.033103391490547904 0.05
1 0.6672981469514967 0.421875 0.03619203005422946 0.04375
3 0.5339311350476401 0.3265625 0.042751102262936234 0.096875
1 0.6027129513044187 0.33203125 0.018913626463433177 0.028125
1 0.517383984481906 0.30234375 0.014217036104353476 0.0265625
1 0.5690237525340829 0.315625 0.02361930718159222 0.03125