1 0.3641289313865045 0.21054464181121557 0.07688028939195171 0.08761040919430566
1 0.4683004918957307 0.23091365282913232 0.06777830517696729 0.09207970364722229
1 0.550293944540684 0.21877863516170182 0.06741428413027979 0.08582970364722228
1 0.6793143156297238 0.18355226282086862 0.04913472099021767 0.06667966014423614
1 0.7786380233951746 0.3216172669049312 0.0778813472703419 0.10479790919430557
1 0.5487020814853265 0.1110752379352435 0.04242969468185844 0.05872168977951393
1 0.6770223154885494 0.33173518968260474 0.0930359104104042 0.12387521751493065
1 0.5710089919663179 0.15918608282500046 0.047845236775233245 0.07133079255305556
2 0.5286325051910847 0.08798257684107683 0.046100726251889414 0.06816942496187503
1 0.8194512811465081 0.4731440525241326 0.13528359456891897 0.17947190729444457
1 0.6928964864222974 0.45693521143409777 0.12701606826055975 0.1714775693385418
1 0.5867558183311468 0.10805999391916717 0.03756018415851479 0.05548758700597225
1 0.9118789457502213 0.7979278066081952 0.1762421084995573 0.2873584488975697
3 0.9117026104245216 0.40310626908913266 0.17659477915095678 0.34033797853284753
3 0.7334403735081141 0.20197626092100754 0.12323862087727822 0.18699346656500015