1 0.725 0.1765625 0.03125 0.04609375
1 0.65234375 0.2640625 0.04140625 0.06640625
1 0.73046875 0.28203125 0.05234375 0.0796875
1 0.27109375 0.44375 0.06953125 0.10703125
1 0.38125 0.3546875 0.05859375 0.09609375
2 0.459375 0.4015625 0.059375 0.121875
1 0.825 0.2046875 0.03984375 0.0515625
1 0.76953125 0.23515625 0.04765625 0.06640625
1 0.5 0.253125 0.0375 0.06484375
1 0.85234375 0.35625 0.065625 0.08515625
1 0.38828125 0.23046875 0.034375 0.05703125
1 0.79453125 0.82890625 0.13046875 0.2109375
1 0.46875 0.18125 0.028125 0.04609375
1 0.9703125 0.896875 0.059375 0.159375