2 0.2879597144777078 0.6409771417478141 0.1931395894745142 0.3830010168750409
1 0.4542484760643054 0.13713783521705925 0.07532861474138901 0.08381449400955021
1 0.6970743685411112 0.013159676594204283 0.040226262917777686 0.026319353188408567
1 0.5559564464290276 0.12734119456555362 0.05835932028847228 0.09258929328391079
1 0.5572474959159374 0.07187244456555361 0.04683993882958326 0.06720734736759482
1 0.6429096261405554 0.21485606353269482 0.07293096656500016 0.11495536660488855
1 0.7270878704409721 0.05267103286265575 0.05160017401194459 0.07049603847458738
1 0.6208378704409722 0.05638136462115395 0.04378767401194459 0.0702232199629331
1 0.8819916163569095 0.13859363077840475 0.08212412860909737 0.10747024881887364
1 0.5581930532866319 0.031589745422344655 0.04051720364722229 0.06317949084468931
1 0.6070487805852084 0.022540883036216392 0.04058993882958326 0.045081766072432784
1 0.9501584284772567 0.22832576417351622 0.07969011284152785 0.13704862141421198
3 0.4496895690542013 0.07378469646447015 0.14124586189159735 0.1475693929289403