1 0.3470309692075512 0.9161512195834061 0.23608404535327177 0.1536946159934022
2 0.4129325206079118 0.42065085147843284 0.14960220003181668 0.238648626022532
1 0.6524302779280943 0.51052437905854 0.1464226560311804 0.23387019780928675
1 0.7090386453294093 0.018926878596321493 0.047547709341181486 0.03785375719264299
1 0.4698386906429102 0.1612698397999503 0.08068747334499946 0.08825616943775669
1 0.6866636586569095 0.05187079308602031 0.06035679201145392 0.08610263605166188
1 0.5524244713160462 0.11122672420225954 0.05875792934436319 0.08293217194503918
1 0.5308131006524552 0.08920697169497707 0.05078179734245421 0.0686423514119258
1 0.6184852759786829 0.13898199967079558 0.06675224267981754 0.0987844924781526
1 0.7606091413112738 0.14031351596813163 0.08244996801399936 0.10548913354437942
1 0.5898341119907732 0.05078331769662654 0.049219297342454026 0.06859688730530311
1 0.9430029232972743 0.2380964834399666 0.06264654535327167 0.14864810015828453
3 0.42827844665022796 0.10859112067876268 0.16620789735836256 0.18914873119538153