1 0.5232166816113887 0.11615402872127363 0.04233427678548622 0.07556656603337357
1 0.6205748055677426 0.4926169521724505 0.12031641926229178 0.20762214947960161
1 0.6099165946054166 0.14594334803400752 0.046985409194305564 0.0742497274987628
1 0.7064084284772567 0.22437820726083313 0.07747299620027785 0.11018058344622812
2 0.5469081015392707 0.13754102781676247 0.061920731382639004 0.11248671189493056
1 0.5988167468658679 0.08644219527504553 0.045022865691319504 0.05698034034363304
1 0.7684376094230554 0.1407568017883377 0.06137521751493065 0.08904921189493056
1 0.8345165511024305 0.15133909769532322 0.07075021751493082 0.08954053482570909
1 0.609173671827743 0.04376337234426702 0.03862739532659738 0.05040279172311405
1 0.650325348689479 0.0525308627333286 0.043605836056041625 0.0631484531885033
1 0.9564415300165274 0.37747779455224845 0.07053331838861113 0.14727114767057933
3 0.5710930967896181 0.01712612675325148 0.03731946846486114 0.03425225350650296
3 0.4350380022811107 0.45162121721045584 0.2501195541396532 0.5546343475797222