2 0.545110518617361 0.12531016937124972 0.05323540919430556 0.0733753155185485
1 0.6038497389820833 0.12076507336960027 0.04825696846486131 0.06073892319868044
1 0.2991108475521173 0.8804580413036536 0.21664721181534735 0.23908391739269277
1 0.5747239770142359 0.19653195150370334 0.06609908510611114 0.08936402837152997
1 0.20958144776020782 0.6018138672470433 0.1548005220358335 0.21061455423577727
1 0.7310668556233333 0.09632266600603744 0.054761541603125075 0.07185827962517115
1 0.7220879798640276 0.28056127368616945 0.10138327488562507 0.12942673871722885
1 0.689237152641701 0.3820184736070271 0.10167421561506948 0.14192673871722894
2 0.3144579710303123 0.2272661598043383 0.06311955547083344 0.09552310015828454
1 0.8315376746775346 0.17976931498982304 0.08012521751493047 0.08821070533113406
1 0.9207060113991664 0.3457556793338726 0.12093336189159735 0.1643473079967011
1 0.2259046173068401 0.2027997057268455 0.05145470364722229 0.06395485141192578
1 0.9365212349949299 0.8418638011997694 0.09408122758291668 0.21821645407749274
1 0.033626198328888725 0.47455137061225566 0.06725239665777745 0.14910274122451134