1 0.31218914575001533 0.63203125 0.11469102103089916 0.13125
2 0.3091416316165212 0.79453125 0.18084936680159913 0.3203125
1 0.3707286640673811 0.5734375 0.08525582654882306 0.10625
1 0.38875604703863925 0.46796875 0.06305992198083885 0.0703125
1 0.44093602272837984 0.47109375 0.06823874491161738 0.0796875
3 0.5063220053155253 0.50546875 0.11763895861557021 0.1875
1 0.601500629241672 0.6421875 0.09182673111680746 0.1421875
1 0.574700191091174 0.49765625 0.058290534825708916 0.06875
1 0.6181326085494571 0.5484375 0.06873006784239592 0.0890625
1 0.32240070669500626 0.51171875 0.06873006784239584 0.0890625
1 0.5509694419956852 0.4734375 0.05195864767057934 0.0671875
3 0.6490284837187993 0.4359375 0.11280097241038015 0.125