1 0.32035136929204927 0.9000291822769789 0.19864329715018095 0.18721297853284752
1 0.2761498264372815 0.5374395697197915 0.13606140999505117 0.18419577488562505
1 0.18233230664957772 0.42179834555534707 0.10581398801421238 0.11326502583555573
1 0.3361168051792397 0.24187184337114553 0.07703389077317438 0.10011040919430565
1 0.4054842808689802 0.24337848556361075 0.07415455223856356 0.1047251740119445
1 0.23602827397157525 0.21611073679788176 0.049986711894930556 0.06046602773541672
1 0.5890680647901781 0.19462859498666618 0.07431832654882306 0.1078501740119445
1 0.546164591813971 0.11993837272208285 0.055411196291098364 0.07463763050895836
1 0.6342378018998793 0.10696428761597168 0.05154921189493056 0.06050239532659729
1 0.7135568097017955 0.11214079046576328 0.05944359905006032 0.062246733282500036
1 0.6949495725920942 0.19918684878638832 0.07983134215265544 0.09393314437666675
1 0.8162314303485818 0.11833427944784654 0.07448874491161739 0.08132404160312508
1 0.8414217808689802 0.2332319276242354 0.08797139077317447 0.10036498233256949
1 0.6922904828142882 0.4434817094437147 0.1305550384437538 0.16846167211208343
1 0.8474250401412343 0.41646200171242986 0.13820376413349428 0.1655185100679862
1 0.8392518554972395 0.8255278771873951 0.20341268430531087 0.18888458130638916
1 0.9480292277259054 0.357939027263645 0.06592597241038015 0.12638196846486113