1 0.6330392875661606 0.1963333747023838 0.026719008897248563 0.042914925705962934
1 0.6878222880604522 0.20026836843417764 0.03303267589344294 0.044659282132453626
1 0.6427299639538951 0.2426544452354972 0.041736513840164594 0.06676160266556704
1 0.7486961210642578 0.20047896859246217 0.029907675893442943 0.044568353919208194
1 0.8029379520908971 0.19113271232425602 0.03277800790866543 0.03840928213245363
1 0.7662311309500895 0.24780860965868898 0.043299013840164415 0.06680706677218975
1 0.7386764753226016 0.29928854163285806 0.049867348821136304 0.07480142319868044
2 0.25305328760334167 0.5801207236735342 0.14902372631118482 0.2868133413827959
1 0.6745622371855997 0.3536063171013941 0.06026102076024671 0.10007420783841656
2 0.807004664067626 0.40584007000438793 0.07390702669174587 0.12856292069139813
1 0.8795044051703773 0.3658121150689653 0.05956068380210837 0.08288670783841656
1 0.8982743098092822 0.30939463050837157 0.058924013840164234 0.06726170783841656
1 0.7452553750557716 0.6139504352063673 0.09297536167271758 0.13692098997087002
2 0.38153779596911763 0.22881193942950945 0.03873884783255317 0.06979567445232168