1 0.17705072911243858 0.5295824399897373 0.11763276385373889 0.14439541549465282
1 0.20689239453775404 0.666946084603543 0.1609161910658786 0.23524767447164335
1 0.6650749981379731 0.20243659436610034 0.03506851282028158 0.04862839754067201
1 0.48202071132975827 0.3996484585328933 0.07526117328319834 0.10665906615858275
2 0.39655193817039447 0.3430989975641131 0.09394270678164433 0.17237496974937905
2 0.39799881410140786 0.23993763612779465 0.04695208271265772 0.06900453005422928
2 0.4492552531003719 0.2834012898167867 0.052658427212139716 0.0909068011314682
1 0.537226133993784 0.25944563934924847 0.04680653349844608 0.06587953005422928
1 0.4704003529765374 0.23404618443059239 0.04175516046291676 0.05803975897699045
1 0.4493943401562558 0.1857177687395478 0.038411836641599174 0.05333407825883123
1 0.3973588052100677 0.17586150058917518 0.04026543507002263 0.05959316861791084
2 0.771669832088976 0.7629059408735002 0.1715669007430069 0.29623062626704133
1 0.5588421147633617 0.18664394360397457 0.03677656203449331 0.051762487899751575
1 0.510186290942044 0.1822382447354427 0.03343323821317572 0.0470568071815924