1 0.4419625889543113 0.5580280779884538 0.0654877630835923 0.07989810015828454
1 0.49523950739839756 0.5354005717202476 0.06089126834526439 0.08132420783841639
1 0.40088953889784146 0.6161073509497074 0.06915879465362344 0.08936402837152997
3 0.26117938069475016 0.9304376577592741 0.3191279735504664 0.13912468448145177
1 0.4630864310335686 0.5859401293212374 0.07798776308359248 0.08026181301126592
1 0.6848520991247191 0.9317574315119506 0.12730449459715382 0.1364851369760988
3 0.3955334519390817 0.738399888096726 0.23500912073610386 0.33908654671392996
1 0.5445415573842801 0.5516537090255508 0.07044827886860805 0.08472199247815268
1 0.5475230732398828 0.4823270475053528 0.07100972099021767 0.0675799565847754
1 0.6386911887143149 0.8156683964099962 0.11084503669052861 0.1623301669304741
1 0.7801282598174721 0.7667488262725941 0.11856653142885669 0.1609949874635877
1 0.6123723414439729 0.7119523630239013 0.0902749314570915 0.13053459765100203
1 0.6168561731410609 0.5880745938235714 0.06116428413027997 0.08601170783841657
1 0.9101097043581561 0.9764313663226065 0.13674113680346806 0.04453491316955045
2 0.6147938732257654 0.4991030220368168 0.05307876834526439 0.08109688730530315
1 0.6888074968750539 0.53791312094146 0.062271757821920556 0.0782446719450391
1 0.6976595811323907 0.4890353517411302 0.05593075256024882 0.07650031551854859
1 0.7224929811606255 0.46012074155371574 0.051713689420186525 0.05765938730530316