1 0.3028384985171252 0.0045357211860438925 0.03494800296574958 0.009071442372087785
1 0.2437672460456673 0.01677266842610035 0.03746550790866543 0.0335453368522007
1 0.23021408201522245 0.004374944197164127 0.031759335969555116 0.008749888394328253
2 0.5284380874152488 0.3662900584452816 0.13452087452429887 0.19752165665497756
1 0.26872218920213475 0.283385649758414 0.0858340237259961 0.11391822402541774
1 0.15477509433533107 0.34002320779336326 0.09421952669174569 0.12811709172016936
1 0.36238991205327853 0.01888172910020019 0.042407675893442943 0.03776345820040038
1 0.31154104197760385 0.19051631128465546 0.07413251977166349 0.09497730925276526
1 0.19967771193954778 0.17685500608907995 0.06919035178688597 0.0886454886359143
1 0.34951056866934954 0.06338106696669835 0.0487850098858317 0.04769320616851021
1 0.3944874876427103 0.05166627110661365 0.0555443458553869 0.06030230032431157
1 0.5067155736122654 0.03721621307166434 0.052228344866803764 0.055560253246410875
1 0.06853514129303186 0.11903064366933402 0.04636034684397006 0.06482615909060954
1 0.5275307979091028 0.15864119967898374 0.08730368182494211 0.07334777110331836
1 0.7832913665784526 0.22365867898270247 0.12725751977166339 0.09590460957707689
1 0.08083882311797386 0.04699200243563198 0.034658842889637366 0.04588524431795714
1 0.8281953482896638 0.3095319492752419 0.11813718775644091 0.1019909683433748