1 0.6521886613224096 0.08426852009528021 0.04767497867599957 0.06902271077238856
2 0.682084699315728 0.13366453209733276 0.06369996801399935 0.10348861436318471
1 0.7442017966263654 0.3012247368195971 0.08744655068427196 0.13018746974937895
1 0.08944102394972958 0.854451671544777 0.17888204789945916 0.22765334308955404
1 0.0864603799331849 0.4927238311856975 0.13968176002545335 0.18829995159900648
1 0.12930076591345854 0.6382954064194666 0.18097946936663484 0.24634880093507636
1 0.36170746996341074 0.2716538488450907 0.08739200668363552 0.12549996974937905
1 0.33135744597391026 0.19412829166349838 0.0824317866804539 0.10203519867214013
1 0.42877788598027367 0.14781689392643468 0.058776110677908555 0.08314884328594588
1 0.4568285186187294 0.35580665592848726 0.10189085868872638 0.16308178298109555
1 0.38948866665340975 0.09992883976990444 0.05397952267663593 0.07374657220870699
1 0.46957615599140945 0.06601744808296493 0.04287839067472685 0.05962043969514967
1 0.5184858233211369 0.0928662943939729 0.04296929734245403 0.06743293969514967
2 0.43552841999522746 0.037692460183213344 0.04769316000954511 0.07058521077238854
1 0.4942221673297274 0.029439598648699012 0.034956802673454135 0.05019998789975159