1 0.812379084619684 0.37460328446787217 0.05857611600890848 0.06764385698624169
1 0.022354615969137785 0.5297792692372937 0.04470923193827557 0.1501835384745874
1 0.20476493726132147 0.5378348498146656 0.1914624360279987 0.21285220798203355
1 0.8642683012810478 0.41549366849595587 0.06498974801081765 0.08192461179556502
1 0.90807229793923 0.47954873401238524 0.06980451734563572 0.09302580290255769
1 0.6648671906031393 0.4913765782999372 0.10450678134945371 0.12235120435383635
1 0.6639303045830948 0.6390601101511025 0.1394635840229082 0.17355160580511536
1 0.6077739479630926 0.2932094076113646 0.0616829346753633 0.0661904843909034
1 0.7294307719605473 0.3162153763931714 0.04911020934118149 0.05950397477225655
2 0.6375110658816417 0.8812053930985764 0.22954423870145285 0.23758921380284725
1 0.8358662025382332 0.9598165211362103 0.12312951201463562 0.08036695772757944