1 0.5482915333738789 0.18175394916232862 0.04251475292686635 0.05796900889724856
2 0.2658905611886131 0.6367638068435325 0.1293067466803503 0.20834569368794006
2 0.24298991325515767 0.4092144684025195 0.07562723477649361 0.11086851581733086
1 0.1711330939733169 0.40316078657757737 0.07399201190385667 0.0983048488211363
1 0.6472739340378089 0.22642180342067247 0.056695427594901204 0.07885451186299805
1 0.3461421843323965 0.40872899015134934 0.07560905405833437 0.10774351581733085
1 0.3053813498270494 0.2961043147521979 0.051953385440423536 0.06928851087441493
1 0.7186813014260557 0.1754124017475173 0.04722952400410509 0.0628475098858317
2 0.2334699883907309 0.29942563292725594 0.05516019867214013 0.08347834486680376
1 0.3608864612633679 0.2921144931170988 0.059847698672140126 0.0836693458553869
1 0.6231001149523598 0.3520292984777566 0.07086701190385672 0.09817751482874763
1 0.44259552439688854 0.2165189269192072 0.0441045240041051 0.06272017589344295
2 0.38327506655136623 0.2047245810638203 0.05208065046753818 0.09116351087441492