3 0.10946913638729702 0.25676233435073925 0.1631260355889943 0.1769387155129752
1 0.16931632167228014 0.3479915219354103 0.09033052273741302 0.11231629353213642
3 0.40793710577839964 0.5218705144721785 0.527803936805039 0.5172383254171693
3 0.8618566487445868 0.8284580291714996 0.2762867025108264 0.34308394165700096
3 0.3525015533834914 0.2710582869734156 0.20588653855474384 0.1932121687014785
1 0.5099240756266129 0.3845519781761314 0.11670202174882985 0.10902087516934209
1 0.667109175930624 0.47308661295641186 0.16185269566510635 0.14568871551297527
1 0.8539008631927736 0.5803236601065929 0.19067803262324504 0.1643501843053107
3 0.9508488700756746 0.5205535916983701 0.09830225984865067 0.2512083751693421
1 0.7514059214819997 0.45645571291098336 0.1567195266917457 0.134505554047586
1 0.5800309871855998 0.36405909373453504 0.11507585475263546 0.10737648801421243
3 0.4605541339158391 0.2634681942549334 0.19099636760421673 0.1721626843053107
1 0.08855841159616798 0.3749424462910983 0.09332818874502422 0.10935506784239583