1 0.26084085171358207 0.5803061652982612 0.15503970798203354 0.18992608411256368
2 0.1978596358421822 0.0964442497054124 0.04253472958157998 0.054923849336070064
1 0.4881027561600858 0.5792850625443455 0.18560022721932726 0.21509880093507655
1 0.2017758426430894 0.36516243344863375 0.09299108656782167 0.11301815046753827
1 0.37474955117327713 0.35289021330647136 0.14322918874473983 0.1648624515990063
1 0.26243056733052794 0.08900899960721656 0.04366071996293312 0.04243293969514968
1 0.16896330952597963 0.11892778288289967 0.042425602176918265 0.05179884933607006
1 0.22719496097725847 0.1536345809893057 0.06155754809323426 0.06284543364502548
1 0.04953129636395372 0.34474941861791086 0.07207838584218221 0.09571247579950323
1 0.41811013765628074 0.14068564997655889 0.07093254809323427 0.06289997579950315
1 0.41297869355406325 0.1726805385402404 0.07254961179556503 0.06447156615858281
1 0.41434278611233466 0.2117430385402404 0.08214286660488845 0.07077610831306051
1 0.5592435691446265 0.1336958274732643 0.08225199400955016 0.07390110831306052
1 0.6233531983633867 0.180153191836449 0.10618056733052797 0.08809996369925477
2 0.05909972540522872 0.171402822208707 0.05407243030721935 0.07217498184962742
1 0.015332367237860694 0.1930187469749379 0.019097229581579955 0.05478749394987581
1 0.016765892465604164 0.14459942769309714 0.025238102176918242 0.05169885538619425