0 0.36484375 0.18046875 0.14296875 0.159375
2 0.19609375 0.19296875 0.078125 0.08671875
1 0.38359375 0.28671875 0.084375 0.08515625
1 0.27734375 0.26328125 0.06875 0.08515625
1 0.97109375 0.37109375 0.05703125 0.0796875
3 0.59453125 0.24453125 0.26640625 0.2484375
1 0.81796875 0.33828125 0.10625 0.10703125
1 0.54765625 0.375 0.10859375 0.109375
2 0.39921875 0.34609375 0.08046875 0.12421875
1 0.89453125 0.31796875 0.09765625 0.1
1 0.81015625 0.25625 0.0875 0.08671875
1 0.7234375 0.24140625 0.0625 0.0796875
1 0.5234375 0.49609375 0.11875 0.13671875
1 0.846875 0.68203125 0.18125 0.1890625
1 0.72890625 0.196875 0.06484375 0.0703125
1 0.65078125 0.1890625 0.05625 0.06875
3 0.95390625 0.50625 0.09140625 0.27578125
1 0.78359375 0.91953125 0.184375 0.1609375