3 0.47109375 0.50078125 0.075 0.25390625
2 0.76328125 0.82578125 0.15234375 0.30390625
3 0.59609375 0.5953125 0.11328125 0.33359375
1 0.79921875 0.74140625 0.10625 0.1703125
1 0.63828125 0.53203125 0.04375 0.08515625
1 0.72578125 0.571875 0.06328125 0.09296875
3 0.490625 0.37421875 0.03671875 0.0984375
1 0.58515625 0.37890625 0.01796875 0.0296875
1 0.546875 0.365625 0.01796875 0.03125
1 0.52578125 0.34296875 0.015625 0.02421875
1 0.5421875 0.40703125 0.02421875 0.03515625
1 0.5546875 0.34453125 0.01640625 0.0203125
1 0.5390625 0.33828125 0.01328125 0.0203125