1 0.8746032182336526 0.8305876689090314 0.25079356353269483 0.322018718658969
1 0.1398561628840242 0.0938218593294846 0.0356299651536097 0.036937710345698996
1 0.16034971215838478 0.0772481247688908 0.035739092558271415 0.04006271034569897
1 0.2268824477304145 0.06045308135366608 0.037247028855940556 0.03854567445232167
1 0.2578944117877159 0.5015327224198929 0.1276587524470707 0.16917120031656907
1 0.21101440027015247 0.12008649412750524 0.050074411069925696 0.048284387305303114
1 0.3095337458236488 0.12529448284473416 0.05492560217691826 0.05310827962517113
1 0.1992386304847046 0.2969074069013444 0.0830704495445131 0.09919366943775679
1 0.3198636106144387 0.15291101748447025 0.05029266587924912 0.05453438730530311
1 0.0842733401960187 0.2006879732778227 0.0537996117955651 0.0655628155185485
1 0.44566470798203356 0.2018379139609734 0.08058036660488846 0.07258570533113406
1 0.5207639117028979 0.18451167313217343 0.08252481252120454 0.08356866943775679
1 0.5739062698702659 0.16420518481065594 0.07929068511654283 0.08035274122451139
1 0.6261582506329721 0.14075096443582708 0.08381449400955017 0.07580163354437941
3 0.0343799784004536 0.13523881802583093 0.06384922359113018 0.12985263605166186
1 0.09559029691210788 0.14482441818411548 0.0471676658792491 0.05444345909205772
2 0.8326562764936879 0.22090278035008698 0.1481696598887993 0.13074519780928667
1 0.8932812963639538 0.3701730061351921 0.17818454210278462 0.14098401583511766
1 0.9577331767638402 0.33848874861334477 0.07752977767481398 0.119324313011266