1 0.43212998903723604 0.7084740494190995 0.10753001778268026 0.13285534946188077
2 0.4876309340320561 0.9170719917278323 0.17101462903138528 0.16585601654433546
1 0.4700794451997078 0.6361838265074047 0.07696922249741008 0.11272263192686935
1 0.44558025123834516 0.5118730312221345 0.06094180810555194 0.06988016046291676
1 0.5005395789886041 0.5035190297743923 0.06770123035529281 0.08110875889134021
3 0.5680417562007438 0.5970914013621795 0.13991448635114895 0.2590925177826803
1 0.8558500870513747 0.8770677878394176 0.15873726095825483 0.2458644243211648
1 0.6277763211307212 0.5406273856464139 0.056472631926869354 0.074349336641599
1 0.7526393881276132 0.677408255786459 0.09688361621110371 0.1385959272121397
1 0.3987459466474499 0.5775129937947471 0.061669554176610485 0.08550516046291676
1 0.5798289727022977 0.5321577601296852 0.0690454065339754 0.0764940334984459
3 0.6619821931327932 0.4549103635205074 0.1117466368892682 0.1564383986760925
1 0.7437030740262054 0.4353299176971179 0.04302656203449331 0.05345463978475244