1 0.4046875 0.52578125 0.05078125 0.06484375
1 0.45703125 0.509375 0.04609375 0.0703125
1 0.35625 0.578125 0.05234375 0.078125
3 0.184375 0.8953125 0.29296875 0.209375
1 0.41953125 0.5546875 0.0625 0.06640625
1 0.575 0.91796875 0.09375 0.1640625
3 0.33359375 0.68515625 0.175 0.27421875
1 0.5015625 0.52890625 0.05390625 0.071875
1 0.51484375 0.4640625 0.05703125 0.05546875
1 0.55078125 0.77578125 0.07578125 0.13671875
1 0.6859375 0.73125 0.08359375 0.1390625
1 0.35234375 0.5109375 0.084375 0.059375
1 0.54140625 0.671875 0.06328125 0.109375
1 0.565625 0.56015625 0.04765625 0.071875
1 0.76640625 0.9546875 0.125 0.090625
2 0.57734375 0.47890625 0.03828125 0.06875
1 0.6421875 0.51953125 0.04453125 0.06875
1 0.66015625 0.475 0.03984375 0.06328125
1 0.690625 0.4515625 0.0375 0.0484375