1 0.06999584672656528 0.7163549001238345 0.10571175705962899 0.25458480024766905
1 0.13924228872986416 0.6025514193542568 0.12701244404836295 0.18223891935425698
1 0.5065340549606933 0.931935012405997 0.1670009465556454 0.13612997518800612
1 0.3514540983759179 0.8706786428851242 0.16959240063313832 0.2513185591390091
1 0.1296783867765777 0.8369435359796453 0.19143865690134437 0.1977226782455972
1 0.40684497736795083 0.6828918525622527 0.13835912100796702 0.19681084160399784
1 0.5326753546441241 0.8245057719165094 0.15135922618081654 0.21458053846084474
1 0.23422451662654042 0.48838621960192585 0.13133623119538154 0.1699572431755744
1 0.23050143771364978 0.7090069346557378 0.18521740063313832 0.2520463052100677
2 0.30152802540202905 0.41506218961813646 0.12191576708875881 0.16795809553293922
1 0.5386716388881487 0.6820100568626976 0.11933633636823089 0.18656254631872765
0 0.5910200859060126 0.5237288300220614 0.1283309031404208 0.227551419354257
1 0.3315601693712497 0.5623567206353831 0.11856344655564541 0.1600000463187275
3 0.26920360721791353 0.32305447208312527 0.22679714687221458 0.28675094499481996
1 0.4506832762599588 0.2589492384180635 0.051864028371529966 0.06639128742738745
1 0.35756376207419394 0.2226242865988179 0.06105717194503919 0.060577935070022626