3 0.4828125 0.1609375 0.090625 0.26484375
2 0.9203125 0.74140625 0.159375 0.41328125
1 0.64765625 0.459375 0.09609375 0.1796875
1 0.61015625 0.26640625 0.06640625 0.10390625
1 0.58515625 0.14140625 0.04296875 0.06328125
1 0.76328125 0.05859375 0.03984375 0.04453125
1 0.61328125 0.090625 0.03671875 0.05703125
1 0.53671875 0.059375 0.03125 0.04609375
1 0.70546875 0.1015625 0.04609375 0.06640625
1 0.49375 0.1359375 0.08046875 0.06484375
1 0.82734375 0.171875 0.06328125 0.078125
3 0.39609375 0.7875 0.3359375 0.425