1 0.2595576938654153 0.9850964729301733 0.1423874946689999 0.02049695079743046
1 0.16195762989341397 0.781173998765729 0.1732033320337257 0.25240156743868064
1 0.6417500533100011 0.15689155243361058 0.04920111600890866 0.06675239532659724
1 0.37251551125877613 0.540399609138715 0.11135676535645356 0.172858231382639
2 0.3096807986155478 0.36925261417270805 0.08753745735199914 0.13950021751493064
1 0.583483019971365 0.19729965330729118 0.04920111600890866 0.0667523953265973
1 0.24007737062382012 0.30995165577583317 0.06664315467854483 0.08902743882958344
1 0.7342188166375013 0.19769643075836743 0.06506247334499946 0.08742857123840286
2 0.807475050644501 0.14444283776847155 0.06982269867918127 0.0937876740119445
1 0.6768677512730937 0.42787554644968695 0.09371473201781733 0.13339568787965278
1 0.3725818826384558 0.19908427811666635 0.05081816000954502 0.07147626291777778
1 0.7908944359484569 0.3611763960890966 0.10149086935072642 0.13045252583555556
1 0.4412415233131828 0.13812728790031212 0.04289657200827222 0.06191942496187504