1 0.9298353190638068 0.3538220477147161 0.03543238585581108 0.057395837748947985
1 0.7614234592628437 0.23796389082114167 0.03157963978475227 0.04166171034428627
1 0.6107966062817971 0.9284796971822604 0.11843328453190338 0.14304060563547907
1 0.4465714404421969 0.9387599435540632 0.1312586162111037 0.12248011289187347
1 0.25320243010311466 0.9267013984560538 0.1429966368892682 0.1465972030878923
1 0.0999875388706203 0.9391716274046618 0.10567641935425687 0.12165674519067657
1 0.5956681042148825 0.7485219009879426 0.09506855913900907 0.16555556733052795
1 0.4561154526433059 0.7498884496293311 0.09626718610347992 0.15779763103285874
1 0.31892582174989376 0.7684970619730503 0.11603603060296193 0.18032739546082902
1 0.16509450040977555 0.7982242235911302 0.12809938296032675 0.17138890507947585
1 0.08820020657224734 0.7214409795815799 0.11167386228216232 0.15365576805616749
1 0.47748953080784967 0.5891791281224519 0.08652831306795061 0.14965774881887378
1 0.3566719166636605 0.6411185956383143 0.08565501778268025 0.1309077488188736
1 0.2213166135205074 0.6488715535355298 0.10785965756743261 0.17224207694917482
1 0.3793409751834972 0.5584524285779388 0.07518839867609248 0.10714286660488845
1 0.2840648624870501 0.5559052927357566 0.0771147717116217 0.1150099303072194
1 0.39116457898860413 0.49412703375008193 0.06508565260503385 0.09119048439090349
1 0.31878015673886306 0.48067960344286254 0.06494010339082212 0.08806548439090349
1 0.41805025661502865 0.43500749409436823 0.05044095574818712 0.0781994110699257
1 0.3366547074008169 0.4290451815731638 0.051857906533975304 0.07512897477225663
1 0.4090540922231704 0.39257445743387936 0.0422645827126578 0.07011409255827142
1 0.3474081168302763 0.39198169119181053 0.04680653349844599 0.06715278366526398
1 0.3692445754739474 0.3584251467267734 0.04026543507002263 0.060684528855940556
1 0.38419533333183026 0.3277480656012474 0.04331766046291667 0.05923115626060227
3 0.4292895095105127 0.32464291296884223 0.07239303846084474 0.14760417549789598
3 0.15486536000585072 0.5116146009957919 0.2520549214211715 0.3207936827542902
3 0.2523674445805353 0.3777430872007938 0.1129838052100677 0.18178076805616739
3 0.30232674917143043 0.3116295030800429 0.07351889081820957 0.13828373920022674
3 0.35272270140496087 0.254890918959292 0.08878001778268026 0.1310168762235353
3 0.4368429902800903 0.2523686088851582 0.05222177956950454 0.08294147477225655
1 0.7162928957806083 0.24028779345354684 0.028163541356328814 0.03530258293962456
1 0.5557385394943021 0.25964045026230326 0.028381865177646404 0.03999008293962456
1 0.13291543134596892 0.4757490228654907 0.0528382096771284 0.06268353847458741
1 0.05513718775610972 0.49721230589778254 0.0685017510334573 0.09754961179556502
0 0.9520206881703945 0.3779961576961826 0.0677397717116218 0.11468254809323426
1 0.735154211744043 0.2768254941791862 0.03328768899896399 0.04484127404661713
1 0.7503639888323482 0.31869553564899855 0.04949488585581072 0.057886911069925696
1 0.6465476300648426 0.300250581295162 0.04444351282028158 0.04991071996293313
1 0.6196062944567007 0.3414286528020412 0.04488016046291676 0.05928571996293312
1 0.8847090636871231 0.42322432294245954 0.07238873035529281 0.08052580290255769