1 0.4847234161820239 0.3202994598865254 0.08652837334017516 0.10556510339082212
1 0.058608616366695086 0.6463805403228715 0.11721723273339017 0.23990587014004525
1 0.6794864703385541 0.27139527130184615 0.07086701190385672 0.09858735731976358
1 0.5856864733636162 0.2843554977281976 0.058285198672140125 0.08394266046291676
3 0.22943945590061468 0.7031826962376744 0.3767645714231401 0.5892681310982999
1 0.7582922055078313 0.41924626633944745 0.1149624455488821 0.16000004631872766
2 0.8546950277165383 0.3616456280024372 0.09149767447164336 0.1542209272121397
1 0.6255297024827692 0.41683835794344537 0.09296927088084708 0.13866870181924557
1 0.20364561212368953 0.43805000186202686 0.08822722872636941 0.12907537799792798
1 0.18914275058917518 0.38014761062953245 0.07872496369925477 0.10676373035529281
1 0.9129377571302786 0.6877500556288617 0.16697946350286302 0.24052660835322098
1 0.3597234161820239 0.326121428454994 0.06774201190385672 0.09844180810555195
1 0.3387064133533535 0.4481612483473702 0.08515677088084708 0.13830482878371625