1 0.04683305162244747 0.6522147752277434 0.09366610324489494 0.2080704495445131
1 0.1775376300776704 0.3632564242319516 0.08496587334017516 0.10450893992586625
1 0.6716330637226958 0.28663929429540114 0.05511474687674216 0.07534722958157988
1 0.7550677324388027 0.31106388622070036 0.0614011083130606 0.08181548439090332
1 0.8240722624930319 0.2649130833181427 0.04882838544042336 0.06887897477225655
1 0.6842643530485033 0.3978942528255889 0.07088519262201594 0.10089286660488846
1 0.46808133772680094 0.23282235744957785 0.04883747579950324 0.07044147477225646
1 0.8118848381195845 0.48013877923445863 0.10389768052176755 0.13641370435383635
1 0.45282904244906524 0.16930549447288637 0.034638620413308986 0.04651290145127884
1 0.9237722806434047 0.31298350636896793 0.06451701795398108 0.08036211179556511
1 0.40054437978308277 0.16097712850097007 0.04094316256778665 0.056106156260602266
1 0.5551227954741274 0.1743253219702153 0.034647710772388506 0.048075401451278844
1 0.4748631237329586 0.14119785264025442 0.034647710772388506 0.048075401451278844