3 0.46827012783772615 0.47555400560267397 0.09868651055001151 0.2849945554708334
2 0.6288491176914563 0.503500433698681 0.06292846834337489 0.11548083605604162
3 0.5626962378218401 0.42699117866468794 0.07654668344033873 0.17983427678548622
1 0.6397769350618965 0.45846069063253525 0.04336026217486459 0.06816942496187509
1 0.7344911915547183 0.5606245623077784 0.08019778896022593 0.12056837955902786
1 0.589467243503883 0.3948151115103477 0.03225912094116268 0.05853985182361114
1 0.6446456672049891 0.42421297720166723 0.03689207386326192 0.05552395459715278
3 0.4975467504037418 0.31848704122187543 0.03910913879807012 0.09306032218833345
1 0.5733689107121673 0.3225946193941324 0.01762387662320535 0.025400043502986146
1 0.4837882134721109 0.2908341666968407 0.016088650162155816 0.026926175911805572
1 0.5395569724005647 0.30931271618375045 0.01929547077900686 0.03168641109416672
1 0.5212609399331605 0.290144488885174 0.014553423701106283 0.028452308320624998
1 0.5362371034879969 0.34281554720579904 0.017678423701106106 0.02852504350298606