3 0.459330293747247 0.49325361786373356 0.12150301088459123 0.2630522717116218
3 0.5565673922959682 0.5322134181114025 0.1263542019915837 0.2679580955329392
3 0.6715103460168323 0.5571299890372361 0.15963792794496676 0.2383091368892682
1 0.6021204836731131 0.4153919451997078 0.031051592558271324 0.04044521753501122
1 0.570126439208076 0.39042617845048483 0.024637901451278844 0.03546661910658786
1 0.5397221765942043 0.36475193630836766 0.021294646641955416 0.029071069892376223
2 0.5521775365756708 0.34420399586166156 0.019950401451278844 0.03524829528527036
1 0.5645312036360464 0.3713850800220614 0.019568455534962937 0.02431079528527027
3 0.5113442054501448 0.3258692187733564 0.034449411069925516 0.04840326674922304
1 0.536098668789656 0.3340648624870501 0.016607146641955416 0.028852746071058633
1 0.5648412276826634 0.34009869271850846 0.01973214664195542 0.02899829528527036
1 0.5415376477382637 0.4023974855225793 0.024637901451278844 0.03546661910658777