1 0.08928832176133321 0.9451119025977878 0.09126489546082905 0.10933981818121907
1 0.12863602003990188 0.795897106737703 0.15618554573098153 0.22446598620028232
1 0.20327637757429776 0.6499749062512358 0.09150299763774727 0.1608750446422686
1 0.6391047832867459 0.8854843433483177 0.14001490870767305 0.20856825081077907
1 0.4701712448121584 0.8384026120160041 0.11772324645662095 0.24097164772652385
1 0.26025309698907667 0.8936606765437751 0.16496034500534212 0.20744212743398444
1 0.4653944316579818 0.6344554517075787 0.1012053798517325 0.1704136858759707
1 0.6184499989885097 0.719337191968346 0.10983633538669543 0.1939875535707225
1 0.25310770806685157 0.5099578323879739 0.09876986061443871 0.1453864123370204
1 0.3150794623280208 0.7175970085247119 0.13570935462398898 0.21942393019392803
1 0.07020094962933107 0.42090678936726295 0.08797620435383649 0.10459777110331832
1 0.15747028193598345 0.32323117410814317 0.06350199400955026 0.07450116801906326
1 0.24562255716372688 0.2732254456184987 0.04426092068857255 0.06011138555165925
1 0.26069199645662094 0.2346578234595201 0.047222229581579886 0.05547843262955983
1 0.20684031015895182 0.2371612605533068 0.045714293283910835 0.057013659090609535
1 0.9627802861123346 0.45519723093186715 0.07443942777533082 0.10780459172016936