1 0.04609375 0.94140625 0.090625 0.11640625
1 0.096875 0.7890625 0.14140625 0.21484375
1 0.178125 0.6515625 0.07890625 0.15390625
1 0.58984375 0.9015625 0.12109375 0.19609375
1 0.42890625 0.8484375 0.10234375 0.23515625
1 0.21953125 0.896875 0.146875 0.20546875
1 0.43671875 0.64921875 0.08984375 0.16328125
1 0.5828125 0.74453125 0.096875 0.18125
1 0.2375 0.51640625 0.08671875 0.140625
1 0.28515625 0.7203125 0.11875 0.20703125
1 0.021875 0.478125 0.04140625 0.1015625
2 0.29609375 0.40703125 0.07265625 0.128125
2 0.10546875 0.35078125 0.05390625 0.09609375
1 0.53984375 0.43359375 0.05546875 0.10703125
2 0.20859375 0.29140625 0.0625 0.08515625