1 0.13329280030619878 0.9479114763486459 0.16995435574121864 0.1041770473027082
1 0.7436201466558773 0.8926479737831947 0.28123404844057553 0.21470405243361057
1 0.30710289277590663 0.12053658444052111 0.0617943458553869 0.06075696846486114
2 0.025427128441450585 0.47341996941479164 0.05085425688290117 0.22183993882958325
1 0.27064283346091617 0.4012047029816322 0.11067219764227279 0.14931162860909736
1 0.43202197973404494 0.10624030793937536 0.05879667984777566 0.06380923328250007
1 0.3950976412930319 0.12962260334222256 0.06211268083635888 0.06856946846486119
1 0.5455433102663926 0.12217639209555602 0.06504667984777565 0.06395470364722229
1 0.36950609779537225 0.3354725598392364 0.10196835969555132 0.1272547906531945
1 0.12636625144569372 0.39159070079743064 0.08653436068413449 0.13157861474138902
1 0.5219002218253795 0.14586781202343793 0.06680018083635879 0.06867857123840286
1 0.1999231096583703 0.2752221248093752 0.0793293557412186 0.10799564437666671
1 0.44623437695857576 0.19884603523795177 0.0841786818249421 0.07376611474138897
1 0.4865065498862693 0.1700677250174657 0.0683626808363588 0.06871493882958339
1 0.04117019216788429 0.2754370643045487 0.07996602570316254 0.12362064437666671
1 0.04016079049472911 0.20425239532659725 0.05630834980971957 0.07936149810013893
1 0.17182196737675523 0.1588334053945835 0.052928681824942016 0.07303876291777782
1 0.9327581728905123 0.38768194405100775 0.10927152372599594 0.11493662860909737