1 0.513528340030226 0.24943334972742887 0.02067612667090888 0.03231453301668683
1 0.5425345873647258 0.25954201209732924 0.022256808004454242 0.033958920171816585
1 0.5599039007001803 0.27606777080375655 0.03012385200509069 0.03905585594746528
2 0.5787635360439071 0.3535719730877487 0.04296929734245403 0.06939845318850324
1 0.5322987107335878 0.5205647212787264 0.08417610001590833 0.1215275192218769
1 0.4995123880489977 0.3868957281761314 0.047656797342454024 0.0696441146538925
1 0.43228797803945274 0.31310302408311685 0.03337612133990877 0.050157130257724794
1 0.4701328760343621 0.2776092593837958 0.025454533338636055 0.04037269448207601
1 0.4380289007001803 0.2696805727036359 0.02543635200509069 0.03881019448207601
1 0.6867044000636334 0.5044527996365719 0.08250451201463563 0.11207063206674714
1 0.46511811203054404 0.24923859791840658 0.020657945337363516 0.03075203301668683