1 0.04609375 0.940625 0.08984375 0.11875
1 0.09609375 0.78515625 0.13828125 0.21484375
1 0.17890625 0.64609375 0.08046875 0.15703125
1 0.59140625 0.89921875 0.12265625 0.2015625
1 0.42890625 0.84296875 0.10390625 0.23515625
1 0.2203125 0.89453125 0.14375 0.2109375
1 0.4375 0.64296875 0.08828125 0.16328125
1 0.58203125 0.73515625 0.09375 0.18125
1 0.23828125 0.51328125 0.0875 0.14453125
1 0.28515625 0.71640625 0.11875 0.20546875
1 0.04609375 0.51640625 0.090625 0.11640625
1 0.16640625 0.33046875 0.05859375 0.07421875
1 0.07890625 0.3796875 0.06640625 0.08359375
1 0.69921875 0.321875 0.06953125 0.09609375
2 0.36640625 0.27578125 0.046875 0.08359375
2 0.1921875 0.24375 0.04140625 0.06640625
1 0.82109375 0.45859375 0.08515625 0.1109375