1 0.55234375 0.75390625 0.0875 0.1703125
1 0.40703125 0.78359375 0.08671875 0.17578125
1 0.4421875 0.61171875 0.08203125 0.15390625
1 0.2328125 0.89765625 0.128125 0.2046875
1 0.29921875 0.68984375 0.08671875 0.1484375
1 0.13359375 0.7953125 0.121875 0.1796875
1 0.34921875 0.546875 0.06875 0.10703125
1 0.23203125 0.6 0.08125 0.11484375
1 0.38359375 0.4609375 0.05390625 0.08359375
1 0.290625 0.4859375 0.059375 0.0890625
1 0.39296875 0.39609375 0.04375 0.071875
1 0.33046875 0.39296875 0.04140625 0.06875
1 0.35390625 0.3546875 0.03828125 0.06328125
1 0.37265625 0.31953125 0.03203125 0.05390625
3 0.415625 0.30546875 0.06328125 0.1390625
3 0.1046875 0.54140625 0.20703125 0.290625
3 0.265625 0.34296875 0.09921875 0.15
3 0.33984375 0.2609375 0.08984375 0.11875
3 0.4265625 0.25078125 0.04921875 0.078125
1 0.95390625 0.32109375 0.06875 0.05
0 0.4359375 0.23046875 0.05390625 0.0796875
1 0.6953125 0.33359375 0.05 0.0515625
1 0.8359375 0.45703125 0.08359375 0.08359375