3 0.11375440074300705 0.29473071701890446 0.17199493217453848 0.17126698770335985
1 0.1729539263835702 0.3912875544511178 0.10011562406898662 0.10367951190385671
3 0.39195013709415594 0.5463058107958296 0.5248503742738743 0.5029180052645572
3 0.7894457595105127 0.8057201547691466 0.4211084809789746 0.382160077669656
3 0.3456957595105127 0.30822909387512104 0.20760710049533806 0.1980294756031114
1 0.49045179549015805 0.4128842567374953 0.11937504631872749 0.11472609621281205
1 0.6349702369703214 0.49565987442032966 0.15498721463952717 0.14148858411256365
1 0.8187159983428609 0.5985252783057134 0.19238020678164425 0.17294766237139497
3 0.9273395576912671 0.5470077092202643 0.14532088461746576 0.23377607806243947
1 0.7241226282028158 0.48029342877325165 0.1513527923897861 0.13053290339440443
1 0.5585468240262054 0.3984217809379921 0.1161772717116218 0.11314541549465282
3 0.43940937220695975 0.3069024223303439 0.20858740363849115 0.1855385659621911
3 0.7600303188544096 0.865345139643836 0.47621585938667826 0.2636373366466465
1 0.23056102687890823 0.5878807533196497 0.16461907981717355 0.18059653590796182
1 0.9664631008049243 0.6984247634749905 0.0670737983901514 0.1285795179539809