1 0.4839837277568786 0.12536468631074735 0.028854511862998145 0.05733233893530465
2 0.6013874505708413 0.2592687955120071 0.06032468775644091 0.10229201186299815
1 0.5863619698482132 0.16709854155767437 0.043299013840164415 0.06728034190105418
1 0.7290747573771927 0.39046174018853036 0.0965460306460784 0.14900518577927463
1 0.6790150434604787 0.21704414482743503 0.0668293557412186 0.10879667984777566
1 0.783790068175058 0.10393133258387613 0.042726010874414834 0.053217841901054184
1 0.5722968112549758 0.12818062159573046 0.036730678859192525 0.05921317391627658
1 0.57004590315603 0.08739645410524448 0.03022601087441501 0.052708505931499026
1 0.6078151585932374 0.06311137851581268 0.028217841901054187 0.04170733893530465
2 0.4832833907987403 0.14255218631074734 0.053183349809719616 0.08016234387822055
3 0.48120494315646745 0.2895863538012333 0.1249150642579064 0.3092715237259962