1 0.3658187567858633 0.6913777209334031 0.1146091338757694 0.13219686379145834
2 0.42330927295552245 0.9013118461240278 0.18893410447712727 0.1973763077519443
1 0.40173964665452655 0.6179045065526045 0.08385710085908257 0.11119337955902786
1 0.378152739711693 0.5008072723201739 0.0645405348257091 0.07016833605604163
1 0.42979380484055546 0.4855829690335421 0.07128185775648763 0.07968880642076392
3 0.4943266163513732 0.5676518930454866 0.15833255766563054 0.25181968597979176
1 0.7731631880389562 0.8142781988006604 0.17765576775153882 0.26319359707395834
1 0.5522896025565632 0.506424758736806 0.06009869629109836 0.07474673328249999
1 0.6721340338096563 0.6226335998268409 0.10547979534115867 0.13666615824437506
1 0.3330615677308542 0.5701560311538892 0.06684001922187681 0.08426720364722229
1 0.5062367961341282 0.5045706647969797 0.07276247060135788 0.07816267401194459
3 0.5850002832438295 0.41957937537805606 0.12044305404758582 0.15418096656500016
1 0.6631186391912947 0.39167388734590336 0.04497166327441153 0.05410692496187508