1 0.24770241574691015 0.5068413942210223 0.09400587955902787 0.07866133118569749
1 0.19783296836795194 0.6799652768327755 0.15447190729444454 0.1258817648307229
1 0.12309276718927165 0.9586346566158582 0.1753649823325695 0.08273068676828359
1 0.40875555062427155 0.8483572494108248 0.18971972948277785 0.1635817527304745
1 0.627721143329827 0.7246480804001305 0.13554006933854162 0.11796018052176756
0 0.3992305077868755 0.6069282735131258 0.111920731382639 0.1100113251355733
3 0.7399808347248615 0.5136111073311018 0.2710788322563197 0.16874195140261464
1 0.9353706423798964 0.7529968359592754 0.11976959897381967 0.11161927693097126
1 0.14668608282500045 0.5632772257013073 0.0613024823325695 0.0831579336450254
1 0.050464393045486555 0.5236602137974506 0.07216724715020839 0.08009656615858277
3 0.7265794834699314 0.8748146894005622 0.4715165497712501 0.25037062119887565
1 0.673362911281598 0.83974181527482 0.15479921561506949 0.1399442648307229
1 0.42307458339368137 0.958666993753484 0.21602634992374997 0.08266601249303207