1 0.16553068486513478 0.3311706105296207 0.1153767510334573 0.09918652286549072
3 0.10743785670059106 0.5740872860275166 0.2148757134011821 0.46120042794496674
1 0.24966593631287687 0.38361107505025827 0.0945205955329393 0.12029763103285873
1 0.573062856700591 0.15548355273292164 0.04502570967712849 0.062410719962933126
1 0.3497749824267167 0.6624677066312712 0.15103176881613764 0.2283482332097769
1 0.3512498610438172 0.3293650299522489 0.07042812406898662 0.10541667549789598
1 0.21647448490791604 0.6273437168828903 0.1544093258882322 0.20038692431676958
1 0.4212156046336764 0.35110113149619493 0.08321922249741007 0.11210318511654274
1 0.30706967555950987 0.2396502547245054 0.07238873035529289 0.08052580290255769
1 0.3429558256833444 0.189258385124392 0.04858735731976358 0.07189484736759484
1 0.598300335403254 0.4174552738769811 0.09695639081820957 0.13910219473518967
1 0.4064382828792734 0.16598208703115777 0.040192660462916766 0.059122028855940555