3 0.08151110524208362 0.3460204773233641 0.14553331838861122 0.1454045013526355
1 0.15220677137024344 0.4288142486473645 0.07692748233256949 0.08368520401018138
3 0.3782991055264241 0.5402768179503659 0.4300590144363892 0.4236407787237246
3 0.8082541367772225 0.7781820665579595 0.3834917264455552 0.4295998773869975
3 0.3044576427611461 0.3223267966263655 0.1694435970739585 0.1659897213558171
1 0.45395045611576423 0.39951491060632094 0.09909342306201392 0.09643974267981754
1 0.5998091231938545 0.4548643872533673 0.1277275693385418 0.11864200668363552
1 0.7842763485925699 0.5238309212285502 0.15955945079743064 0.14400563335454458
3 0.9143021553945836 0.4526906232097784 0.1713956892108328 0.2161533533577261
1 0.6812039403481948 0.4265661172422314 0.12591049620027786 0.10768632535009015
1 0.5151055084524656 0.3745779979312759 0.09440592306201392 0.09638519867918127
3 0.39239340064493083 0.3064558012810479 0.173840156344514 0.15354426535645355
3 0.3286829248649658 0.6580733926241382 0.37141136626000043 0.45419988804899775
1 0.9724601475107988 0.432486663868597 0.05507970497840233 0.1163704346753633
1 0.9567094939676217 0.5897269992043696 0.08658101206475663 0.11677042401336309