1 0.8015625 0.15625 0.034375 0.0515625
1 0.753125 0.16796875 0.03984375 0.05546875
1 0.6640625 0.92265625 0.159375 0.1546875
1 0.54609375 0.57109375 0.10859375 0.18359375
1 0.55546875 0.4015625 0.06875 0.12578125
1 0.60078125 0.2703125 0.04609375 0.08359375
1 0.59140625 0.21875 0.03984375 0.0703125
1 0.93671875 0.2609375 0.05703125 0.07421875
1 0.60546875 0.14453125 0.03125 0.0484375
1 0.57265625 0.109375 0.025 0.04453125
3 0.77421875 0.0984375 0.06484375 0.09609375
3 0.87421875 0.153125 0.10625 0.1796875