1 0.6776555693825432 0.39779336386092307 0.11749767735518084 0.1669971494796016
1 0.6868793121021317 0.7878827753263123 0.19782261871417967 0.36015400723608926
3 0.5993192946769541 0.10714403041469496 0.08444882001909004 0.14496501922187685
1 0.688101078691908 0.22188596110196107 0.06822383601209037 0.09258364767057933
1 0.8653566587364512 0.5591004353213636 0.16826129336408968 0.2352425384437538
1 0.766226078691908 0.22598031885844866 0.07612724267981755 0.10080558344622811
2 0.7512999653484993 0.1510245844622809 0.06533519334818116 0.11273237336031983
1 0.6789704320098633 0.1081952753263123 0.0460579346753633 0.0664372274987628
1 0.8532619073440451 0.12357569312327965 0.04912839067472703 0.06191350180902231
1 0.6997187366724997 0.07961325192056395 0.03955339600572696 0.0442346788782438
1 0.9818232593491356 0.3552904398439193 0.036353481301728864 0.14423467887824382
3 0.4845333727323151 0.5086921630472689 0.2902668467536323 0.655446575078485