1 0.3359375 0.3953125 0.06171875 0.09609375
1 0.3734375 0.21171875 0.034375 0.05390625
1 0.4296875 0.21171875 0.03203125 0.0484375
1 0.6171875 0.2140625 0.03125 0.0515625
1 0.75546875 0.25546875 0.04375 0.06328125
2 0.83828125 0.24296875 0.04921875 0.071875
1 0.628125 0.29609375 0.04609375 0.071875
1 0.73671875 0.3359375 0.053125 0.08125
1 0.83359375 0.33828125 0.06171875 0.08671875
1 0.69375 0.55546875 0.08125 0.1484375
1 0.92734375 0.471875 0.090625 0.11328125
1 0.87421875 0.68203125 0.11796875 0.16875