1 0.554802765891693 0.873265039543327 0.3000132233454352 0.2534699209133461
1 0.26760787752722953 0.6145877179082279 0.15713070357377185 0.18111203163466172
1 0.1547656848278726 0.48675719517081484 0.1145320266917457 0.13101918973360735
1 0.0968775889724857 0.425122016805914 0.08889535672980178 0.11437551779449713
1 0.050867410607584804 0.367870590912471 0.06175985376405226 0.09923067885919253
3 0.09612156079786524 0.29171926779449714 0.14705536661563354 0.16354252965749527
1 0.14971874608284835 0.3820378616727177 0.08507001977166348 0.09706068380210837
3 0.3720141932308295 0.5353869906456409 0.4910387658545119 0.4895399328507063
3 0.784993059809282 0.7947354743340185 0.43001388038143595 0.41052905133196305
1 0.8812691877750316 0.7304885153974012 0.2374616244499368 0.21018671939110262
1 0.4469730894667773 0.4417271739534576 0.10531885277546901 0.09632585475263547
1 0.34271932958094553 0.390681985702725 0.10394735376405233 0.100949687756441
3 0.3165295612921568 0.30304006425790636 0.19501270555093822 0.19201503954332697
1 0.4626325815581119 0.40492751091159596 0.1121418557412186 0.11064302273741297
1 0.6078442638773455 0.48493995756528563 0.1460366946765234 0.13854252965749528
1 0.7904431996566201 0.5828548286295434 0.17999520060802238 0.16800453657757738
3 0.9131406230414243 0.5322075242946498 0.1737187539171515 0.24520370653952134
1 0.6937671764249156 0.4689422258540743 0.142402358706968 0.12591519566510634
1 0.5283066611018764 0.38966460824985766 0.10745435574121878 0.11045202174882984
3 0.4084623933073793 0.3005464170333754 0.19762836958138302 0.17964237353571572
1 0.9575292695431082 0.6758911987052181 0.08494146091378348 0.11820085475263546