1 0.5171667033628818 0.1412106340706331 0.04829333605604162 0.06148294000636332
1 0.5602244127096873 0.238612892743451 0.07402068787965277 0.09302384134309047
1 0.32276143351124986 0.20068398937777068 0.051491071238402776 0.06464430267345422
1 0.37408885058934016 0.1442345420512249 0.040226262917777866 0.05045453333863614
1 0.41713098898208323 0.10800668805695193 0.038591027735416714 0.04731135200509069
1 0.590019055852083 0.33507936008113265 0.10294577488562506 0.12772610534690845
1 0.8107471703091316 0.45408554077813124 0.17031641926229177 0.2034897213558171
1 0.3934213852586111 0.08584987738699754 0.03059668977951393 0.03940794533736345
1 0.8389208428024647 0.7544946207829037 0.2607258265567364 0.3295078760343621
3 0.8844593868741317 0.3424127914544489 0.22562608757465305 0.43219652402927144
3 0.6744323830744096 0.23369013009226852 0.207055312689028 0.3054522106938169
3 0.27050533643729135 0.36418286803786193 0.203930312689028 0.30541584802672606