1 0.9782891473442803 0.353125 0.0434217053114395 0.05625
1 0.47577126062731045 0.93828125 0.1319681383672897 0.1234375
1 0.2984047847296114 0.934375 0.14120678298109554 0.1
1 0.1036644564707802 0.8984375 0.1475476865718917 0.115625
1 0.49202699882164963 0.778125 0.11198289129415606 0.1796875
1 0.34661905005131366 0.76171875 0.11511698165323567 0.18125
1 0.19822245666717192 0.76875 0.13551129488495217 0.1953125
1 0.05450427292395058 0.77421875 0.10111811416679298 0.1921875
1 0.018825327276872562 0.684375 0.030632897344280246 0.1625
1 0.40270035752749356 0.5984375 0.10250789734428026 0.1625
1 0.26543670686356363 0.6390625 0.10085449375348406 0.146875
1 0.12085545988862574 0.63046875 0.12297493344863372 0.1890625
1 0.3086912822937245 0.55390625 0.08350336729005096 0.11875
1 0.20862764978016718 0.54296875 0.0882090480082102 0.121875
1 0.33174244203284076 0.4875 0.07405564441741408 0.10625
1 0.25894074628756686 0.4625 0.07401019262201594 0.0984375
1 0.3697055294650541 0.4328125 0.06296360831306043 0.0796875
1 0.28914133069471815 0.41640625 0.056695427594901204 0.0765625
1 0.3725396379745064 0.3828125 0.05197156615858276 0.0703125
1 0.306069755460949 0.371875 0.05198974687674198 0.0734375
1 0.33404021935659556 0.3453125 0.05197156615858276 0.0703125
1 0.3573050025340828 0.315625 0.044122704722264317 0.0640625
3 0.40647375555914494 0.30703125 0.08522949375348396 0.146875
3 0.11293335469882322 0.47734375 0.22235783079291402 0.3515625
3 0.20985328561337419 0.35078125 0.13709197560311148 0.1984375
3 0.2735612616092691 0.28984375 0.10243517447164327 0.15
3 0.33968571047780094 0.24140625 0.10864881303532484 0.14375
3 0.42415161406859714 0.25703125 0.06628859621281205 0.1140625
1 0.9693919120768072 0.37890625 0.056586343285945875 0.0578125
3 0.06584018608091238 0.43984375 0.12842602361132166 0.3203125
1 0.9676334484757483 0.4609375 0.06473310304850344 0.078125