1 0.3640625 0.66796875 0.07578125 0.121875
1 0.41796875 0.6 0.05859375 0.08515625
1 0.4109375 0.48125 0.05 0.06484375
1 0.46015625 0.475 0.05546875 0.06875
3 0.38671875 0.80078125 0.23984375 0.3984375
1 0.57578125 0.65078125 0.065625 0.11328125
1 0.35546875 0.53515625 0.05078125 0.07421875
1 0.50703125 0.58203125 0.05234375 0.08671875
3 0.62734375 0.51015625 0.09609375 0.21328125
1 0.659375 0.46875 0.03984375 0.0609375
1 0.65703125 0.4296875 0.03671875 0.05
1 0.56640625 0.453125 0.03828125 0.06328125