1 0.8866601170287417 0.08470285543590203 0.050232373360319826 0.06515352773541672
1 0.8222667463819555 0.07761836046989515 0.04357293758467122 0.05719555737069446
1 0.8959322184536512 0.175781797115277 0.06667624491161739 0.08114220364722229
1 0.6023703262101389 0.10458482323517311 0.04390048620519007 0.0634455573706945
1 0.6513367706922149 0.07847561170416611 0.03888543758467104 0.0570864545971528
1 0.7031482541838715 0.08741354739961746 0.04373671189493056 0.06032055737069446
1 0.5857649231124926 0.3172121098043051 0.07341092378986111 0.12031380642076392
1 0.9669739795349276 0.3091196675562492 0.03771908525525021 0.12416485182361114
1 0.6022784729762071 0.061670624621943934 0.033706614653892686 0.047602351823611146
2 0.6488226023294207 0.05200403068211751 0.034116050429541286 0.055414851823611146
1 0.6910919894845504 0.049459605720242474 0.035351001809022266 0.0492012194147917
3 0.45961410165205213 0.5058589953472565 0.2730589574839165 0.5946994766329864