1 0.040521022162552926 0.7014175966740905 0.08104204432510585 0.32158519334818114
1 0.3521303137741253 0.885266432686181 0.23407618611433306 0.2294671346276381
1 0.5355680127787571 0.7441816400779511 0.23217284938874466 0.28846470536281676
1 0.7155033327688596 0.3835543174331318 0.11403592378986112 0.12000451201463562
2 0.1218828075540889 0.4040073420194082 0.135563443011738 0.2030170066836355
1 0.6199783915661439 0.5356611627545869 0.1653394742194024 0.17525563335454458
1 0.46296815298610455 0.44393564473263336 0.12702060266810483 0.1591942813494537
1 0.21387663500742318 0.27452947469763495 0.08073210085908267 0.11024770401018139
1 0.8638412562200365 0.49159517878735814 0.1295790366347312 0.11862382535008997
1 0.8552641163513733 0.5657593847867217 0.16230300542706716 0.14711245202099904
1 0.4601065038451873 0.3344606473981334 0.09446705223856355 0.10416133601209036
1 0.3415103120766447 0.28539534404836137 0.0873096494796016 0.1165704293443632
3 0.8228554873368438 0.3488440574474493 0.21829405585660808 0.20241811736154416