1 0.6204787859846569 0.881728594202734 0.247404162970653 0.20511411905195942
1 0.3734254205808121 0.4840624536360463 0.16513769454068417 0.21159724282842393
1 0.5373198625612474 0.6098560834029607 0.1777286998023559 0.21359625244707078
1 0.6505409284027326 0.551103587579312 0.17340522084904322 0.21968256134007813
1 0.6888089549228534 0.33448651725355916 0.08938028939195171 0.08888393992586625
1 0.8144606732822351 0.3950742984717524 0.09737479991529555 0.09228175843752054
1 0.47601282331047 0.3771452763240518 0.09570588410204514 0.11717263103285873
1 0.6223942706231644 0.43074644756077846 0.11987142619541977 0.13049108656782166
1 0.2330448023343698 0.30499749092950734 0.08771137357870132 0.11377481252120454
1 0.3927761181052679 0.3189905251429255 0.08256884727034208 0.10579862141421188
1 0.9204807655379603 0.5750668441179159 0.15903846892407927 0.1604712524470706
1 0.5586664286144941 0.33120280454702017 0.08643729991529554 0.09189981252120454
3 0.818701581273565 0.29315713440660185 0.1850861734939965 0.20605657095872498