1 0.196875 0.3 0.10390625 0.078125
3 0.1109375 0.503125 0.21953125 0.40703125
1 0.2890625 0.35703125 0.07109375 0.11484375
1 0.115625 0.8859375 0.196875 0.228125
1 0.61328125 0.19375 0.03671875 0.06328125
1 0.38203125 0.575 0.10390625 0.1703125
1 0.3875 0.309375 0.05390625 0.09296875
1 0.275 0.52578125 0.103125 0.159375
1 0.45703125 0.334375 0.06328125 0.10390625
1 0.35703125 0.2265625 0.05703125 0.071875
1 0.38984375 0.18125 0.0375 0.06328125
1 0.6296875 0.4984375 0.084375 0.13671875
1 0.45 0.16640625 0.03046875 0.04296875