3 0.05518102940409471 0.40909258198093673 0.11036205880818942 0.16306483603812652
1 0.11040172042626925 0.4829334565755473 0.09250001324684391 0.09999209172016936
3 0.34746272160739566 0.5584344683466702 0.48997030180624934 0.4817013823019529
3 0.7835663687975052 0.7249348068237239 0.39805562031790365 0.4879047435038828
3 0.25086800771973033 0.35087315868686775 0.19399308057737183 0.1892103246740408
1 0.4098684962869849 0.4035327341749827 0.11152283175849824 0.10813187418757338
1 0.5633283129845406 0.43598890381889904 0.14526291469812272 0.13526711850553053
1 0.7563863430216076 0.47478084821958166 0.17905756134007794 0.16396486282348768
3 0.8856051062684515 0.37414782833407934 0.209583364242636 0.23320578652459395
1 0.6428719692451429 0.39400022687138203 0.14175596878180663 0.12427507142762986
1 0.4696080840359329 0.3696974764643449 0.10839783175849824 0.1080773271096728
3 0.3385689043616857 0.3212344772751239 0.195119070958725 0.17673759821299112
1 0.9341467552726594 0.5044705280097678 0.09951390507947622 0.1219761858759707