1 0.4890625 0.1234375 0.04296875 0.0515625
1 0.65 0.64140625 0.13359375 0.25390625
1 0.53359375 0.40546875 0.07109375 0.1390625
1 0.67734375 0.06015625 0.025 0.04296875
2 0.7359375 0.33359375 0.10078125 0.19296875
1 0.6625 0.0703125 0.02890625 0.04296875
1 0.73203125 0.078125 0.03359375 0.040625
1 0.59453125 0.1546875 0.03828125 0.05703125
1 0.72421875 0.1265625 0.040625 0.0484375
1 0.80078125 0.159375 0.05234375 0.06484375
1 0.5234375 0.1703125 0.05625 0.06484375
1 0.565625 0.0609375 0.015625 0.0390625
1 0.9328125 0.42109375 0.09296875 0.1203125
1 0.9703125 0.31875 0.059375 0.10625