1 0.4000610864484589 0.5431220588893059 0.06060230925276535 0.07169446846486131
1 0.4511832556853381 0.524772755602674 0.05761367694751698 0.07943423328249999
1 0.36066162135149493 0.6062935529053822 0.0655625446422687 0.08742857123840278
3 0.24611433158049026 0.8496187935029862 0.45838879301741564 0.3007624129940275
1 0.41747072889997694 0.5755715361878823 0.07016822402541756 0.08285017401194458
1 0.6273001018730298 0.9099075557551739 0.12350350405718977 0.1801848884896522
3 0.33749112825135386 0.6800031566288546 0.23720353977100475 0.2569812710859029
1 0.49862131737373544 0.5383819671336809 0.06701595048646744 0.08121493882958326
1 0.5029190795486 0.4712672023160421 0.06674321509696401 0.06558993882958326
1 0.5731013457839497 0.7042446628971186 0.08661143019392803 0.13008884992375017
1 0.6675701404262184 0.6204710345723617 0.07693642126547431 0.11268314437666689
1 0.43744803815274225 0.505695447282049 0.08705571509696401 0.06606271751493065
1 0.5608116258157219 0.6023548545764935 0.07203073295387145 0.10007404160312508
1 0.5821429293864442 0.4996844494662505 0.04955571509696384 0.0651898953265972
1 0.6909279995995534 0.8046830336224312 0.16415577759614006 0.18812086189159735
1 0.8333864606393278 0.9267970358066326 0.13148755357072234 0.10614351006798621
2 0.5869492061718055 0.4482128684442019 0.04796594155801355 0.06359102773541672
1 0.6675134135581317 0.4446170493900006 0.0463216209411625 0.058867160144236055
1 0.6719514975676633 0.41423921836795197 0.04467730032431163 0.05414329255305557