1 0.5260214309144088 0.322459740895307 0.08829893939369349 0.10709709765100203
3 0.05537581750371159 0.44349393573509277 0.11075163500742317 0.3505121285298145
1 0.03239426164710335 0.8063576485880741 0.0647885232942067 0.27478470282385176
1 0.1323058146786365 0.8542148238983257 0.22256547602842475 0.2280126543940618
1 0.16212934927720296 0.35956991363176904 0.10507035956550989 0.12942673871722885
1 0.639397856174608 0.37688516495191726 0.07555327792830405 0.10204588479802065
2 0.34798496212207314 0.3557221849436699 0.09535452283992144 0.18218802586424748
1 0.768183518205824 0.5689326094624987 0.12364994120271575 0.15648934389007857
1 0.336952286861874 0.29831886190327406 0.07415455223856364 0.10512542069139794
3 0.2633344024202777 0.2294755851810968 0.18473792740790573 0.22067151583511757
1 0.42967205337021736 0.2854802296125359 0.06264384215265544 0.09386967194503919