1 0.9131375313410308 0.2680787333225653 0.06280152837152997 0.0644170240041051
1 0.6539420392585896 0.18288261846840131 0.03068771034569906 0.034547716822512696
1 0.5897415514657975 0.9128201033430908 0.13267141066226812 0.15699540944452864
1 0.4280084295999006 0.9411001603282914 0.14233591567683296 0.113309041958086
1 0.23883226933334392 0.9461063437769252 0.15460859514371963 0.10556926483072289
1 0.09196562952075832 0.9735187923508694 0.10775031551854848 0.0521806444174139
1 0.5636517275674718 0.7356581605246831 0.11276808762187222 0.1709397347764936
1 0.4262055518615089 0.7614535669441497 0.11414873119538153 0.16469882513557313
1 0.29138427098269654 0.8044182926454571 0.13514319279472176 0.18825449980360814
1 0.14209131314428003 0.8615273315784808 0.14585337226160835 0.18050563231716552
1 0.06578487740918726 0.7994818495324617 0.12030780298213614 0.16161018657189175
1 0.4371838189502678 0.5989172055078312 0.10293844655564541 0.15526019262201593
1 0.3210299700456244 0.6714558017206433 0.09926787727617334 0.13649201190385654
1 0.18728545585985948 0.7042597322424108 0.12549540815498564 0.17882495764913067
1 0.3375702638565605 0.5862177384889268 0.08604045157021041 0.11141928903121964
1 0.24419233689695644 0.600821114854164 0.08943823620994644 0.12081246974937905
1 0.34497123838802446 0.5197796722321482 0.0746483105039836 0.09573065651766247
1 0.27390022044133583 0.5194120335702708 0.07299488229073817 0.09259656615858276
1 0.3686648026529317 0.4571524072050335 0.06017663354437941 0.08158634328594587
1 0.2872102141731297 0.4646563558771736 0.06008570533113407 0.07846134328594587
1 0.3573468694251215 0.41660013007767044 0.050574313011266095 0.07371930113146803
1 0.29613658478538535 0.4263296540817755 0.05360838479802066 0.07061248184962743
1 0.3151737412910184 0.3895063649523599 0.04717652837152997 0.06432612041330898
1 0.32786996958340603 0.35584443725926274 0.04869356426490725 0.06277271077238851
3 0.37193821832976476 0.3446524072050335 0.08878501834240016 0.15205337939029934
3 0.12761521997911743 0.5796915242986926 0.25523043995823486 0.3406169514026146
3 0.20153713862545136 0.4292233708060924 0.13362615690134447 0.18980790944452863
3 0.24508020163671737 0.3555449762904825 0.09007473370266403 0.14268746974937904
3 0.29227946206155864 0.2904376058771736 0.10243834138279588 0.13807269262201594
3 0.3774357120615586 0.2899421813073344 0.06361988229073816 0.09254202400410509
1 0.615751717471835 0.17998033226585194 0.02430131802583091 0.029823855386194253
1 0.4779190968595793 0.2190569886853185 0.025954746239076343 0.032957945745273866
1 0.02538865300907202 0.7099017199457707 0.05077730601814404 0.13154998184962743
0 0.8693049633151999 0.2980162181972548 0.08286998746358769 0.10983860831306043
1 0.6400697558724948 0.20327238652057805 0.032295674452321774 0.0361193071815924
1 0.5873933852602391 0.24185361837020544 0.04359688730530316 0.048682939695149675
1 0.5263793289128906 0.21799393755385035 0.029170674452321597 0.03610112646343318
1 0.49672292115361644 0.24394335919682328 0.03091503087881229 0.042360216822512696
1 0.7535208389420205 0.3041576547691466 0.05659699247815268 0.06594316256778665