1 0.19448704388423577 0.3940012262555674 0.1063980832062501 0.14602955223856365
1 0.7316324068226729 0.8504150848050245 0.2816903303564583 0.23480652645796596
1 0.3962625237482633 0.6424852346233104 0.184198387727153 0.27027263568479165
1 0.07712097198024284 0.6009240128902988 0.15424194396048568 0.24108310266810484
1 0.3298614994313191 0.3775429873368438 0.095060539703264 0.12826884215265535
1 0.5278625883371524 0.38589331863536536 0.09796733415618064 0.11905761646291486
1 0.8241375230826733 0.3961160091607125 0.0958593202884721 0.09553822930778519
1 0.8039691870266316 0.4580361550222696 0.12460256933854161 0.12357469810012063
1 0.4288997178961803 0.31305004014123433 0.07409342306201391 0.0990793091359686
1 0.2663101053389928 0.2583669414298583 0.06617182028847228 0.09398237336031982
1 0.3668004146095484 0.2655852199239893 0.07104115824437507 0.1020405348257091