1 0.6328125 0.11640625 0.03515625 0.05703125
1 0.58203125 0.1203125 0.034375 0.05703125
1 0.6984375 0.12421875 0.0375 0.05
1 0.5953125 0.1640625 0.034375 0.06484375
1 0.66484375 0.1609375 0.03828125 0.059375
1 0.68515625 0.22578125 0.05703125 0.09296875
1 0.78359375 0.25625 0.065625 0.09296875
1 0.65078125 0.33359375 0.07421875 0.11328125
2 0.7875 0.45390625 0.09609375 0.16640625
1 0.9578125 0.490625 0.084375 0.1515625
1 0.325 0.259375 0.05234375 0.08671875
1 0.39140625 0.28046875 0.0625 0.09296875
1 0.48671875 0.3140625 0.06328125 0.11875
1 0.50078125 0.2046875 0.04453125 0.071875
1 0.465625 0.11875 0.03359375 0.04609375
1 0.51640625 0.1109375 0.03359375 0.059375