1 0.3637988795866911 0.04107624928391136 0.033067030054229285 0.04413180800445434
1 0.2778022922526736 0.05223247262891082 0.04556703005422928 0.04427725867281791
1 0.25247802186280577 0.5110898519653198 0.11191016842151909 0.16847837468172672
1 0.4921132144848217 0.4098706079328667 0.14152494554888212 0.15632382001909004
1 0.2716966962362532 0.2960370166295472 0.09128859621281205 0.11511701734563573
1 0.3081432563447118 0.20811884595800195 0.07233860831306042 0.08052384134309047
1 0.10590404547412739 0.19250457865213705 0.061437469749378956 0.08664657200827235
1 0.4944307351692771 0.14579901726609398 0.06762383723582169 0.07578179734245412
1 0.17141139168693947 0.07768755331000107 0.04248748184962743 0.052053396005727004
1 0.036572262493031873 0.29330455732813665 0.05700449980360826 0.13034202800763595
1 0.13258978620254935 0.03673583664863719 0.033067030054229285 0.04413180800445434
1 0.9370853469001832 0.3289167685391877 0.12250223477649377 0.1092306440165447