3 0.0515625 0.6296875 0.10078125 0.428125
1 0.31171875 0.2484375 0.05234375 0.078125
1 0.346875 0.353125 0.06796875 0.11875
1 0.21328125 0.71015625 0.14375 0.228125
1 0.40234375 0.75078125 0.11875 0.23515625
1 0.3609375 0.28671875 0.05859375 0.078125
1 0.44609375 0.428125 0.071875 0.1203125
1 0.4109375 0.22890625 0.04453125 0.0703125
1 0.47578125 0.271875 0.05 0.07578125
3 0.38046875 0.15546875 0.06328125 0.12578125
1 0.44140625 0.18359375 0.03359375 0.059375
1 0.478125 0.2046875 0.040625 0.06484375
3 0.9234375 0.55859375 0.153125 0.49296875