1 0.8359185628655549 0.8514589889156203 0.23077412369900402 0.29708202216875923
1 0.6261043130926975 0.4184209610253268 0.11616498982323478 0.16376802273741298
1 0.5109186471047524 0.2882148547898165 0.07390889077317446 0.10123884783255317
1 0.587654887493814 0.25002378809763326 0.06576884215265544 0.09467051285158128
1 0.6707020036180447 0.12399714037881075 0.04168288896415202 0.05159167490485981
1 0.714933360470021 0.17959056577796212 0.07481629353213641 0.08880251482874764
1 0.5997554177969674 0.19828487456147997 0.06174308344622794 0.07735567885919252
1 0.5351263517635938 0.15511319471370433 0.041601001809022264 0.05002917490485981
1 0.6026823439616777 0.16488212555006315 0.04817855042954129 0.05653384288963732
1 0.8446485159425166 0.24490384246970787 0.09298643939369314 0.10825285178688589
1 0.9676599700355311 0.3161806176785788 0.05129026232447202 0.11590884288963732