1 0.7187051122821624 0.18729959916160197 0.04724318114108108 0.07729284034363304
1 0.6567145345319033 0.1949616129564119 0.05556510339082212 0.08863977611928182
1 0.796468393299409 0.2170933197629598 0.05505568114108108 0.07770227611928178
1 0.6691824553339023 0.2618591858871904 0.05876287799792799 0.0903660504295413
1 0.7625150783694316 0.2745439716174106 0.06664815260503384 0.09233798620519007
1 0.7930994524384182 0.3790201096770515 0.09234166542531544 0.14200379353213632
1 0.9243516064911941 0.419410493552821 0.1092380669968918 0.13665455223856354
1 0.7583371164159916 0.5696960193334185 0.13046240363849115 0.19076219810012063
2 0.9484419239023708 0.8749855483933764 0.10311615219525834 0.2500289032132471
1 0.3629324553339022 0.24580930348175906 0.06017982878371626 0.08732293758467105
2 0.2784741420565547 0.6411860012431955 0.17349327377853632 0.31147748982323475
1 0.51382298304138 0.5405153731331772 0.11832627667402047 0.19791960085908258
1 0.4740690084770554 0.2391642350735363 0.06486732878371626 0.08756859905006031
1 0.5525942688161376 0.2518523428300239 0.06737589867609231 0.10796298620519007
1 0.5651991226212445 0.18782746438132142 0.05007708271265763 0.0712066146538926
1 0.5321276033908221 0.11361535843385613 0.04011988585581072 0.05821529172311406
1 0.5819092795695046 0.1115482473980082 0.035286836641599 0.05484463025772479