1 0.5919740767092263 0.7117211356464138 0.22659332223840883 0.2806464942090317
1 0.23082371144681124 0.30395771567298446 0.09754893019392785 0.13256425103345731
1 0.20976078368522008 0.03244443465573782 0.034675008928453724 0.018788541356328858
1 0.16430618750082382 0.12806299565677381 0.06062958279171564 0.07464043507002258
2 0.21304668710037727 0.9115775088913403 0.20475350405718978 0.17684498221731956
1 0.24905906290621327 0.0655501871369372 0.05561480032431154 0.05567211124870499
1 0.39374031737044013 0.06368808829422899 0.06041139448011288 0.06214043507002258
2 0.04623802597458232 0.08346962551672865 0.051363676947517 0.08045378742738744
1 0.0709613364451636 0.05569138192686944 0.038318206168510206 0.048621590570540586
1 0.016749349027065322 0.3884096825888232 0.033498698054130645 0.1393193651776464
1 0.6024743892051072 0.11015863564641389 0.07935230925276535 0.0739512303552929
1 0.6625118624197459 0.16455934532354233 0.10338982710967279 0.10941784946188075
1 0.585530576705931 0.22977977687890822 0.1236750535707225 0.10880141935425688
2 0.8825107167218171 0.19278931492546822 0.13027960957707663 0.1294050177826803
1 0.9407947751638034 0.2580547499954908 0.09108074188232536 0.11977315260503385
1 0.9119100702131092 0.34506244437113825 0.14911143019392767 0.1349658130679506