1 0.6787175150175336 0.18190759790741334 0.03363070616851012 0.04725680800445433
1 0.7858169488649096 0.17675592655955036 0.03360343262955982 0.04569430800445433
1 0.31186561120522527 0.5696921452896383 0.09960235389503395 0.15737724267981754
1 0.7430839780859028 0.20849682256527738 0.03870003571381488 0.06918635200509068
2 0.11492638149776468 0.6204114026495917 0.11922510714144488 0.20759541868236298
1 0.8276265734595201 0.24266218988705068 0.043305715096963834 0.06455339600572696
1 0.32682991234031566 0.38361828528804753 0.06405459172016936 0.08978975334181775
1 0.7906799525183575 0.3008928605585959 0.05133640340856669 0.07714430267345422
1 0.4101799748394918 0.2623603559436844 0.044895488635914305 0.06613407733927242
1 0.7333838754086848 0.4062257978994592 0.06101141233702041 0.09444089067472686
1 0.8536866927791248 0.4501292445496873 0.08148755357072232 0.10405224801081765
1 0.9329299078760886 0.38515767787241495 0.07038641233702023 0.09454997867599957
1 0.49645839407637116 0.24182913259868494 0.0433329886359143 0.06611589600572705
1 0.560589077923747 0.23717744792332168 0.0417704886359143 0.06609771467218159
1 0.4770731944006827 0.18894048993477575 0.032122753246410875 0.05036362667090888
1 0.9745367552783011 0.32843496320023335 0.040453450486467445 0.08014203333863605
1 0.5166305722417042 0.20488311592936687 0.033712526785361165 0.051944308004454334