3 0.0790731081483331 0.699482926678863 0.1581462162966662 0.4739658533577261
1 0.2659181366843804 0.24853968670431645 0.07460620181924557 0.09300566000954502
1 0.3097322950803825 0.3819339893777707 0.11123721463952715 0.1418431493475448
1 0.18304759305624912 0.8677783933402269 0.2561216832079958 0.2644432133195462
1 0.4249782278786027 0.9083681253580445 0.21498295285270289 0.18326374928391118
1 0.3144069865605459 0.2983493300445434 0.08598034946188075 0.1025079293443631
1 0.43590734326113695 0.4756396307288154 0.12817215756743253 0.17014996268299926
1 0.3617957169158387 0.22073340738381586 0.061451230355292805 0.0787977093411815
1 0.4386278906133218 0.2661828147278608 0.07497007485477489 0.10081816000954502
3 0.3232105599675787 0.14289876137808885 0.09939218610347993 0.15576019867918128
1 0.39673795120007305 0.15860612472149746 0.051639582712657714 0.06931362133990877
1 0.432437856700591 0.18090838605981543 0.05163958271265763 0.06931362133990877
3 0.8961920258499602 0.4614536927911761 0.1920421823794264 0.5691147213558171