1 0.765835787208643 0.19081731743512903 0.03261409255827132 0.03924430718159231
1 0.42038677860148643 0.9348637958669108 0.13561509618646853 0.12576359016268804
1 0.46426329729062593 0.7073109676080797 0.12686014427970277 0.1881999576491305
1 0.30317946435100146 0.7348052294137405 0.1399603450053421 0.20546018052176757
1 0.3864532997376967 0.5421723018188392 0.1168303798517325 0.1693954154946528
1 0.16749742469528775 0.705913135833207 0.15435022721932726 0.21491699375348397
1 0.2533406993748771 0.5515387323406067 0.11444942431676956 0.1459488251355733
1 0.1054289890305908 0.5820807260940908 0.13385418874473984 0.16480790944452864
1 0.31564478113337524 0.44494784387512104 0.08841271397248338 0.11611587939029935
1 0.2131919037287135 0.448668262394836 0.09956846878180681 0.12242951190385672
1 0.3680728658870983 0.3751257023845732 0.07498513103285882 0.08948065651766246
1 0.28335312550574515 0.36312112695441245 0.07353175843752044 0.09259656615858276
1 0.3825644410221746 0.31802172951193636 0.05725199400955026 0.07375566256778665
1 0.31977426434315226 0.30432738905466084 0.058978185116542826 0.07845225292686626
1 0.35197912913394225 0.2768018318730685 0.05390873920022674 0.06748748184962743
1 0.374863557627063 0.24776831684595385 0.04593254809323426 0.06275453005422929
3 0.42432784428755194 0.2404507205349459 0.09430061542376222 0.1505181504675382
3 0.016879932036499894 0.6022028494342659 0.03375986407299979 0.36434430113146804
3 0.1248957847615723 0.36013754840099366 0.2317510301218849 0.28410333098930574
3 0.2761904446503716 0.23272055464750957 0.12916668874473985 0.1647806383672898
3 0.3633382697854478 0.1751938800776704 0.1190823606144388 0.14441359621281213
3 0.4475222968272899 0.18017175068737107 0.06878969473518967 0.09100679508134393
1 0.9590798118034144 0.3607520466524778 0.058487111795565025 0.06438975292686618
0 0.45585315199943305 0.16528254889197297 0.0859771947351895 0.09110678903121974
1 0.7960862492822098 0.44293380845813857 0.0953521947351895 0.0911613311856975