3 0.4723387252355927 0.4504216030967113 0.12964289309857638 0.27419490514873246
3 0.6221526975607785 0.5586450848220341 0.21248021886662477 0.45834166297065304
3 0.7998610353097264 0.5155489902531152 0.265947470047751 0.38193035239083956
1 0.6096428069940909 0.33639065322376815 0.04248016587924912 0.055491136803468066
1 0.5596254488267228 0.31747332422810326 0.027762901451278844 0.035922089448421436
1 0.5163119584453698 0.307521471554915 0.023129965153609787 0.03721157366340586
2 0.5245436098966485 0.27273694787739167 0.023184528855940557 0.038774073663405864
1 0.5454091814035277 0.3003691242139858 0.024474210344286363 0.03105257892507769
3 0.4793948010036411 0.27068860046587534 0.044151793283910834 0.05870714206513998
1 0.5067385510036411 0.26909600838661796 0.019786710344286185 0.030779563140062118
1 0.5410589873013103 0.26865639262983726 0.023075401451278843 0.03564907366340595
1 0.5322172114405946 0.3432391636765247 0.0360119110699257 0.048877115756780665