1 0.69140625 0.1859375 0.03125 0.05
1 0.146875 0.428125 0.08203125 0.10546875
1 0.63828125 0.18984375 0.03203125 0.05
1 0.2875 0.5453125 0.09375 0.178125
1 0.746875 0.19453125 0.03515625 0.0484375
1 0.73359375 0.271875 0.04375 0.06640625
1 0.6671875 0.2796875 0.04765625 0.071875
1 0.78203125 0.34609375 0.0625 0.08125
1 0.4953125 0.32421875 0.05078125 0.08125
2 0.84140625 0.296875 0.05078125 0.090625
1 0.71796875 0.5046875 0.08203125 0.1203125
1 0.88984375 0.2734375 0.05 0.06875
1 0.45859375 0.225 0.03671875 0.05703125
1 0.3984375 0.22421875 0.03515625 0.05
1 0.421875 0.19453125 0.03125 0.04609375
1 0.38125 0.1796875 0.03046875 0.04296875
1 0.83203125 0.8734375 0.14375 0.20390625