2 0.35859375 0.5984375 0.1 0.190625
1 0.39140625 0.2890625 0.04375 0.06484375
1 0.39453125 0.184375 0.03046875 0.04453125
1 0.44765625 0.18046875 0.02734375 0.0390625
1 0.74921875 0.16953125 0.028125 0.04296875
1 0.653125 0.18984375 0.03046875 0.04609375
1 0.72890625 0.19921875 0.03515625 0.0609375
1 0.62578125 0.26875 0.040625 0.0609375
1 0.7921875 0.32109375 0.05390625 0.071875
2 0.90703125 0.3203125 0.06796875 0.09609375
1 0.64375 0.3859375 0.05625 0.09296875
1 0.796875 0.47421875 0.075 0.10703125
1 0.90859375 0.453125 0.0875 0.11875
1 0.7671875 0.89609375 0.14296875 0.20703125