1 0.47265625 0.07931233362158437 0.04375 0.05181703005422929
1 0.25625 0.4968033188890574 0.125 0.19916472872636942
2 0.6703125 0.7593685140451559 0.2765625 0.3859839935570923
1 0.50703125 0.10763732152133594 0.05 0.05341589149054773
1 0.4328125 0.1189242794650541 0.0546875 0.05813066256778665
1 0.58671875 0.15731967983439646 0.0625 0.0706761143631847
1 0.44765625 0.16276063787631048 0.059375 0.06284543364502548
1 0.43125 0.3126651891059745 0.0921875 0.11616133118569749
2 0.3171875 0.2901265928931624 0.1078125 0.1865647347764936
1 0.19609375 0.15582834006449203 0.0484375 0.07059430113146817
1 0.26171875 0.13980388514583597 0.05 0.06435339149054778
1 0.859375 0.27765594749378975 0.1234375 0.1179056383672898