1 0.13828125 0.584375 0.103125 0.14453125
1 0.16640625 0.740625 0.140625 0.240625
1 0.62421875 0.18984375 0.028125 0.04453125
1 0.4484375 0.42109375 0.06328125 0.10390625
2 0.36015625 0.3703125 0.075 0.171875
2 0.3609375 0.259375 0.03828125 0.0703125
2 0.41171875 0.303125 0.04375 0.0890625
1 0.5 0.26875 0.03984375 0.06484375
1 0.43203125 0.25078125 0.03515625 0.05546875
1 0.41015625 0.2 0.03203125 0.05390625
1 0.35859375 0.19375 0.03046875 0.05546875
2 0.7390625 0.67890625 0.11953125 0.25390625
1 0.5203125 0.190625 0.02890625 0.0484375
1 0.471875 0.190625 0.02734375 0.04296875