0 0.49717925433871696 0.7876648535726162 0.21441798841806356 0.4246702928547677
1 0.5264299908992628 0.5100023575293451 0.0901969685684687 0.12942190637700648
1 0.5338186517764644 0.4176477611928181 0.0718450748547749 0.10352114767057934
1 0.904246660048632 0.25547414631178295 0.0639940334984459 0.06881859905006031
1 0.13720051695411078 0.4358290366347314 0.09833480024766902 0.10335072930778502
1 0.9179667117440431 0.2990570499752561 0.08161818114108144 0.07909435775648763
1 0.7076200248119936 0.43454973541222053 0.09223034946188076 0.10614818068726599
3 0.8642830936709125 0.36794316881302014 0.25074497849326605 0.2968218475797223
1 0.19820217535011292 0.3065376843053107 0.054473484284234264 0.06520227611928178
1 0.912502385646414 0.6502543798034395 0.15288105913900907 0.1701155054270668
1 0.9829484717735391 0.37030128618044617 0.03410305645292198 0.09226274310259494