1 0.689730641392352 0.15095598541222058 0.03940793364502539 0.06142217887824382
1 0.6286613311856974 0.12510613636216025 0.033130662567786476 0.05640713025772479
1 0.7475204154946529 0.1500795601520214 0.04095225292686635 0.058379066033373526
1 0.7032664214465811 0.19540202623082348 0.04891019867214012 0.08378850180902231
1 0.6417612948849521 0.22888623360319826 0.059874969749379045 0.08904921189493056
1 0.7902397015008105 0.2436967633405247 0.06140110831306043 0.08288109905006032
1 0.650173758584207 0.33242066937884707 0.07255677693097126 0.12095430913596861
1 0.7689737555591449 0.34723784316870815 0.07725336729005079 0.12276247060135788
1 0.8397003877781145 0.5563505715719821 0.14179765632127045 0.2089323439616777
1 0.9526624334486338 0.5154942774740189 0.09467513310273254 0.18007700361804452
1 0.8114360498549219 0.9096670855939347 0.22001355991206673 0.1806658288121305
1 0.34723004488495224 0.21345050486124 0.06140110831306052 0.08288109905006032
1 0.1238986466569092 0.6227115609449909 0.17473742134838535 0.2325269742194024
2 0.3738612434588965 0.36089539292088096 0.09476812021691713 0.1799132293077851
1 0.41900713445846494 0.7373660396869491 0.1578589935570923 0.2847512155129753
1 0.3977522196511831 0.17158058740295695 0.07536361436318462 0.06643058344622813
1 0.5334993429913583 0.28022632632168054 0.059965873340175155 0.10467421189493056
1 0.4851976774967054 0.16679126809022307 0.04724770472226432 0.06651911465389256
1 0.5499777949831481 0.15925208502810778 0.0457670179539809 0.08049972749876284
1 0.5559959908266178 0.11973588364862678 0.034647710772388506 0.048676517412854545