1 0.48735653490633135 0.5655586047898165 0.1612762394466932 0.2048678666156336
1 0.2390826761400334 0.5460605523949082 0.12336713636243805 0.1799023587069682
1 0.37259992857237006 0.15278007908665395 0.05564207386326192 0.05691584486680368
1 0.30969695941821634 0.39726756672936425 0.10070120373287823 0.13369852076024663
1 0.4353181168839727 0.14282675893442962 0.06205571509696384 0.06654551285158128
1 0.3548805945628385 0.18254849212851565 0.05882162094116259 0.060168178859192525
2 0.3459265600668395 0.2924182406456409 0.08343188311602719 0.12831068380210836
1 0.5642925507313488 0.1441730361204669 0.06674321509696383 0.06673651384016441
1 0.6167629857965405 0.1838377139910762 0.08250458279171564 0.07518568380210837
1 0.5257464736216759 0.2473643617098987 0.09533186525911966 0.09444501977166349
1 0.6384510251638035 0.2402296354358949 0.10155459172016937 0.09313718775644109
1 0.7207510564133915 0.18338406923800327 0.0921250446422686 0.08963018577927469
1 0.014183456575547293 0.2967622534600411 0.028366913151094585 0.0841495069200822
1 0.05912203531007315 0.24085976334587283 0.051254582791715644 0.07391234387822054
1 0.8547345442385268 0.25607876440881816 0.12855346834337453 0.1192195266917457
1 0.8183276655867265 0.3710843404925416 0.152154609577077 0.12954953163466154