1 0.41328125 0.52578125 0.04921875 0.06875
1 0.4640625 0.52421875 0.05390625 0.078125
1 0.35625 0.578125 0.05234375 0.078125
1 0.47265625 0.7140625 0.06953125 0.1203125
3 0.23359375 0.81171875 0.41953125 0.37578125
1 0.60859375 0.9046875 0.10234375 0.190625
1 0.59296875 0.6484375 0.065625 0.1109375
1 0.42890625 0.55546875 0.06015625 0.06484375
1 0.59140625 0.553125 0.04609375 0.0703125
3 0.46328125 0.54921875 0.13125 0.178125
1 0.65546875 0.51484375 0.04765625 0.08125
1 0.58046875 0.47109375 0.05625 0.05390625
1 0.6328125 0.4546875 0.03828125 0.0484375
1 0.5890625 0.446875 0.03984375 0.03359375
1 0.66640625 0.42578125 0.034375 0.040625