1 0.41171875 0.5203125 0.05 0.06484375
1 0.46171875 0.5109375 0.05234375 0.0703125
1 0.35625 0.578125 0.05234375 0.078125
1 0.53671875 0.90625 0.11796875 0.18671875
3 0.2234375 0.82578125 0.41796875 0.3484375
1 0.42890625 0.55546875 0.06015625 0.06484375
1 0.5828125 0.7734375 0.07734375 0.1484375
3 0.3484375 0.64140625 0.17421875 0.21328125
1 0.67265625 0.68359375 0.07890625 0.15
1 0.34921875 0.5109375 0.09375 0.05390625
1 0.54765625 0.50078125 0.04375 0.05703125
1 0.42734375 0.48671875 0.06328125 0.04453125
1 0.5328125 0.4640625 0.05625 0.04296875
1 0.61484375 0.49375 0.04453125 0.059375
1 0.6828125 0.46875 0.03828125 0.05546875
1 0.634375 0.43671875 0.03984375 0.04453125
1 0.51484375 0.54296875 0.08515625 0.06875