1 0.4943235599752581 0.8707241883148982 0.1664219365265156 0.2449694009729349
1 0.30016071984610343 0.7256004232973643 0.1523594365265156 0.24472393912238175
1 0.36672477955866417 0.5149572037361735 0.09122805674305975 0.12965231818121908
1 0.4930826910788621 0.505716797081196 0.07689277210332364 0.12003185633066593
1 0.5403966456185734 0.27821335998740926 0.03569345909205772 0.04591251785690744
1 0.39977530878812395 0.4151111623403157 0.07143238229073816 0.09338753571381489
1 0.48849682798845373 0.40183782062014634 0.05723348997087001 0.08845457386326191
1 0.5648714598834805 0.3403178936726293 0.05030152837152997 0.06490797970746058
1 0.6270675830030188 0.3556468388840909 0.04704013605166182 0.060165932629559826
1 0.6097413421742187 0.4317690081209701 0.07460284639736088 0.09500458279171564
1 0.43680028417751765 0.317540687097082 0.04248902837152997 0.06477161201270887
1 0.4888485174844702 0.3064707735422456 0.04092652837152997 0.06474433847375849
1 0.7496031272096662 0.5911285970017657 0.10997805674305994 0.12997960064862327