1 0.6639883361597615 0.12473949502104054 0.048915534825709095 0.07033234736759483
1 0.7040301599950511 0.1569964343139346 0.04587242198083885 0.07178571996293312
1 0.7143811618040735 0.2051611158022803 0.057137470601357876 0.07841766587924912
1 0.7839301011977668 0.3076115040067152 0.08533771370395282 0.11059524881887359
1 0.734371593734535 0.541798020248784 0.12092773292582973 0.1944990228654909
1 0.9510213466752111 0.4828049330479902 0.0979573066495778 0.18232640507947587
2 0.4931755421733399 0.8977305948357059 0.1872144742194024 0.17965776206571746
1 0.17570700192056396 0.6943625804925538 0.16763231456303554 0.22264387023308566
1 0.3437787347348521 0.22749499510585855 0.06042624491161739 0.08165179328391084
2 0.5228088947299032 0.4028248334029607 0.08063692559888339 0.1696974303072194
1 0.4461910837849123 0.2849677000078492 0.0688119549975255 0.09286211179556511
1 0.42442454715018096 0.16832583703115778 0.042174211894930556 0.06073909255827141
1 0.47182849163225704 0.1917162078123975 0.05368492198083885 0.0720585384745874
2 0.4810596494796016 0.09903763449141982 0.032881099050060314 0.061974210344286275