2 0.1379613404551747 0.6939403766598249 0.13941213930283633 0.27572722872636957
1 0.9262404319304615 0.8189327061952023 0.14751913613907702 0.30262607201231545
1 0.6512425904551747 0.6909541937021704 0.17387567051050076 0.24781130698520074
1 0.206938233264514 0.41454779244906537 0.07629026232447193 0.11447156615858275
1 0.7139517938708206 0.3068786546709507 0.07843926051544958 0.06606133723582168
1 0.7254115943003618 0.36151615769601275 0.096773180687266 0.0880363311856974
1 0.5528139772716202 0.4680212086310892 0.11008540818602892 0.13341246369925486
1 0.36005991123824665 0.4285052324388025 0.08500352103089917 0.13170451795398092
1 0.15013603459856645 0.49380856645317034 0.08804663387576941 0.13016019867214013
1 0.27340203697341564 0.3407012262904825 0.05450379353213641 0.08622839149054773
1 0.44042908468942354 0.3217552626894236 0.06503185775648763 0.0784795240041051