1 0.06278103504791306 0.874490987675528 0.11633617349399668 0.20548643939369313
1 0.6550838001976441 0.17284668475959597 0.0683397472985769 0.07679487336031983
1 0.7287488133518236 0.16509173846849762 0.0702662683452644 0.08312676051544958
1 0.23548684783503943 0.4767860707830719 0.143763952503779 0.14149918249628843
1 0.39011270562872513 0.36275679104574554 0.140638952503779 0.1413354081860289
1 0.2225156819512018 0.3785499666446289 0.1053693104386391 0.09742827792830414
1 0.23838360565696 0.40030545793820166 0.10564232622365459 0.10211577792830404
2 0.399524773959872 0.26802082315792114 0.09746580517696728 0.09545634215265535
1 0.5224155133659412 0.19070364936805997 0.07320925782192056 0.0801655348257091
1 0.3801069160250119 0.22697974332973764 0.0566742052052021 0.06372166327441153
1 0.7851635402389977 0.761082589893407 0.22668141026922975 0.28136726594251654