1 0.21796875 0.20859375 0.06875 0.06484375
1 0.13671875 0.18828125 0.06328125 0.06640625
3 0.28984375 0.13984375 0.23203125 0.1296875
1 0.29765625 0.20625 0.06953125 0.06875
2 0.26953125 0.23203125 0.06171875 0.08515625
1 0.32890625 0.2953125 0.07890625 0.08515625
1 0.47578125 0.3203125 0.08984375 0.090625
1 0.953125 0.36015625 0.09375 0.1140625
1 0.90859375 0.40703125 0.121875 0.1203125
3 0.57734375 0.22890625 0.18828125 0.1890625
1 0.39296875 0.359375 0.08671875 0.1015625
1 0.590625 0.41953125 0.10703125 0.11328125
1 0.84375 0.2890625 0.08359375 0.09609375
1 0.74921875 0.284375 0.0875 0.10703125
1 0.78125 0.24453125 0.07109375 0.08671875
1 0.4953125 0.45703125 0.10859375 0.1203125
1 0.72578125 0.540625 0.13828125 0.14296875
1 0.63203125 0.65546875 0.12890625 0.16640625
1 0.90546875 0.80625 0.18828125 0.221875
1 0.7171875 0.18203125 0.05234375 0.06484375
2 0.94296875 0.55546875 0.11328125 0.19609375