1 0.49453125 0.115625 0.040625 0.059375
1 0.659375 0.70390625 0.13828125 0.290625
1 0.59453125 0.23203125 0.05546875 0.1
1 0.70859375 0.07109375 0.02890625 0.03671875
1 0.559375 0.171875 0.040625 0.071875
1 0.69921875 0.26328125 0.05703125 0.1015625
1 0.696875 0.0984375 0.03671875 0.0484375
1 0.75546875 0.07890625 0.03359375 0.0484375
2 0.63984375 0.1234375 0.04765625 0.08671875
1 0.721875 0.13359375 0.040625 0.06640625
1 0.80546875 0.14609375 0.04921875 0.07578125
1 0.57265625 0.071875 0.02421875 0.0390625
1 0.8421875 0.290625 0.07734375 0.1
1 0.9671875 0.3203125 0.065625 0.1125