1 0.7765005018140986 0.07906495512450526 0.04086310217691817 0.05338186517764645
1 0.7671453491816933 0.12386803287476426 0.044151793283910834 0.05821491439185818
1 0.5593452620657176 0.20388721091547352 0.049657748818873595 0.08187073821317573
1 0.5886309687818068 0.14909270305759068 0.04275298439090349 0.06282963978475227
1 0.6649950613400781 0.1916483841986718 0.05747024881887377 0.08223461124870504
1 0.7327828282999371 0.7033521716260592 0.1557143197775986 0.2599658130679504
1 0.8102976376562807 0.17579655996306948 0.058978185116542646 0.0807448858558109
1 0.5291741232283105 0.1439835179875681 0.037901793283910835 0.057923815963434724
2 0.5772470354793625 0.11346341811140259 0.035049611795565025 0.065590766749223
1 0.6353323539910167 0.12396857857431934 0.0410813569862416 0.059631865177646404
1 0.9097098498146655 0.25296483560363264 0.07849207694917482 0.10349318114108116
1 0.5230134032653774 0.10157769416625051 0.030887901451278843 0.035757717535011314
1 0.5974404843909034 0.08866462530733168 0.036175602176918176 0.05316354135632886
3 0.4897843072485449 0.6241761321317572 0.2724455290255765 0.6990711625298314