1 0.07109375 0.89140625 0.140625 0.21640625
1 0.896875 0.92578125 0.20625 0.1453125
1 0.5546875 0.6953125 0.13046875 0.20703125
1 0.18046875 0.5234375 0.08125 0.1390625
1 0.41796875 0.51796875 0.09609375 0.171875
1 0.69453125 0.36796875 0.06953125 0.071875
1 0.50078125 0.490625 0.09609375 0.1296875
1 0.55078125 0.45 0.08046875 0.1109375
1 0.76484375 0.37109375 0.07734375 0.071875
1 0.32421875 0.41171875 0.07109375 0.128125
1 0.51015625 0.38125 0.07109375 0.08125
1 0.37890625 0.36875 0.05859375 0.08125
1 0.82421875 0.47109375 0.1125 0.09609375
1 0.19921875 0.36875 0.07421875 0.1015625
2 0.96171875 0.4859375 0.07578125 0.13359375