1 0.19037231809233796 0.43828125 0.08962009263643718 0.1265625
1 0.7177816349310346 0.865625 0.24375732633910124 0.26875
1 0.39351873548503064 0.65234375 0.15534804420664744 0.2375
1 0.09185694708437084 0.62890625 0.1357342261808166 0.2078125
1 0.31440085147843283 0.41796875 0.08135295157021041 0.1109375
1 0.5026139053184988 0.4203125 0.08585859514371955 0.1046875
1 0.79526440657214 0.43125 0.08834709765100204 0.0828125
1 0.7817498243605441 0.49296875 0.11559155925034244 0.10625
1 0.4044779336900287 0.35625 0.06339256175762475 0.084375
1 0.2479611607287751 0.31171875 0.05865959765100204 0.0828125
1 0.34164296456884113 0.3140625 0.062011918184115444 0.090625