1 0.6399726148553779 0.2126610220591975 0.03384889448011297 0.05956589754067192
1 0.7521141047091081 0.18779231138500482 0.035165932629560005 0.045512487899751576
1 0.7169345353100731 0.23408604928475643 0.04484094155801355 0.06275453005422929
1 0.7992072930207109 0.1750196006126163 0.04306025324641087 0.05024543969514968
1 0.2587775673737355 0.5250035034178456 0.09595915665497756 0.12710792154477701
1 0.794346469157449 0.22972982651031532 0.0478841209411625 0.058085210772388506
1 0.6746322126646274 0.33041614862082647 0.0530625446422686 0.08623748184962743
2 0.7807322082004005 0.33839175420341244 0.05821369480442442 0.11282725292686617
1 0.8530493133132504 0.2231389380448297 0.04944662094116268 0.058094301131468115
2 0.2587441599046837 0.3031512293155446 0.07060460064862309 0.10664997579950324
1 0.8391583628267831 0.3028991609174666 0.06717959172016919 0.08944429508134392
1 0.4234475880700167 0.2654779916121847 0.04478639448011297 0.05962953005422929
1 0.9446271128267829 0.3022855616795924 0.06386367694751698 0.0784886143631847
1 0.7686183973260773 0.6743656156397309 0.11711713636243815 0.17566359621281222
2 0.9628342272784192 0.825563980395699 0.05027628408896199 0.284638620413309