1 0.41015625 0.525 0.04453125 0.06328125
1 0.4640625 0.52421875 0.05390625 0.078125
1 0.35625 0.578125 0.05234375 0.078125
1 0.4828125 0.75703125 0.084375 0.13671875
3 0.2234375 0.828125 0.415625 0.34375
1 0.6359375 0.7453125 0.09296875 0.13671875
1 0.42890625 0.55546875 0.06015625 0.06484375
1 0.578125 0.61015625 0.053125 0.09296875
3 0.421875 0.57890625 0.15 0.19453125
1 0.64609375 0.55078125 0.04765625 0.0890625
1 0.525 0.48125 0.06484375 0.05390625
1 0.61015625 0.4609375 0.04140625 0.05
1 0.54765625 0.46484375 0.04921875 0.040625
1 0.62421875 0.4390625 0.04296875 0.040625
1 0.70703125 0.428125 0.03359375 0.04296875
1 0.3640625 0.54375 0.07890625 0.0609375