1 0.1735765870558839 0.09247334184501435 0.04258991439185813 0.043369566772189706
1 0.11363650682442557 0.1230844958433649 0.045787688998963995 0.04502299498543505
1 0.22274183312694248 0.07543895453971124 0.03768409057054054 0.03854567445232167
1 0.25182786559193115 0.10423990446056897 0.05069351282028158 0.04984688730530311
2 0.5143084791169479 0.3985365075883544 0.1949273180303493 0.23192726458147642
1 0.3287134274215367 0.4468472901165194 0.13703773531769164 0.1615860208496825
2 0.07095658540325407 0.4364028497625732 0.14129289578060833 0.21944398495630518
1 0.21809706679200422 0.25891904427315454 0.0940839478903042 0.11040395407749282
1 0.3421810378416722 0.09068821832976479 0.05240156203449331 0.05301735141192578
1 0.23369214164677912 0.15860079552679576 0.055381012820281586 0.04998327962517113
1 0.07516470409555717 0.26229776002912986 0.07304370181924558 0.09418792069139795
1 0.1799204390034732 0.8943253468595793 0.20924237510244392 0.20425690564770313
1 0.5086750250213907 0.13421559481451523 0.08325345574818713 0.07888116943775673
1 0.45878203287927344 0.16687498211981833 0.08674232878371627 0.08678459765100213
1 0.44428073118386247 0.2102074449727998 0.0895762303552928 0.08062552586424747
1 0.006262808519836629 0.19579823330695256 0.012525617039673259 0.05840353338609487