1 0.7842143724163568 0.2058747489370547 0.036194365177646404 0.04046317391627667
1 0.682814538255957 0.22326252019159298 0.04488016046291676 0.059531508897248564
1 0.7930606794884513 0.23358591346179117 0.048005160462916766 0.05965884288963732
2 0.28286361828252754 0.6068296842592188 0.1890797324222075 0.27594437056996635
1 0.3977973753118409 0.3323469960084863 0.07958480024766904 0.10149351581733076
1 0.7422772754356753 0.26918517384191454 0.06010705417661057 0.08510451186299814
2 0.29614498407934653 0.3216734342592189 0.0887072431755744 0.12993685079830275
1 0.8237412911514411 0.3282471560474174 0.06435790653397504 0.07592051285158127
1 0.4131741263452982 0.23658882703512552 0.05945208271265763 0.07104201186299805
1 0.774353413153513 0.4175934989370547 0.08590757485477489 0.10331068380210837
1 0.473606512201109 0.17798314817593303 0.04629711124870504 0.05647017589344294
1 0.6738161040145039 0.5838816852106211 0.11755998924663302 0.14670785672980174
1 0.8123798362318236 0.7061174880626397 0.1680351782455972 0.192431533611828
1 0.9153679032287156 0.5709201342985876 0.1152697431755744 0.13101918973360735
1 0.5455542868082148 0.173491966350991 0.043172111248705035 0.05634284190105419
1 0.5921381883797915 0.17783195646515929 0.04146406203449331 0.05315417490485981