1 0.39369230376232567 0.23136661202549366 0.06366870181924558 0.09253293364502549
1 0.7200835217116217 0.10834116072107489 0.043172111248705035 0.054923849336070064
1 0.4848268418088857 0.5270103892510526 0.13460624813797323 0.20697722872636942
1 0.7689576693542569 0.11743435958960675 0.04182793507002262 0.05960225897699045
1 0.5049358647633617 0.18695756099222136 0.06054370181924558 0.09251475292686621
1 0.5702248786171006 0.3303666725267357 0.08878001778268026 0.12860678903121975
1 0.7441439139775733 0.18869173605303985 0.05818068114108108 0.0753181625677866
1 0.8103318401562557 0.1836178957921561 0.05952485731976367 0.07063975292686626
1 0.5588078815125848 0.21946553396305415 0.06196065260503403 0.08939884328594587
1 0.49910108767505645 0.1455740368899204 0.046879308105551944 0.06744203005422929
1 0.5494435359796455 0.10230075986075322 0.03804796360606986 0.04552157825883123
1 0.8199530508668416 0.3398542602535367 0.08827059553293921 0.11766928903121973
1 0.5246233184446341 0.07274961524694748 0.03350601282028158 0.04861930718159235
1 0.5644670684446341 0.07251781109041724 0.03350601282028158 0.04861930718159235
1 0.9008564102535196 0.6003917844540335 0.17247012117350238 0.21500789734428025