1 0.28275491794997615 0.5086191627085848 0.16571454721387227 0.17068871551297526
1 0.17021014434304 0.42171894900463175 0.14863346302712271 0.1448698439616777
1 0.9886137209196306 0.3732591898439193 0.022772558160738754 0.08642217887824381
1 0.6607595496329467 0.4193884028705036 0.09534186305535766 0.11248006784239592
1 0.5186491023908395 0.279533607529345 0.07789675782192056 0.08041119629109836
1 0.4991332629424181 0.25202940524535283 0.06623121572854576 0.06733798620519008
1 0.4376042287415511 0.23867955619529252 0.07449874203690499 0.07555992198083886
1 0.6293744997882385 0.25496073269868713 0.06016322625188959 0.07013543758467104
1 0.9728395615775891 0.7000330517842783 0.054320876844821696 0.1918400192218769
1 0.8096190677664495 0.7286106739014028 0.13535918927901208 0.21115658525525038
2 0.5787477703408157 0.77648385063194 0.18532836817585513 0.2667381999091429
2 0.5413515840455754 0.20127913274411563 0.04877069994353036 0.06174972749876284
1 0.6340018156297238 0.20068266847433586 0.05134966837349921 0.05253850180902235