1 0.13352177412312582 0.9670845484297896 0.10450696846486114 0.06237563103709718
1 0.1587737344198618 0.8428286945105814 0.1757676386770835 0.23933058762187223
1 0.21703756325770893 0.6925953622989856 0.1038185970739585 0.16697220282385156
1 0.6659692917905563 0.8687233239648326 0.15171188962701407 0.21208612602253218
1 0.49810899135371595 0.8446817333734596 0.1401574469977085 0.2523474131695508
1 0.29622048945385493 0.9037170672344083 0.17910953780340294 0.18165447994174003
1 0.473940873478195 0.646031284706243 0.11657317021222244 0.17827341567683314
1 0.6342802678548617 0.716416677884041 0.12642094889756966 0.19885870031656924
1 0.254334928664688 0.5484445455267958 0.109777656344514 0.15465405925034226
1 0.3346984951534381 0.7431145363555957 0.15207556553881965 0.22771112602253202
2 0.293195447282049 0.43786474670129466 0.092262848023889 0.14009145407749274
2 0.08868913202756981 0.4180165626155546 0.06958776101791675 0.1050799565847754
1 0.5513170718070837 0.44364441910855235 0.07787303970326391 0.12561977711788863
2 0.17836792144649333 0.3411381623781278 0.07565592306201396 0.097449313011266