1 0.7818987380626399 0.8669644115140607 0.26560373125410075 0.26607117697187876
1 0.36877924452561145 0.4435720496329467 0.11842103064607841 0.15186487884037306
1 0.4441240958182059 0.36260204166985177 0.104902358706968 0.12613683674699824
1 0.37421213832728234 0.15648927858625933 0.0490396778706093 0.05585515785015547
1 0.08434057752941711 0.4285715920086702 0.0777960306460784 0.149498742036905
1 0.6782948018634356 0.1890790546122699 0.07142401384016459 0.06962923151356133
1 0.1059303705327852 0.22543888673288093 0.053438017794497125 0.08728716837349922
2 0.24508837102707676 0.23119460502167546 0.062141855741218596 0.10961719468185845
1 0.7187951264642842 0.2329424466774098 0.0839876808363588 0.07191977360693613
1 0.7239017791260226 0.29980372298576907 0.11820085475263546 0.10820588410204497
1 0.9674316032325796 0.35784154906824933 0.04425401878308044 0.09142863680346806
1 0.9434144885941123 0.5052324885590231 0.08089185574121842 0.11070925782192056