1 0.7719028868892682 0.1515625 0.043172111248705035 0.0546875
1 0.6692723465663967 0.2125 0.04858735731976367 0.0703125
1 0.2065006346129566 0.50859375 0.12690075599585607 0.175
1 0.39662686683027626 0.38046875 0.07682367328319835 0.10625
1 0.4765690779551468 0.3859375 0.07853172249741007 0.109375
1 0.8069800159206535 0.334375 0.07667812406898662 0.103125
1 0.7138657167064417 0.33125 0.06828342721213972 0.090625
1 0.86933015860089 0.2640625 0.06933650496239849 0.0796875
1 0.8718322663349383 0.18359375 0.05291098428423453 0.0625
1 0.7472326424708394 0.47734375 0.09383139081820957 0.1359375
2 0.378360556243525 0.2734375 0.07028257485477489 0.1
2 0.29916105376232566 0.23359375 0.06032537799792799 0.0875
1 0.37490591645877275 0.2328125 0.05491013192686953 0.071875
1 0.9012844416850511 0.48046875 0.10164389081820957 0.1359375
1 0.5093708076912671 0.21796875 0.04724318114108108 0.075
1 0.9594307158801267 0.38828125 0.08113856823974644 0.134375
1 0.45531685442427944 0.18125 0.04011988585581072 0.05625
1 0.9949122975593273 0.3140625 0.01017540488134543 0.0921875