1 0.52421875 0.478125 0.08359375 0.171875
1 0.6296875 0.36171875 0.06640625 0.1109375
1 0.68984375 0.12109375 0.0375 0.04609375
1 0.696875 0.30546875 0.06328125 0.0984375
1 0.58984375 0.19375 0.04375 0.05703125
1 0.65546875 0.25078125 0.046875 0.08515625
1 0.7515625 0.15859375 0.03671875 0.05546875
1 0.81328125 0.178125 0.04453125 0.05390625
1 0.78984375 0.26640625 0.06328125 0.0796875
1 0.58984375 0.13515625 0.028125 0.04296875
1 0.62578125 0.121875 0.02890625 0.04609375
1 0.54140625 0.12109375 0.02890625 0.05
2 0.91640625 0.31484375 0.096875 0.1390625
0 0.57578125 0.08203125 0.02890625 0.06328125
1 0.60859375 0.08359375 0.02109375 0.03125