1 0.246723103626563 0.6112160339891055 0.19520731648875014 0.20797764192396553
1 0.10660594348232685 0.5578040657003109 0.17420383225631958 0.17710707352223148
1 0.9202066632783683 0.21665583597053945 0.05210932028847211 0.09353716837349921
1 0.5972088404244447 0.38430898365028704 0.11388327488562525 0.13302387357870132
1 0.40921657152274327 0.2851981075113371 0.09120818787965276 0.09737479991529537
1 0.38214492524621546 0.26177601806291567 0.07838087955902787 0.08258425782192055
1 0.3167744983844794 0.268891297072698 0.08641158510611113 0.09241428413027979
1 0.512249346124028 0.22020171004335093 0.07216724715020835 0.08378273677523325
1 0.978982904444653 0.5676792806523979 0.042034191110694154 0.20612817363517094
1 0.8455424633339588 0.6624772992094237 0.16951763867708358 0.24393055247554418
2 0.6293570317225701 0.793441059944529 0.22882120991548635 0.3113602471574026
2 0.40785213364309036 0.193056110142173 0.05944904160312507 0.0736796946818584
1 0.5014923776591667 0.16028067847331987 0.059230836056041625 0.06430469468185844