2 0.62890625 0.5859375 0.08984375 0.25
1 0.925 0.88046875 0.15 0.2359375
1 0.81328125 0.23203125 0.04453125 0.05546875
1 0.759375 0.1390625 0.02890625 0.040625
1 0.78125 0.16484375 0.0375 0.04609375
1 0.73203125 0.159375 0.02890625 0.04609375
1 0.7125 0.14296875 0.028125 0.0390625
1 0.81953125 0.2640625 0.05625 0.06875
1 0.696875 0.353125 0.06015625 0.1015625
1 0.5859375 0.28125 0.046875 0.0796875
1 0.59921875 0.21875 0.03828125 0.06484375
1 0.53203125 0.19921875 0.03125 0.05546875
1 0.57890625 0.1734375 0.028125 0.0484375
1 0.57265625 0.146875 0.02578125 0.0390625
3 0.83203125 0.17109375 0.08359375 0.13125
3 0.95 0.246875 0.1 0.24296875