2 0.4126112001666158 0.24428251794241174 0.1169392510334573 0.09662155601527207
1 0.5783752872224996 0.3399570025859583 0.06381425103345731 0.09600339067472685
2 0.5774207169158387 0.20957006858691277 0.04015842721213971 0.09104317067154524
1 0.6396125018620268 0.1986956559118677 0.04353598428423418 0.0629727146721816
1 0.86511546195344 0.2858667498806873 0.06955482878371626 0.08513861600890867
1 0.8219541209686145 0.1731491212205961 0.043099336641599 0.05359771467218159
1 0.7790388748975562 0.1892650172263231 0.0479323858558109 0.05677725867281791
1 0.7618706455757206 0.17228660256209571 0.04288101282028158 0.048910214672181596
1 0.7719198877178377 0.14093660522759577 0.036412688998963993 0.04414998933799978
1 0.7326390638965201 0.14607863856623188 0.036412688998964174 0.04414998933799978
2 0.7143449822173197 0.11974340523554994 0.03201628742738745 0.050345445337363424
1 0.6990474679492961 0.1128939685710044 0.031943512820281586 0.04878294533736347
1 0.8771210022763116 0.34663152721200563 0.07809507485477489 0.10085452267663583
1 0.6154151765929672 0.14822348858214024 0.03187073821317572 0.04722044533736343
1 0.5645076480569199 0.13476097258913994 0.028600188998963993 0.044059082670272566
3 0.9315260200589919 0.2179429058720968 0.12421240363849115 0.1857204186823629