3 0.263735138030219 0.8215119772985764 0.41822378041659397 0.3569760454028472
3 0.13900191099147252 0.7792718855429515 0.2296446652146146 0.43318009517409733
3 0.36292382963780645 0.5596361052420835 0.2236554264973858 0.3346698599917364
0 0.47037731380268877 0.3888170718070837 0.09866012351524951 0.17093205547083343
1 0.2536123287798766 0.7202625210859029 0.13629651583511765 0.17649237765916687
1 0.4156466982049981 0.3055675075025351 0.046994671945039104 0.05886716014423614
1 0.6108970137235465 0.3616395888089241 0.07566524122451135 0.07827177678548622
1 0.733410859725196 0.30593706230777834 0.07571070533113407 0.07983427678548623
1 0.6590700892712249 0.32684766793111164 0.07097774122451135 0.0781626740119445
1 0.7446642599626229 0.39754333405927145 0.08719377461060632 0.09883884992374999
1 0.2691497829238764 0.3419745201359724 0.05641513605166191 0.060647865691319504
1 0.4055299006331382 0.253023735751042 0.03725595909205772 0.04614895459715278
1 0.94689904671393 0.5265807898906953 0.1062019065721401 0.14963893692972227