1 0.19602765583029136 0.5190426327621394 0.09751132513557322 0.11275794954451293
1 0.6650988009350765 0.15493542650938624 0.039398843285945874 0.059176592558271415
1 0.3965003545024315 0.5933084788637897 0.11821471057599683 0.18065477767481433
1 0.31986915592848725 0.4498610684268362 0.08819995764913058 0.12336806733052796
1 0.2020907825883121 0.35239084610165045 0.08180451190385671 0.09814981252120454
1 0.6288482044276767 0.2366864235141614 0.059956782981095455 0.10207342068857254
1 0.4426112434588966 0.32601928594269863 0.06466246369925485 0.10536211179556502
1 0.3651538639704012 0.309188939208076 0.06776928298109555 0.10234623920022674
1 0.7626414214465813 0.13199394511370777 0.0440954336450254 0.060902783665263985
1 0.8234249062230748 0.23770574257396984 0.058239746876741806 0.07545635698624169
1 0.76049818022718 0.30085307251836946 0.07558178298109546 0.10261905771188111
1 0.31109307786604773 0.2845088869384905 0.05989315046753827 0.09113592068857254
1 0.4459947978118185 0.2360391266868715 0.056713608313060604 0.08165179328391084
1 0.9455380072680676 0.37951624194099765 0.10892398546386488 0.1366865228654907
2 0.925695933350438 0.22163182007129878 0.0740556444174139 0.10881449400955026