1 0.61171875 0.15546875 0.034375 0.05390625
1 0.63046875 0.259375 0.05234375 0.08125
1 0.4109375 0.16484375 0.03515625 0.05546875
1 0.47421875 0.1234375 0.028125 0.04453125
1 0.5234375 0.09921875 0.028125 0.040625
1 0.63671875 0.36015625 0.07265625 0.1109375
1 0.82109375 0.5296875 0.12421875 0.17421875
1 0.50625 0.071875 0.021875 0.03515625
1 0.77890625 0.82578125 0.18359375 0.28671875
3 0.93046875 0.44375 0.13828125 0.40546875
3 0.7421875 0.28359375 0.13203125 0.27578125
3 0.32265625 0.31015625 0.128125 0.278125