1 0.6261744596207832 0.7118912800774247 0.16690532132453625 0.3189303666156336
1 0.5348413836108865 0.36446713483006016 0.08203491316955044 0.13755834980971962
1 0.6408389825155297 0.2883582795831331 0.06527331050398359 0.09785917984777566
1 0.7396582304039587 0.11031950981146965 0.045341243731793844 0.056470175893442984
1 0.6962682800873896 0.23381801821442663 0.06651756175762494 0.08698534684397004
1 0.6152659841648823 0.14816170251082655 0.045523100158284535 0.06272017589344295
1 0.68200720328607 0.18757968817637055 0.05016513605166182 0.061348676882026165
1 0.8092743969387216 0.15820391148462482 0.04864810015828454 0.06284750988583174
1 0.8856634006996451 0.18786489517300248 0.058341348904643556 0.07416701186299805
1 0.8621002170761235 0.30041131612352956 0.09179034639736088 0.09737901878308027
1 0.6222577817367422 0.09559511802414619 0.032568459092057724 0.04658583992388783
1 0.659362976643035 0.08081769361357802 0.02944345909205772 0.04645850593149905
1 0.5758828869095918 0.08031762790997796 0.03105142319868044 0.04808467292769343
2 0.9754974758516122 0.3722624584051446 0.029637338875513564 0.16039367193911022