3 0.047755152649591695 0.32606759631100796 0.09551030529918339 0.14901019262201592
1 0.0952001279440026 0.41308178298109555 0.07756247334499947 0.08638292759490121
3 0.3305461872613215 0.5324277223816576 0.4394294107256337 0.43690211982413363
3 0.7909911492282321 0.7759640989432866 0.4052544053946335 0.4480718021134269
3 0.25665634329250187 0.30229479478675636 0.17385676535645347 0.1713124394987579
1 0.4135325046149115 0.38368167105379775 0.10112724267981754 0.09745678298109546
1 0.5659938859405027 0.44160377624360025 0.1311056440165448 0.12262949980360834
1 0.759697885264185 0.5138292759490126 0.1642090453532717 0.14782039734428026
3 0.9028580866088664 0.4310627486252579 0.18693856802990752 0.221385162371395
1 0.6522859219446389 0.4116349959929793 0.12939769334818116 0.11012040944452864
1 0.4779040872851841 0.35749187577606206 0.09643974267981754 0.09742951190385671
3 0.3498341786282745 0.2848669211519936 0.1783806333545445 0.15727721057599683
1 0.9458348325907308 0.564915573859027 0.09665791868236298 0.11617951190385671