1 0.03923976548322898 0.539574076302517 0.07847953096645796 0.16977315260503384
1 0.10746308862149287 0.5638335217116217 0.21492617724298574 0.26204204342324344
1 0.06773883971359362 0.3659567938375282 0.13547767942718725 0.15476889081820958
1 0.8577527229301734 0.3113381077295391 0.07420252583555538 0.10334763192686944
1 0.41700043636104145 0.2962844185256873 0.12314917211208343 0.12747864474715104
1 0.5275749136596178 0.2834462783266503 0.11700827488562507 0.13187504631872757
1 0.4323000876715623 0.21018425268608715 0.08637521751493064 0.08986732878371635
1 0.6084086459921874 0.2043088959854961 0.0753649823325695 0.0862329065339753
1 0.5753967774510762 0.17774424193272015 0.0673706443766667 0.07805653349844599
1 0.6613641129384371 0.5164857183590715 0.13525043502986128 0.17798806699689215
1 0.22100533776847153 0.8205459021907491 0.2939747376509031 0.3586302531003717