1 0.19921875 0.19921875 0.065625 0.07578125
1 0.3125 0.25625 0.08359375 0.0890625
1 0.17109375 0.16015625 0.07890625 0.05703125
0 0.76015625 0.45859375 0.259375 0.321875
1 0.47578125 0.3984375 0.10859375 0.140625
3 0.51796875 0.22890625 0.23359375 0.1984375
1 0.9609375 0.38125 0.078125 0.128125
1 0.73046875 0.2765625 0.09296875 0.08359375
1 0.8125 0.26328125 0.09765625 0.09609375
2 0.58046875 0.53046875 0.13828125 0.2015625
1 0.73671875 0.2015625 0.06484375 0.0703125
1 0.684375 0.221875 0.06875 0.078125
1 0.928125 0.81875 0.14375 0.2296875
2 0.834375 0.3734375 0.0875 0.09296875
1 0.765625 0.95234375 0.175 0.0953125