1 0.556080987798891 0.21993969866803703 0.07126287799792799 0.09023768083635879
1 0.7285597251834972 0.5747438982874762 0.15117731803034928 0.23229252965749528
1 0.6870013480141386 0.1847263933445603 0.05996150496239885 0.0819795118629981
1 0.35401360524833975 0.8331328115207122 0.27011571670644174 0.3337343769585758
2 0.6335360537623257 0.258965047983465 0.0814769400324213 0.14211851581733076
1 0.842322394747151 0.15440617646209664 0.05491013192686935 0.07397601087441492
1 0.7570249036384912 0.21487149117711352 0.06508565260503385 0.09154551285158127
1 0.9385831186923032 0.21213244623376015 0.06799232878371626 0.08698534684397004
1 0.8912222752262784 0.2835007688574424 0.08463617328319835 0.10949701680591399
1 0.6837457613725395 0.1315695598464631 0.05996150496239885 0.0819795118629981
1 0.7533861732831983 0.13674649117711352 0.05491013192686935 0.07397601087441492
1 0.971701679693339 0.36590870364813394 0.05659664061332208 0.13405134783255318
3 0.5864705010334573 0.11902845608241082 0.1729410020669146 0.19731003460041113