1 0.64921875 0.8453125 0.15234375 0.2703125
1 0.68046875 0.053125 0.02265625 0.03359375
1 0.6515625 0.35703125 0.09375 0.15390625
1 0.8484375 0.64921875 0.14140625 0.25
1 0.65078125 0.06015625 0.02578125 0.03515625
1 0.51796875 0.10625 0.02890625 0.0515625
1 0.58203125 0.15390625 0.03828125 0.059375
1 0.74609375 0.12578125 0.040625 0.05390625
1 0.80390625 0.12421875 0.04453125 0.05703125
1 0.57890625 0.0953125 0.03125 0.0484375
1 0.84140625 0.21640625 0.06171875 0.078125
1 0.5578125 0.078125 0.025 0.04296875
1 0.61328125 0.078125 0.02578125 0.040625
1 0.9234375 0.4046875 0.103125 0.128125
1 0.9625 0.27890625 0.075 0.0953125