1 0.7381660219140972 0.23855563011266012 0.04157957386326174 0.05586956677218975
1 0.7021291103878557 0.2765497236070272 0.04955571509696384 0.06547188730530315
1 0.24443893587267543 0.5833821159934022 0.1534637394466932 0.20280205423577727
1 0.06570996387585266 0.5883327257851052 0.1143466923687925 0.1985404515702104
1 0.20983033644186833 0.4347938518076372 0.11487279788867957 0.13921091567683294
1 0.2511257179363377 0.2954418467930723 0.07658186525911966 0.09280727711788864
1 0.71148256533855 0.36505829414014046 0.06397277110331849 0.08619356426490725
1 0.8334297033258412 0.328002226510021 0.060602309252764996 0.0720401360516619
1 0.8049246481302657 0.43961567643087873 0.0766636858759707 0.09749477711788863
1 0.6944917086008469 0.4652939748606684 0.0768273271096728 0.10686977711788863
1 0.3950024030015296 0.2621472766556703 0.06717959172016937 0.0909719924781526
1 0.9388535888775003 0.37323582165374064 0.07345686525911965 0.09271634890464338
1 0.9088542175293007 0.48871005746797563 0.09398755357072233 0.10580738229073816
1 0.7107009098980932 0.6781576877136498 0.12161372158978559 0.1675177721033238
1 0.8787514805149442 0.687732579175588 0.13567622158978593 0.1679269490629279
1 0.5207466968330193 0.21895486929210745 0.04319662094116268 0.05904003087881238
1 0.4185705422066367 0.18084345236163318 0.0416341209411625 0.05899456677218975
1 0.48655292897611185 0.1836023909997198 0.03842730032431163 0.05421613855894436
1 0.5922807775961401 0.2015149681967508 0.03842730032431163 0.05421613855894432