1 0.27519726214070095 0.2748909538861602 0.056960705331134065 0.08067211124870503
1 0.15413902058698511 0.9604131151776464 0.21022209765100214 0.0791737696447072
1 0.6151045112827711 0.1272198571103666 0.046994671945039104 0.05992296360606986
1 0.42982257765924936 0.2304603653825342 0.0683983105039836 0.09836903349844599
1 0.5119878714701855 0.14901562034493293 0.04575042069139794 0.070787688998964
1 0.4583146728694761 0.5955609805601807 0.14046719028743926 0.21563361621110372
2 0.3584704148854102 0.20914398345566482 0.06724498746358769 0.11235875889134021
1 0.6008996072844205 0.18523141025351972 0.05856866943775678 0.08230738585581085
1 0.5237149816575999 0.17616031720177983 0.04869356426490725 0.06468323821317572
1 0.44894699920857717 0.32601045988201627 0.08626777210332363 0.1226070541766104
1 0.6937343134734844 0.27482691128697706 0.09072795157021041 0.11501287799792799
1 0.7319042517158596 0.36109405107172937 0.1267851235152495 0.1744264193542568
1 0.4052604983506473 0.16047319706173463 0.04060827962517131 0.05494436517764645
1 0.363186658617204 0.1546020326698765 0.03748327962517113 0.05479881596343472
1 0.4422664048562804 0.12542826302516935 0.03573892319868044 0.04847604135632886
1 0.9000415201247666 0.6857602189782442 0.17100178793844165 0.29975605913900905
3 0.6932378714701855 0.1574574747692124 0.12995558762187223 0.17613446856846862
3 0.5560477600291298 0.11351692204034403 0.08015416442319179 0.12700345574818703