1 0.566664804352922 0.08324392592300353 0.04723861436318479 0.06304544000636336
1 0.6197716236347628 0.08575076058245842 0.03781816256778665 0.055123852005090665
1 0.6038739128623742 0.13280757391791287 0.0614011083130606 0.08039657200827235
1 0.6558767743968885 0.19079224924414045 0.07871587334017516 0.1024715666772722
1 0.5898154371610669 0.2665558652530492 0.08345791549465283 0.11190111067790856
1 0.7744040605994378 0.22769171789468662 0.09289654800821019 0.12294769867918127
1 0.7889609434075828 0.4111036545592322 0.14964651775758925 0.20953972668681722
1 0.7970900433328281 0.7594229758911868 0.24428737294739164 0.3637556066995439
1 0.9865570643118711 0.687691784532188 0.019940837039429837 0.20490567600254544
1 0.2672364552132437 0.2570290606301835 0.06294542759490121 0.07728975334181776
2 0.49014917604277713 0.881736517266094 0.18255901170746486 0.22710903469127147
1 0.32709168160192204 0.5766233979551384 0.1511726563212707 0.20330790802036275
1 0.32823758772680095 0.24538248862191114 0.06617042154477701 0.09451361600890866
1 0.33857966920708604 0.347598969287093 0.10233518052176756 0.1339942866804539
2 0.3834386930147994 0.15646489194782057 0.05208065046753827 0.08966248400699968
1 0.4460614128623742 0.1346438886060028 0.04883747579950324 0.06931362133990877
1 0.3617773164531704 0.1200006806174568 0.03781816256778665 0.05512385200509069