1 0.8642550460295896 0.1979120234639229 0.041334072008272216 0.06188305737069451
1 0.14362601471990663 0.3889507843849304 0.12356586401972636 0.14814917211208342
1 0.47075158871736134 0.3625817740326037 0.12329314401654479 0.12471167211208342
1 0.9000112800365893 0.24865625266236036 0.049146572008272216 0.06206489532659729
1 0.9531095553787251 0.3122816883578117 0.04767497867599957 0.06984102773541671
1 0.7201066987189522 0.368499893239305 0.08875451201463562 0.10984908510611122
1 0.6144277686982713 0.21857458805281196 0.07451019867918127 0.09389677678548622
1 0.6918624253659985 0.22458689228937442 0.06811474801081766 0.08125130642076392
1 0.9553709420353165 0.5895527031754506 0.08925811592936697 0.1850309230620141
1 0.5500242021005408 0.7280236296559371 0.1997840133672712 0.2545823164887501
1 0.6543164246896808 0.15434778068211752 0.050654528007635945 0.05741376291777782