1 0.0298768348981306 0.8241481294456701 0.0597536697962612 0.16704625889134023
1 0.8017159943426592 0.2795936480524107 0.04247839149054755 0.05196491439185813
1 0.165187100121637 0.48594827026387966 0.12272949375348405 0.15255141935425698
1 0.7664142985973854 0.3029562193925289 0.04722952400410509 0.06312073821317572
1 0.3694165787498106 0.3055652191876411 0.07082156010845857 0.09077485731976358
1 0.7067711330045366 0.34628453432250633 0.05353406615858276 0.07278683664159917
1 0.7784143288480063 0.3894759162493758 0.0660886083130606 0.08274403349844608
1 0.8464694372592628 0.37779786165848056 0.06135565651766228 0.0747132096771285
1 0.4654876028521115 0.3139471075246514 0.06928633118569749 0.09538958271265771
1 0.5411643137226958 0.33544542596928545 0.06458974082661798 0.09360875889134021
1 0.4792506418833312 0.23175319168505118 0.04723861436318479 0.06468323821317572
1 0.8834109010567135 0.3412268149254682 0.05033634328594587 0.060141287427387446
1 0.5110728136245 0.26918257113072125 0.048819295081344014 0.06788101282028158
2 0.709404211852543 0.6996278581438239 0.12768061416679294 0.19808224317557438
1 0.8708275251824554 0.7579412799792802 0.15416130093507655 0.18525691149637408
1 0.9320428020152309 0.5787118523528557 0.10378859621281222 0.11886562406898663
2 0.557616536398941 0.19398567204034403 0.048901108313060604 0.08194351282028159
1 0.5980642743968886 0.22634656182509633 0.042532933645025396 0.06133991439185813