1 0.6872059832243694 0.8401391571070131 0.30471581283893306 0.28049281268902815
1 0.31083490164588856 0.6817344303771178 0.17614538524403187 0.20094817021222228
1 0.16679453103618794 0.6007234325613193 0.11958631303532483 0.14651393692972228
1 0.09279849483363858 0.5641696431423957 0.0928601865718917 0.11777068787965277
1 0.03376542506081849 0.5288692291984375 0.06753085012163698 0.10476154160312508
3 0.06459324424446339 0.4383163111704166 0.12918648848892678 0.17336737765916688
1 0.13064392847866407 0.5039218209540623 0.08807269262201593 0.10047408510611114
3 0.3826104285768599 0.5628922049784025 0.5060430052645574 0.5132728643601393
3 0.8130422962596944 0.6934797498125687 0.36853391490547766 0.5085100163362503
1 0.9247115701656036 0.5651164008387493 0.14499537919390768 0.2174083183886113
1 0.4254751603282914 0.44550403001652744 0.10839428298109546 0.10250936379145834
1 0.3146058380213886 0.43636737899034694 0.10684996369925477 0.10559799620027785
3 0.2642563800776704 0.363330575703715 0.19958288524403187 0.2014936840799308
1 0.42962685002344114 0.403225611038576 0.11628859621281222 0.11675370174736113
1 0.5880842446372468 0.4229718005337495 0.14926472267624522 0.14564242116215292
1 0.7871348229942738 0.44724118265822843 0.18381243949875792 0.17613000816812524
3 0.8970779704367502 0.3470392012755895 0.2029896863754999 0.25000391926229176
1 0.6641291150505557 0.3758954723614925 0.14450449980360816 0.1330333183886112
1 0.4868762686413519 0.36439819396048573 0.11159200585373252 0.11508209897381949
3 0.34962170833650164 0.3254110419843747 0.2010726623713949 0.18903005167111128
1 0.9580422206331416 0.4752901814239575 0.07878859621281223 0.11588087955902786