1 0.057002346786752776 0.8647450394625388 0.029333375169342136 0.11386507892507751
1 0.10477038217828875 0.7358989736210535 0.14501368611433302 0.2405479472421071
1 0.18419785334547348 0.6166855130130052 0.11336753844375372 0.171722352532014
1 0.5655861307079507 0.9214709945265668 0.16114329715018094 0.1570580109468665
1 0.41235158808032557 0.8683067391237206 0.15512567051050077 0.2551564788121382
1 0.19701319312327964 0.8612167630130052 0.18589099163225695 0.21800508930724724
1 0.4450435001115417 0.6747156338196962 0.12496013568479167 0.18485938936371688
1 0.5794328674789677 0.8017093152767879 0.13671650723608925 0.20112142619541978
1 0.2622265988229177 0.5005060471432852 0.11888055404758599 0.15802387357870132
1 0.28191605834299904 0.7127253260824803 0.16656113749381402 0.2355720209055132
2 0.31820660391130035 0.42432224971765137 0.109505554047586 0.15747784200867015
1 0.5706642978275495 0.664118310015116 0.1058006999091429 0.1759548262236546
0 0.6048335006773685 0.48385395734192793 0.1150871687014785 0.204534852532014
1 0.39536996946970404 0.4996932470162282 0.09076219810012062 0.12678928413027996
3 0.3503120177515388 0.27898663389028344 0.1603996687014785 0.20717400512049755