1 0.3565100547920041 0.5502854415413999 0.06737318380210837 0.08460737336031983
1 0.4085673033091293 0.5600599112382467 0.0756313527754692 0.09595430913596843
1 0.2851961288985611 0.590391463138126 0.07244268577927473 0.0942280348257091
1 0.3746366777962472 0.7587087731786057 0.10097886266130089 0.14405761646291476
3 0.18300752368881515 0.7820699508136542 0.3660150473776303 0.4328899016273082
1 0.4779023047548231 0.9375730003386842 0.13729836463846717 0.12485399932263164
1 0.5140148541839817 0.7198210928300239 0.09428319368794007 0.13279256784239593
1 0.36529746437382465 0.5844114580497434 0.07818334980971953 0.08205558344622813
1 0.5352770419404228 0.6207218515364511 0.06431185079830275 0.08600609905006032
3 0.4027974643738247 0.5863767497728574 0.17890754448624283 0.21986319990914288
1 0.6098605478719218 0.5964455478275494 0.0694450197716634 0.09718926051544959
1 0.5419673937273087 0.5333856258467107 0.07148768083635879 0.07079053482570892
1 0.6000663952101835 0.5293842005865115 0.050793178859192524 0.06035100180902227
1 0.5562354821683219 0.5098629166653136 0.04859400889724856 0.04464411465389251
1 0.6409288171492937 0.5064723230423201 0.045723676882026255 0.050730340343633176