1 0.4584688194124862 0.9208012439109201 0.14700669530200425 0.15839751217815987
1 0.2813978540522223 0.9131853871732168 0.15592705423577743 0.15264553327818292
1 0.08653163493103466 0.8675750580349494 0.16419419530200421 0.16840690097293454
1 0.49264890578071724 0.7449104943146618 0.12255226458147632 0.18642051542127547
1 0.34641040327343475 0.7204717816533298 0.12723976458147632 0.18650233603812652
1 0.1963876712201234 0.7186347719140973 0.14800690564770314 0.202481892044481
1 0.052762320995331825 0.7159210547885384 0.10552464199066365 0.2005921095770768
1 0.020305173660898845 0.6223659237011061 0.04061034732179769 0.1697318474022122
1 0.41441992036219355 0.5590763599808186 0.1126771594086268 0.16906937418757337
1 0.2727492459098719 0.592559241475288 0.10909751834240007 0.1533898271096728
1 0.12786865492278737 0.5751790523529065 0.13376254922121245 0.19598643019392786
1 0.322102039720808 0.5082211976437983 0.09109166442319179 0.12496481818121907
1 0.2225339487337235 0.49163194115097647 0.0958246285298145 0.12660913879807012
1 0.35137801425227194 0.44229223457542927 0.0813074874635877 0.11073867694751698
1 0.2779548861181689 0.4136529914752881 0.07951766693047428 0.1028989034085667
1 0.3928130079840658 0.38830020981866287 0.0664266335443795 0.08236821509696401
1 0.3129125593168493 0.36736437256272036 0.06164820533113406 0.07916139448011297
1 0.3997138773426802 0.3391769172049891 0.056778848904643374 0.07282957386326191
1 0.33295828635559577 0.3231604050301245 0.056915241224511345 0.07751707386326193
1 0.3641544620615586 0.29869223903965614 0.056778848904643374 0.07282957386326191
1 0.3892370300873896 0.2694274788933863 0.0472219924781526 0.06641593262955983
3 0.43866036856719165 0.263255345370322 0.09342705423577727 0.15155459172016936
3 0.1262776920032989 0.41866995373287824 0.2525553840065978 0.3685899074657565
3 0.23754649795493593 0.29804558238467854 0.1497057979675712 0.20719666558343128
3 0.3057031160599092 0.239048457790068 0.1122679824490227 0.15500687418757347
3 0.37579430720527823 0.19415474350388298 0.11838159012915472 0.1504284683433748
3 0.4604049879258061 0.21439115137667647 0.0737223079967011 0.11841480925276526
1 0.9788103439565855 0.36960790015556516 0.023920884798020837 0.07069432954530477
3 0.09162154717614841 0.35165004910649555 0.18324309435229683 0.3033000982129911
1 0.9785853719324038 0.4579300604639907 0.019278848904643552 0.07217500892845372