1 0.15255601973448246 0.2986851416407391 0.10618101581733078 0.07680005357072242
3 0.11968380581776832 0.4439118668839728 0.23936761163553663 0.37467626623205436
1 0.2761062662744413 0.31292314529418713 0.0743235207602467 0.09966480925276536
1 0.24675571140807512 0.5734066777615912 0.13589237353571573 0.19286143019392785
1 0.6044633710270768 0.20570138596199156 0.0483048488211363 0.07422843262955983
1 0.3916901625103891 0.40771171956448604 0.0884788626613009 0.14050799756436802
1 0.3687686101526618 0.2613412800350674 0.053183349809719616 0.07899775324641087
1 0.3204982534228601 0.3730424391256769 0.08309102570316255 0.12323867694751697
1 0.446462528631731 0.2513974898570256 0.05780718281352524 0.07751707386326193
1 0.3652244574909235 0.19504412419086875 0.05117518083635879 0.06803297970746058
1 0.3710725508748524 0.1473196903434929 0.038229511862998146 0.05687729139585782
1 0.6621419949827221 0.8019257751670988 0.1599957184025193 0.2479307597392328
1 0.42786372034250475 0.13305659294128067 0.0346588428896375 0.04588524431795715