1 0.30373819198043533 0.13297262304558757 0.053276189420186526 0.05654089149054773
2 0.8613672234092921 0.7736633390825334 0.27726555318141594 0.38305898145684375
1 0.29198643380557887 0.4273357014026146 0.117201452503779 0.1350113251355733
1 0.3809509522920175 0.3591265777678519 0.12014444198043535 0.13190450585373253
1 0.4711910024896616 0.15190949628756684 0.08827281570031094 0.09423178903121973
1 0.12588474971765135 0.2975067799560335 0.07907982622365464 0.09730224687674198
1 0.17586236291418325 0.2571863069852006 0.07210178413027987 0.08476588544042354
1 0.03553276550266687 0.30166703912941556 0.040851784130279845 0.08458407825883114
1 0.7551179524331919 0.21291621574235822 0.14992294724210725 0.13363972267624522
1 0.9194692432817358 0.3826343389843375 0.16106151343652825 0.16976812021691715
1 0.9444156708631608 0.20464569437053176 0.05867632096198285 0.09562157220870696