1 0.475 0.20625 0.05546875 0.08125
1 0.48203125 0.58984375 0.11875 0.21640625
1 0.6734375 0.896875 0.171875 0.20546875
2 0.54140625 0.28125 0.08046875 0.18359375
1 0.4546875 0.1796875 0.08125 0.0703125
1 0.71875 0.06484375 0.03515625 0.05703125
1 0.80078125 0.0640625 0.0375 0.05546875
1 0.5890625 0.20625 0.05234375 0.08671875
1 0.81953125 0.12421875 0.05234375 0.07421875
1 0.87421875 0.09375 0.04921875 0.071875
1 0.59140625 0.103125 0.04453125 0.0703125
1 0.65078125 0.1 0.03515625 0.06484375
3 0.49453125 0.09375 0.12734375 0.1484375