1 0.6171295721686877 0.35144762442812555 0.11087334160399784 0.13524912860909727
2 0.6291220723780847 0.890775696047778 0.25139564185166685 0.218448607904444
1 0.6052116532287156 0.6241220582237158 0.1728725355653605 0.25999586189159735
1 0.8391670064146499 0.9298953602760769 0.12461050992479769 0.1402092794478463
3 0.5839511608772014 0.10666114807947966 0.09877575599585597 0.1771093202884723
1 0.651767899504662 0.21225849106937558 0.05981595574818712 0.0778717332825
1 0.7605841656347124 0.42830367799909785 0.13256855913900906 0.1654094072944446
1 0.7171745756833443 0.21847342989895893 0.06762845574818713 0.07805357123840287
2 0.7145804226640258 0.156627393329827 0.06366870181924558 0.09356946846486114
1 0.6529729886274606 0.11921700588701442 0.04339043507002245 0.06032055737069451
1 0.8316031027716496 0.17968564646395904 0.06272263192686936 0.07325696846486114
1 0.676902794251813 0.0924005859591325 0.038193512820281585 0.0492739545971528
3 0.43806915674337227 0.48492900560267393 0.3123546823794262 0.5738427691860419