1 0.3440466553609538 0.5775297114405946 0.07365658525525039 0.12578373920022692
1 0.3695523456591583 0.4479686970126243 0.05113313206674715 0.0828869110699257
1 0.46235732134889884 0.44784715672393843 0.05425813206674697 0.0829960384745874
1 0.37977387268295126 0.37196919220330094 0.040611711894930555 0.060684528855940556
1 0.39461097863041655 0.3418179007334886 0.035596663274411536 0.05427083774894799
1 0.45329325983808105 0.36784219819375064 0.040611711894930555 0.060684528855940556
1 0.5767407259168831 0.40798107015611673 0.05409435775648745 0.0798710384745874
1 0.735371018205824 0.5654240040067152 0.09240658525525056 0.12643850362819703
2 0.40282294832726323 0.28928317777533064 0.03452548620519007 0.06359127404661713
1 0.44777027815544673 0.30954854855657044 0.028855340343632997 0.04467758293962447
2 0.8045414993226314 0.4210812377646464 0.05943695499752551 0.09253472958157989