1 0.44418392106709065 0.7984595127307242 0.165307574586922 0.2611931333545446
1 0.2511630634478768 0.9746647400143175 0.1502926658792491 0.05067051997136503
1 0.30475932251836946 0.7624481927116343 0.13607145317271013 0.18432155068427197
1 0.328948334584087 0.5845322780474069 0.09482640507947586 0.12136701734563574
1 0.20050089765344575 0.704180612030544 0.12398811542376213 0.15138178134945388
1 0.24852671380284735 0.537484008036271 0.08981152286549073 0.11193747334499946
1 0.2920907192451429 0.40903229137490715 0.05267362141421197 0.07714430267345432
3 0.3497221699707823 0.3925084100493159 0.1321478450053421 0.2061420066836356
3 0.11447169465037163 0.6623647346833174 0.22894338930074326 0.38722946936663477
3 0.22416909846390315 0.3621294720321349 0.16216272721932726 0.21586245202099902
3 0.36239827396179913 0.2980862480505886 0.092410733209777 0.1416431546785449
0 0.38777278539454446 0.24289021805377026 0.058070449544513014 0.09751134667409059
1 0.3025421243246188 0.28879251670908895 0.04565972958157989 0.0551965773392725
1 0.3874826087155222 0.22881862738699751 0.034394847367594836 0.04569430800445433