2 0.24920139183263199 0.02765744699770854 0.03277778366526398 0.044477351823611136
1 0.2246924651536097 0.04113806553881963 0.030887901451278843 0.03506598423243058
1 0.33382192849312087 0.03665254692145862 0.0278174651536097 0.03655574905006946
1 0.5305928126060225 0.418269488885174 0.12371529691210785 0.1449514369297223
2 0.3240575480932343 0.06999172378319471 0.044206356986241604 0.058794424961875036
1 0.3430431610699257 0.05482131867295167 0.03434028366526398 0.044513719414791694
1 0.3823164813956785 0.10647539086128503 0.04716766587924912 0.05417966014423614
1 0.30685268992586623 0.09144849648461831 0.03751984736759484 0.046148954597152805
1 0.2829142591553107 0.5459898729095141 0.14086808057737182 0.18906511284152785
1 0.11301589908902612 0.1962229962002779 0.061994057711881115 0.07638196846486119
1 0.27834079872620643 0.1914842108654169 0.05886905771188111 0.07630923328250008
1 0.47393355172143126 0.15934777735416705 0.06301092068857254 0.060793336056041716
1 0.533816983209777 0.1529354296146185 0.06613592068857255 0.06086607123840282
1 0.555830881665831 0.22448377450437546 0.08526786660488846 0.0722399823325695
1 0.6118923979078998 0.2874572064001047 0.09642362141421187 0.07874455547083344
1 0.1254935625212045 0.08410485590767372 0.039191474772256554 0.04931032218833335
2 0.05954118030721937 0.07320241707809032 0.03639385698624167 0.05861258700597225
2 0.7717931875636135 0.261515568291702 0.11502977767481415 0.11976959897381949
1 0.9428596391538931 0.31480748850392437 0.11428072169221366 0.10908667211208342