1 0.7975620649701387 0.14388382070427097 0.042079703647222286 0.06391865626060227
1 0.7383883931423958 0.07023055509517434 0.033903527735416716 0.04802083774894796
1 0.705394055186493 0.07918889284412231 0.032377395326597204 0.04952877404661711
1 0.7827903969421179 0.17484364402524866 0.06264677678548622 0.07556548439090335
1 0.8047484773954856 0.5729711199786316 0.1378312275829167 0.2202629146981227
1 0.5773001970946178 0.3506323616259291 0.07485714247680572 0.1306349303072194
1 0.5718515905213539 0.24934268013758337 0.05992182028847228 0.0926438569862416
1 0.5019034196435415 0.2026065785936373 0.045532011967847195 0.07809028366526398
1 0.5545751311745485 0.15314972641671903 0.03895470364722229 0.06380952885594056
1 0.5467269167937499 0.12141857677953874 0.0340853656913195 0.055833337748947984
1 0.9613128276035761 0.2857017545548694 0.05556162860909737 0.10654266587924913
3 0.795891768617361 0.08149294810893268 0.08884690729444458 0.12800100362819708
3 0.9188558367216318 0.13106138377362964 0.14448127108590292 0.23766866950744614