1 0.3328125 0.225 0.05625 0.06484375
1 0.40546875 0.28828125 0.05703125 0.0890625
1 0.496875 0.265625 0.05390625 0.09296875
1 0.61796875 0.1265625 0.01875 0.04609375
1 0.73203125 0.225 0.05078125 0.071875
1 0.48984375 0.125 0.03359375 0.05546875
1 0.61640625 0.240625 0.05 0.08125
1 0.51328125 0.1796875 0.03671875 0.06484375
2 0.46796875 0.10390625 0.03515625 0.0609375
1 0.72734375 0.3234375 0.07578125 0.11640625
1 0.62890625 0.31953125 0.07421875 0.11640625
1 0.52734375 0.12421875 0.02734375 0.05390625
1 0.83671875 0.528125 0.12890625 0.18515625
3 0.85546875 0.28359375 0.16328125 0.24453125
3 0.659375 0.15078125 0.07421875 0.15390625