1 0.33203125 0.22890625 0.04140625 0.0703125
1 0.09453125 0.93125 0.18671875 0.13671875
1 0.68984375 0.13203125 0.03671875 0.0515625
1 0.49140625 0.20703125 0.04921875 0.08671875
1 0.58515625 0.13984375 0.03203125 0.06328125
1 0.4609375 0.56875 0.09765625 0.19296875
2 0.42421875 0.17578125 0.04609375 0.1015625
1 0.66640625 0.18828125 0.04296875 0.071875
1 0.5921875 0.16796875 0.03671875 0.05546875
1 0.4953125 0.30390625 0.0625 0.10703125
1 0.74296875 0.2890625 0.06875 0.0984375
1 0.76796875 0.37890625 0.09375 0.1515625
1 0.47890625 0.13515625 0.02890625 0.0484375
1 0.43828125 0.1234375 0.02734375 0.0484375
1 0.5203125 0.10625 0.02578125 0.04296875
1 0.90078125 0.725 0.15625 0.26484375
3 0.76171875 0.17421875 0.096875 0.15390625
3 0.63359375 0.1109375 0.05546875 0.11484375