1 0.7558409338414173 0.04830787239462233 0.031486349336070064 0.04153428213245362
1 0.8128221868664793 0.05524218250289448 0.0298420361043533 0.027426318025830933
1 0.7744591236347628 0.07041855311515016 0.036237481849627426 0.05260817445232167
1 0.7018750756265526 0.19438490201979347 0.05988406010845857 0.08922763605166187
1 0.6071807200439665 0.09090821252377704 0.03625566256778665 0.05573317445232166
1 0.600326211165172 0.19499631895026776 0.056786331185697494 0.09382420783841652
1 0.809469927889489 0.09439561071613985 0.03938066256778683 0.05582410266556703
1 0.8279972140920382 0.13213129143666766 0.05043633723582168 0.07645485141192579
1 0.8640437984009935 0.11233561698434599 0.0441317950813442 0.0668979949854351
1 0.9679545935805335 0.1085310038939377 0.026835210772388506 0.04764788981258557
1 0.8832068888582691 0.1750485656515625 0.06933178298109546 0.10200042069139795
1 0.913506946334449 0.33742053351910883 0.11179199375348432 0.1501029515702103
1 0.9622853347999347 0.27741739621380573 0.07252041549465282 0.11302884890464338
1 0.613657979020957 0.05166385609728632 0.03146816861791084 0.03840928213245363
1 0.6177823976388679 0.016179963315199865 0.023646578258831142 0.03235992663039973
1 0.6467068283570271 0.01302504532894006 0.023619307181592396 0.02605009065788012