1 0.67109375 0.621875 0.125 0.2296875
1 0.74921875 0.040625 0.02734375 0.04453125
2 0.64296875 0.35 0.071875 0.15546875
1 0.77109375 0.05703125 0.028125 0.04453125
1 0.6375 0.22578125 0.05234375 0.08671875
1 0.803125 0.0453125 0.03359375 0.040625
1 0.70625 0.05 0.02890625 0.0484375
1 0.53359375 0.10859375 0.03359375 0.06328125
2 0.60234375 0.115625 0.04296875 0.08515625
1 0.7265625 0.234375 0.0625 0.10390625
2 0.81640625 0.0984375 0.04921875 0.08125
1 0.5375 0.24453125 0.05625 0.0890625
1 0.578125 0.08515625 0.02734375 0.05703125
1 0.88046875 0.16953125 0.065625 0.078125
1 0.65703125 0.08125 0.0375 0.06328125
3 0.459375 0.47421875 0.171875 0.46875