1 0.5855113333465903 0.08745594643257285 0.055432934675363296 0.0650170738632619
1 0.6775492180935412 0.6773757885597792 0.19097263470717998 0.3017103246740408
1 0.5891657813892246 0.40151844643257284 0.10347154002227157 0.16583528003177203
1 0.7983835033418177 0.04857685836585145 0.03333975867281787 0.04588524431795714
2 0.8199067040499521 0.3537319626679225 0.14482379336408968 0.229044392044481
1 0.7820499786759996 0.05511323052483001 0.039662484006999676 0.05224433847375849
1 0.8565141766788631 0.07491148742468887 0.04433180267345449 0.050763659090609516
1 0.69470506735359 0.1371229354755242 0.052362478675999566 0.06965002678536125
1 0.8407079106858628 0.12676035958366744 0.05225339067472703 0.06027502678536121
1 0.9186152820257716 0.1738478194056256 0.06811474801081766 0.0808602621748646
1 0.6150721113542262 0.14320138596199156 0.07280224801081765 0.08094208279171564
1 0.677834646005727 0.03036442086502762 0.02392839600572714 0.0425966030842551
1 0.9790260706954077 0.4751415381560376 0.041947858609184506 0.13831820616851012