1 0.13418415951028118 0.9792153326702724 0.09522321996293312 0.041569334659455136
1 0.159779381835467 0.8632278006842717 0.17687999164729754 0.23477608402290784
1 0.2224008890070431 0.7108936886934988 0.1057837524470707 0.16678860534690845
1 0.6782218469890766 0.905183322087814 0.1518601442797028 0.18919086401972648
1 0.5103250188587756 0.8797436860279987 0.14294150126594438 0.24051262794400258
1 0.30094258437520494 0.9229476986791812 0.17420637023308555 0.15410460264163744
1 0.48604423755576426 0.6796004247294517 0.11715776206571746 0.1794158746817267
1 0.6497099226723071 0.7595981020846324 0.1270783990890262 0.19514996268299925
1 0.2627208102437698 0.5684521973663166 0.113105179126093 0.15281701201463563
1 0.3417163733979465 0.773194788709407 0.15640380054030487 0.2298522266868172
2 0.2944941106992568 0.47198627737108917 0.10222224282842393 0.15425224267981755
1 0.6020759761230189 0.6255043654121327 0.09818950725639422 0.17294769867918128
2 0.035875568048318124 0.5353562446689999 0.03879465988879932 0.12696248933799978
0 0.577822476671173 0.42296062074313284 0.10682046279135697 0.19647610534690846
1 0.39314986550858017 0.47938170138445224 0.07725695916315986 0.11022952267663584
3 0.3001017260382009 0.29712263737268 0.1406498257680484 0.18125109468490824