2 0.5956666215585494 0.19151848741480298 0.04974001482874755 0.07113070616851021
1 0.6589160380604522 0.19184181574229178 0.04766817885919252 0.058603432629559825
1 0.15736669178513585 0.9097022824674041 0.17301037155854943 0.18059543506519163
1 0.3680256660819733 0.7933638108743232 0.17125155338349138 0.255934174511885
1 0.6335433063492409 0.2780560052717105 0.06813718775644109 0.10111821509696392
1 0.283061781177551 0.5475234310047068 0.12256470258518863 0.17233074188232517
1 0.796369617109925 0.17394302393939684 0.054172846843970036 0.06496252678536121
1 0.798092579086654 0.38866404301412033 0.10579369665368965 0.14393300649282176
1 0.7669619372993306 0.5060055016182625 0.1126803666156336 0.15966710064862308
2 0.36611838441013067 0.24840586688067753 0.05500051779449713 0.08527502678536117
1 0.9112863043720747 0.273535695204871 0.08669618676785759 0.09675799756436802
1 0.9847118755128822 0.4865772118439624 0.030576248974235654 0.13988070616851012
1 0.08758084342110999 0.4441824224832901 0.1035945266917457 0.12828073295387146