1 0.16953125 0.203125 0.07109375 0.0609375
3 0.1828125 0.13046875 0.19453125 0.1015625
1 0.23515625 0.24375 0.06796875 0.07421875
1 0.296875 0.221875 0.06796875 0.06484375
1 0.30625 0.28828125 0.07421875 0.0796875
1 0.39921875 0.27421875 0.07890625 0.0796875
1 0.4109375 0.378125 0.090625 0.1
1 0.51015625 0.35625 0.096875 0.09296875
1 0.975 0.38984375 0.05 0.08671875
2 0.396875 0.19296875 0.08125 0.0796875
1 0.978125 0.48125 0.04375 0.09609375
1 0.62578125 0.4640625 0.10546875 0.11484375
1 0.51015625 0.52578125 0.11328125 0.1390625
1 0.88671875 0.32109375 0.0875 0.1109375
1 0.8109375 0.26484375 0.05390625 0.08359375
3 0.7015625 0.2359375 0.17890625 0.2203125
1 0.6515625 0.36875 0.09921875 0.08359375
1 0.81328125 0.74140625 0.15859375 0.190625