1 0.3962058348269011 0.7968325307416003 0.2168092191541538 0.24811128883482797
3 0.0777668952941871 0.28858071096878024 0.14809440097293466 0.16022040339440444
1 0.1361640020318902 0.38901198214421495 0.08450345941492107 0.09735678903121973
3 0.3596951850684872 0.5166046752572102 0.48008433522405236 0.47305778844204466
3 0.7753166363690287 0.782909368664793 0.41366840259449233 0.4273634933607006
3 0.30754985268051327 0.28177567818407645 0.19071827759614016 0.1854658430895541
1 0.45513219034349284 0.37465754889197295 0.10966710064862326 0.10687723477649361
1 0.6023423810907277 0.4441064647794093 0.14135347727182862 0.132059041958086
1 0.7875338129095086 0.5305201668693951 0.176246674511885 0.1619465298578376
3 0.9141332690780188 0.4829133929634858 0.15891489853730292 0.24308744554888212
1 0.6910190974055075 0.4209366094914109 0.13960006249917606 0.1211124515990063
1 0.5226742463498473 0.3539541634515494 0.10497960064862308 0.10684996369925467
3 0.40224474391421533 0.2718507114597596 0.1920353157455871 0.17141243344863372
1 0.1618343835263596 0.5294733556807818 0.126246674511885 0.16165563836728972
3 0.06493743303659695 0.36444831938003663 0.1298748660731939 0.21483518052176756
1 0.9467939902640626 0.6256776098841943 0.07710006249917604 0.12074883723582168