1 0.6561514925564019 0.1503512961093306 0.038193512820281585 0.050111315963434724
2 0.5682298074863793 0.20576008002206142 0.04702485731976367 0.07235018899896399
2 0.14445405149052332 0.3614020345319033 0.10429800992479743 0.16388702564056318
1 0.6007640175777926 0.29731403328904904 0.05832623035529281 0.08067211124870503
1 0.3275940372224997 0.36288541356328863 0.06799232878371626 0.08735875889134012
1 0.681960513648851 0.2854369255550007 0.06315927956950454 0.08401543507002263
1 0.7565431366843803 0.2810812193925289 0.06762845574818713 0.07954625889134012
2 0.21535305645292202 0.2848438426374552 0.07904114474715103 0.12373290653397531
1 0.7997880225401912 0.2267233591772812 0.05937930810555194 0.0698073858558109
1 0.638891102152477 0.43688810959156593 0.0937586162111037 0.13845037799792798
1 0.3497152479330854 0.20732677233079427 0.04146406203449331 0.053381865177646405
1 0.3059652479330854 0.2052890833318303 0.039756012820281586 0.05018409057054054
1 0.9514981100103601 0.4827658056198433 0.06207196856846835 0.1276198858558109
1 0.9375167692349315 0.9174319040482668 0.05059081306795079 0.14891268899896418