1 0.23682547980035862 0.8979749706794994 0.21201269454068408 0.20405005864100118
2 0.5677694558404867 0.6140492447485417 0.25771857864272896 0.32309424403245296
1 0.4611763635494678 0.4173640540658606 0.13851501038216937 0.15307155068427197
1 0.43733412905213465 0.11531974872690634 0.05989021046687402 0.06315452800763603
2 0.15414511354946778 0.41379142202418073 0.11460707352223154 0.1715306493475449
1 0.4135634291086044 0.17445839139081554 0.07320925782192056 0.07736247867599957
1 0.013927450155291773 0.37839772000318167 0.027854900310583547 0.10367044000636332
1 0.6040288053887288 0.13914924208304164 0.08947129465362344 0.08848179201145401
1 0.10397705552990308 0.28186871268299923 0.07237479991529541 0.08984429734245411
1 0.7123509976515128 0.30614693276572275 0.14285389988706054 0.12033177601845377
1 0.07035248442674596 0.2283164513446813 0.06025423151356135 0.06940452800763604
1 0.8659380002117615 0.23288325011931268 0.14597889988706036 0.12036813868554459