1 0.6808622613991664 0.3508072144301302 0.0597399823325695 0.08550516046291676
1 0.5808440776035761 0.3469308895753553 0.06137521751493065 0.08870293507002262
1 0.09298040169177055 0.8354837357319763 0.1859608033835411 0.3290325285360474
1 0.04850402968373237 0.7481507096771285 0.09700805936746475 0.23129284946188058
2 0.7632909420606246 0.4719609305173994 0.10861519984749997 0.1736258986760925
1 0.4720314688461108 0.38487819168505116 0.08048889342673622 0.1052012303552928
1 0.2974067964496869 0.6966225587247244 0.1393573599917363 0.22032111621110353
1 0.18958068512677045 0.4569713997095497 0.10141964247680564 0.13270980024766904
1 0.6903768528704509 0.6476650978047417 0.1324527433504862 0.19190501778268043
1 0.33527569804454826 0.4137030508668415 0.07750936379145842 0.11130568114108108
1 0.9428783781373256 0.9505203083104397 0.07431162860909737 0.09895938337912077
2 0.20419065862562472 0.3332984592628437 0.07787303970326401 0.12693068114108116