2 0.6125 0.86796875 0.146875 0.2640625
1 0.63359375 0.340625 0.071875 0.1296875
1 0.69140625 0.5734375 0.13828125 0.2109375
1 0.77734375 0.06953125 0.03828125 0.0484375
1 0.7140625 0.24140625 0.06328125 0.1
1 0.615625 0.15703125 0.04375 0.07578125
1 0.81640625 0.09296875 0.04140625 0.0609375
1 0.71640625 0.059375 0.03125 0.0484375
1 0.81328125 0.0453125 0.03671875 0.04609375
1 0.60234375 0.1015625 0.03515625 0.05390625
1 0.67578125 0.1234375 0.040625 0.06640625
1 0.76953125 0.12421875 0.046875 0.0703125
1 0.90390625 0.1265625 0.04921875 0.06640625
1 0.91640625 0.19921875 0.06953125 0.08671875
2 0.59453125 0.0640625 0.025 0.05
1 0.95078125 0.275 0.07421875 0.1015625
1 0.59453125 0.03984375 0.01953125 0.0390625
3 0.5234375 0.178125 0.08671875 0.19296875