1 0.571875 0.871875 0.25234375 0.25546875
1 0.271875 0.640625 0.128125 0.15546875
1 0.153125 0.534375 0.09375 0.11328125
1 0.0921875 0.48359375 0.07109375 0.1
1 0.03359375 0.43515625 0.065625 0.0890625
3 0.07109375 0.3546875 0.13984375 0.140625
1 0.1390625 0.43359375 0.06953125 0.08359375
3 0.36640625 0.546875 0.4125 0.4109375
3 0.80625 0.77578125 0.3875 0.42578125
1 0.884375 0.6546875 0.23125 0.16875
1 0.43046875 0.44453125 0.090625 0.0796875
1 0.3265625 0.4109375 0.0875 0.08359375
3 0.29375 0.3296875 0.16328125 0.1609375
1 0.44296875 0.40546875 0.09453125 0.09296875
1 0.58828125 0.46015625 0.12265625 0.11484375
1 0.77265625 0.528125 0.153125 0.1390625
3 0.909375 0.45703125 0.18125 0.2109375
1 0.66953125 0.43125 0.121875 0.10390625
1 0.50390625 0.38046875 0.090625 0.09296875
3 0.38203125 0.31328125 0.16796875 0.1484375
1 0.953125 0.58984375 0.09375 0.1015625