1 0.07421875 0.57421875 0.10546875 0.1515625
1 0.41640625 0.53125 0.0875 0.17578125
2 0.68203125 0.1859375 0.034375 0.06328125
1 0.3515625 0.41171875 0.06328125 0.1
1 0.73359375 0.29609375 0.04921875 0.07578125
1 0.4734375 0.3390625 0.05 0.08515625
2 0.43515625 0.2515625 0.04296875 0.078125
1 0.67421875 0.378125 0.05546875 0.08125
1 0.38046875 0.228125 0.03828125 0.05390625
1 0.84765625 0.40546875 0.07421875 0.10546875
2 0.93359375 0.31484375 0.071875 0.09609375
1 0.83203125 0.946875 0.1375 0.10546875
1 0.475 0.175 0.03046875 0.04296875