3 0.06091069013711979 0.4203119526575459 0.12182138027423958 0.3046885946849082
3 0.47340530500517997 0.21312287726768483 0.26527405128112636 0.19673173870145294
1 0.6009756476471443 0.9276564499125041 0.2810402923897861 0.13288741470399829
1 0.23332384470887896 0.5227813299650016 0.1366396290313853 0.18430336935072641
1 0.47400019458504444 0.569172882598685 0.19300094499482015 0.220877216024817
1 0.1867593296122858 0.21489665197327396 0.05083906203449331 0.05212612133990877
2 0.26904529073715633 0.20847338196213813 0.0677012303552929 0.0788704346753633
1 0.08368352543567538 0.2988636666534097 0.05988873035529287 0.07877952800763595
1 0.5395482276692057 0.3521211952578217 0.13053087014004525 0.12020450668363561
1 0.1263462144346394 0.25464095198122816 0.05312930810555185 0.06776930267345423
1 0.8334458151393743 0.5970042445496873 0.2782106989237615 0.20625218936981646