1 0.23203125 0.017477709796132092 0.0328125 0.019895837748947976
1 0.17109375 0.024724725405228715 0.034375 0.03557540145127883
1 0.2828125 0.016126030121884904 0.03125 0.013591274046617119
1 0.30625 0.04350698565684774 0.0390625 0.04511409255827139
2 0.4796875 0.3745635566155727 0.14375 0.19720736061443872
1 0.3046875 0.3739211719545169 0.1 0.13942957694917474
2 0.06875 0.29849455290255766 0.09375 0.20014882213985138
1 0.23671875 0.17311015090312465 0.0703125 0.0930803666048885
1 0.39765625 0.05607396224320281 0.04375 0.04527778366526396
1 0.2828125 0.0919072801218849 0.046875 0.040699411069925674
1 0.10234375 0.14029267250267105 0.053125 0.07998016587924912
1 0.0828125 0.7794543762235353 0.1453125 0.2785119243167696
1 0.5546875 0.14358886432745382 0.06875 0.06802580290255769
1 0.5046875 0.16293657585286642 0.071875 0.0790724303072194
1 0.48359375 0.20282496587139986 0.0765625 0.06517362141421197
1 0.03125 0.05734127404661712 0.0359375 0.045004965153609675