1 0.676286621351495 0.5656718101769757 0.16856263392680618 0.2654538337461151
2 0.6116236980541306 0.2900040301931863 0.10143758928453739 0.17645980024766902
1 0.5904362650175337 0.1621893992997742 0.06890573295387128 0.10156680810555185
1 0.466523252435632 0.06101650517179571 0.04497730925276535 0.07235018899896399
2 0.5400016627440575 0.055252348637820414 0.0579136858759707 0.09793238585581088
1 0.6834731988649095 0.1539530601769757 0.08173301542127547 0.12089900496239876
2 0.7602692982957167 0.0212883792407823 0.0638364034085667 0.0425767584815646
1 0.4882737471606262 0.2012947487616549 0.07364778003177204 0.10491013192686945
1 0.5100238364451636 0.030707305729050994 0.037055715096963836 0.06141461145810199
1 0.8358226773545541 0.057086560591260424 0.08126936525911965 0.09433650496239872
1 0.5923141850651918 0.023473771506733954 0.04969208279171564 0.04694754301346791
3 0.4362400941590966 0.4542956242783836 0.2558207207757114 0.5239983879227255