1 0.6191805943522969 0.17817451906765766 0.032704851411925875 0.05109127404661713
1 0.28587738321517503 0.5285317054501448 0.10900659012915473 0.15209326805616746
1 0.44848033478538535 0.41202870781239753 0.0719779515702104 0.11333830290255768
1 0.37568534395658537 0.3388665155242786 0.0650459899708701 0.08968254809323425
1 0.6394727108079173 0.2586333453838603 0.04579588479802066 0.07184028366526399
1 0.2573301490502926 0.35626732505025827 0.07983591567683304 0.11517362141421188
1 0.47927099670129464 0.26578862487277294 0.0457049565847754 0.06871528366526398
1 0.8153616093959914 0.3024403651693081 0.06173913354437914 0.08332342068857254
1 0.4513565968595793 0.20588783521705922 0.03922763605166182 0.060684528855940556
1 0.884861767155266 0.27425831226675046 0.06330163354437915 0.08337798439090331
1 0.8464846111118511 0.6275842089087058 0.117228267088759 0.16642858656782167
1 0.37108407515196695 0.17513139773826375 0.039045779625171126 0.05443452885594051