1 0.290625 0.05 0.03359375 0.03515625
2 0.81015625 0.61796875 0.24375 0.31875
1 0.521875 0.58046875 0.15 0.190625
2 0.18046875 0.4890625 0.128125 0.2609375
1 0.35546875 0.2640625 0.0875 0.109375
1 0.35859375 0.0515625 0.03359375 0.03515625
1 0.25703125 0.0890625 0.03984375 0.040625
1 0.1953125 0.2296875 0.065625 0.09296875
1 0.47109375 0.11328125 0.05234375 0.0484375
1 0.41171875 0.121875 0.05234375 0.059375
1 0.39609375 0.15625 0.05859375 0.0515625
1 0.09921875 0.11875 0.040625 0.05390625
1 0.83828125 0.26015625 0.1125 0.09296875