1 0.54296875 0.37060167596928545 0.0859375 0.10400260339082212
1 0.0640625 0.5201712588913402 0.128125 0.23721751778268044
1 0.7359375 0.3936518399468588 0.0671875 0.09375430810555194
1 0.6453125 0.3761496627347191 0.0578125 0.08081766046291676
3 0.22109375 0.6704538569054789 0.3546875 0.6540198358130297
1 0.77578125 0.5619138424280582 0.1140625 0.15687504631872748
2 0.8796875 0.5417533538005977 0.0921875 0.15273120181924557
1 0.65078125 0.5178106238595896 0.0953125 0.1435017510334573
1 0.25703125 0.3791589228689135 0.0859375 0.12119010339082212
1 0.25546875 0.32205489826180766 0.0765625 0.10356595574818694
1 0.86328125 0.8789674089104761 0.178125 0.24206518217904788
1 0.42578125 0.32998733043634615 0.065625 0.09368153349844599
1 0.37890625 0.4332728422231704 0.08125 0.13503427956950453