1 0.16367122775687856 0.09862454790910291 0.04234400889724856 0.04384284190105418
1 0.7952065043742621 0.7358514090131669 0.31901257414373807 0.3639775642579064
2 0.28281659232098366 0.7348910172630244 0.2903729209877081 0.42676672433401847
1 0.38573859285245626 0.33370124897423575 0.14731003460041112 0.16979252965749528
1 0.2204623972245309 0.08305128604610482 0.042407675893442943 0.045405341901054184
1 0.1315789693539216 0.13970980433489355 0.04728617688202612 0.050283842889637366
1 0.1812739273391367 0.336572875475701 0.10984452669174569 0.13082818874502422
1 0.32872322479112903 0.10593834631249743 0.06204901384016441 0.0680443458553869
1 0.26698988733869916 0.12795260916407866 0.06354784684397004 0.06654551285158128
1 0.2610927144110057 0.15783111015266185 0.061921679847775656 0.0649193458553869
1 0.034072616578452494 0.23571732410655702 0.06380251482874762 0.07279551285158128
1 0.638659298897686 0.13698678057171632 0.11038835475263546 0.10589185574121865
1 0.7889046966165086 0.22055933144656875 0.16159802768032883 0.13761669961943915
3 0.8421318087835179 0.10106250391715166 0.1969863824329643 0.20212500783430332
2 0.012887319163641168 0.16342583003805608 0.025774638327282336 0.06064833992388783