2 0.5513091152197195 0.17344005543444638 0.022032130257724703 0.033521828130301135
1 0.27284560549723935 0.8571701815731636 0.1878496393028363 0.28105657095872516
1 0.5260381252849431 0.9728199742241024 0.1537668091359686 0.05436005155179515
1 0.39131780303153313 0.5380605722246694 0.10728131275401323 0.17218751324684387
1 0.5638533808235516 0.18796634690425865 0.025075243102595124 0.03206845553496285
1 0.5110858276804768 0.3137004676854984 0.05187676051544958 0.06731647477225655
1 0.5951885900049488 0.2023661528020412 0.025239017412854635 0.03519345553496285
1 0.5896855404799186 0.23269849354621405 0.033297178878243724 0.04015377404661713
1 0.6275872529406761 0.37568709091380886 0.06355124491161739 0.08176092068857255
1 0.4959222523748492 0.169940544001701 0.020223968792335612 0.028779764427970277
1 0.5149588574178032 0.16512655842967128 0.020060194482076098 0.025654764427970277