1 0.8174779545623551 0.20797877965854875 0.039983012851581276 0.06224702885594056
1 0.7233976907221906 0.13916180307219367 0.03303267589344294 0.04484127404661713
1 0.7951227934976597 0.2337228241235859 0.05892401384016459 0.06758929328391083
1 0.9356734921285156 0.8725174177781657 0.12865301574296878 0.2549651644436686
1 0.6253673449039848 0.47119799835553755 0.08723469764227296 0.14971231252120454
1 0.6014921517103362 0.34476198392756724 0.06513952174882984 0.10525298439090332
1 0.5364136383644633 0.27929818583433297 0.04881418479069151 0.08751984736759484
1 0.5878368755128822 0.2202431335647475 0.04030134783255335 0.07005952885594055
1 0.5787192020908971 0.1879390650530932 0.036667011862998145 0.057450401451278846
1 0.9746159866727175 0.3517709635939652 0.050768026654564834 0.10051092068857255
3 0.802049272737413 0.1356672700399019 0.07821252471457925 0.11975199400955025
3 0.9262892566729365 0.1993528025240395 0.14742148665412708 0.21277779691210785