1 0.7753662081183867 0.25811562384445397 0.04179265785015538 0.04801160266556703
1 0.7205576107774575 0.28547609421928277 0.053822220990217676 0.06707985141192578
1 0.8320642581748565 0.3192409919494272 0.05502069994353036 0.0608753155185485
1 0.7898543713713883 0.35870665723054884 0.06374325256024882 0.07672763605166182
2 0.1447715715972673 0.5778391581549857 0.269550720707869 0.3697287929530063
1 0.7089460056146077 0.39078571984610344 0.08927387357870131 0.11334709765100204
2 0.8155607556851949 0.4682324214163138 0.10461044724210708 0.1356312746106063
1 0.895650074086929 0.45021585880075915 0.07504477360693614 0.08329588479802066
1 0.9341812240445766 0.40673028325308086 0.07468075256024882 0.07704588479802066
1 0.6895989532096507 0.6289078454729241 0.12289001038216937 0.15488137978345584
2 0.4573820475668081 0.22225571404011565 0.06612479991529537 0.09083560015828454
1 0.6629637745951565 0.9668598572179136 0.19866428413027978 0.06628028556417291