1 0.850674351368544 0.2495116265515962 0.049001121339908596 0.04900112133990877
1 0.5506707341263123 0.9241870992600489 0.13130563868554468 0.1405715506842718
1 0.37803266545985775 0.9277586366168205 0.13428518801718106 0.12810791335136287
1 0.5579821527689044 0.7467342612587762 0.10365335335772627 0.18086928668045382
1 0.40666510077176793 0.7695916006126844 0.11001244135899882 0.19031701201463563
1 0.2431025874442676 0.814469390634956 0.13370448002863505 0.21246473201781732
1 0.05345028878894892 0.9002812633275002 0.08755563868554458 0.14006247334499947
1 0.4552282280792236 0.5783757072724574 0.09564085868872638 0.16359088001272665
1 0.31616627542167774 0.6471904366247747 0.09863858935390812 0.15268974267981755
1 0.15484751475967756 0.6834472046467281 0.1321237986950896 0.2108840506842718
1 0.35790778540736023 0.541221699952275 0.08259541868236289 0.1165704293443632
1 0.2532475574076784 0.5447835992998197 0.08884541868236298 0.116643154678545
1 0.3774384880649061 0.4737978426161842 0.06987724267981762 0.09767497867599957
1 0.3038373560629971 0.46058986529282003 0.06987724267981754 0.09767497867599957
1 0.40732543539145183 0.423443306612048 0.06346361067790855 0.08353975334181776
1 0.3282555533895429 0.41029896395609294 0.058812473344999464 0.0866102093411815
1 0.4091055640515431 0.37497853461172975 0.05238066000954511 0.07091248400699968
1 0.3465328387173613 0.36945578795354755 0.050890885343726745 0.07714430267345422
1 0.37274989337999787 0.339459205283275 0.04296929734245412 0.06767839600572696
1 0.38957376670908894 0.3080092106142751 0.0429329346753633 0.06455339600572696
3 0.43712092870781627 0.29807967994113904 0.08295904535327185 0.1478204293443631
3 0.1166469860757238 0.5565307159850461 0.22511237205599746 0.4150635680299077
3 0.24098227271640682 0.3636517779678651 0.13030676002545336 0.18899086935072643
3 0.3065612720400891 0.2917853212921837 0.10007382001909004 0.14177042401336298
3 0.3676345846992258 0.23559840861713868 0.10011018268618085 0.14489542401336308
3 0.4512737880330894 0.23853195727245735 0.062082924013363086 0.0991465720082723
1 0.9753374493554989 0.34414177920118794 0.04932510128900205 0.058430665340545127
0 0.39305220802831686 0.2040484166136388 0.08998974801081774 0.08072383601209036