1 0.76484375 0.22421875 0.034375 0.04296875
1 0.559375 0.9140625 0.109375 0.171875
1 0.3953125 0.93125 0.121875 0.13671875
1 0.553125 0.72109375 0.084375 0.1609375
1 0.4109375 0.7640625 0.09140625 0.1796875
1 0.2359375 0.8859375 0.12734375 0.228125
1 0.44921875 0.56875 0.075 0.14609375
1 0.31484375 0.6640625 0.08671875 0.14453125
1 0.13046875 0.7765625 0.13359375 0.2203125
1 0.3484375 0.55859375 0.071875 0.11640625
1 0.24609375 0.571875 0.07890625 0.11328125
1 0.36875 0.4765625 0.05859375 0.08515625
1 0.29609375 0.46796875 0.059375 0.08671875
1 0.39765625 0.425 0.05 0.078125
1 0.3203125 0.41484375 0.04765625 0.07421875
1 0.39453125 0.3796875 0.04296875 0.06328125
1 0.334375 0.378125 0.04375 0.06640625
1 0.35703125 0.35 0.03984375 0.0609375
1 0.37265625 0.31875 0.03515625 0.05390625
3 0.41640625 0.30390625 0.06875 0.13671875
3 0.09609375 0.64609375 0.18984375 0.440625
3 0.2203125 0.4 0.121875 0.1890625
3 0.28984375 0.30703125 0.08359375 0.13359375
3 0.3484375 0.2546875 0.08515625 0.121875
3 0.428125 0.2453125 0.05 0.08359375
1 0.94296875 0.3203125 0.06640625 0.0484375
0 0.39921875 0.21796875 0.07734375 0.06640625