1 0.03368783847705379 0.9422602351823611 0.06737567695410758 0.1154795296352777
1 0.07705096489674068 0.778653636492882 0.15410192979348136 0.23634015634451408
1 0.16247353734196332 0.6321618026210418 0.09359781574558709 0.17242182028847228
1 0.6101807857204056 0.9005958724345489 0.14586942775829587 0.19880825513090236
1 0.4338052463531426 0.8487187486688198 0.11842626623205436 0.2526548341561806
1 0.20709669602883105 0.8930791591943056 0.16160352191409721 0.2138416816113889
1 0.44227013149776473 0.6324216014423614 0.10313645697928919 0.18201502583555573
1 0.5993092897775953 0.7251754119471879 0.10664328652459396 0.20396276101791672
1 0.2485043149381035 0.44971428495361127 0.09154439204448099 0.1442604526972918
3 0.16462596712885413 0.32974531743868074 0.17007058684890541 0.25854246466513897
1 0.623870327923747 0.25836977165458386 0.060656856330665934 0.07481946846486114