1 0.5691722341648824 0.1700967930382405 0.051864028371529966 0.06435339149054782
1 0.6417997404330885 0.22435250098195864 0.058432277117888634 0.07532725292686626
1 0.757326485880742 0.4955093626146688 0.13625105172849494 0.17263859016268804
2 0.5808766122989855 0.19736782016560356 0.07519387978345585 0.11448065651766237
1 0.6390444649645526 0.15797352205919749 0.04722199247815269 0.0658886204133089
1 0.7788882149645525 0.1571599349215717 0.05025606426490725 0.06278180113146811
1 0.8125956252311092 0.15305824220135994 0.051864028371529966 0.06435339149054778
1 0.6634821753102514 0.12346216667300322 0.0535174565847754 0.06748748184962738
1 0.7102602354185237 0.18021161554153511 0.06660848997087002 0.08787270472226431
1 0.878512478754606 0.27687247122231695 0.0903187746106063 0.09738406010845857
1 0.6652098113619134 0.06408716667300322 0.034085494985435005 0.043940897540671965
3 0.6188349165347629 0.04717237744539177 0.05379024122451135 0.07686248184962738
3 0.44107100006650696 0.4653234555078313 0.29849761678482506 0.5407078549934108