1 0.5113205625490476 0.40361101411925804 0.14866012351524951 0.17293269780928675
1 0.12245767319868044 0.05039846826325778 0.03501149749271755 0.02287521034569897
1 0.23461669239901034 0.04195313394009083 0.03818196159934022 0.024528638558944348
2 0.20442204169936504 0.2651034774344578 0.09944973370266404 0.1449608105039836
1 0.2278080659142599 0.21036215314042073 0.07115959765100213 0.08481292069139794
1 0.17151391646825584 0.4218248388755135 0.13201819279472177 0.19118259263643722
1 0.35102294239901033 0.04534020988348057 0.04649456677218975 0.04194345909205775
1 0.3580231001582846 0.0713033163099713 0.059721992478152595 0.06730717194503921
1 0.2713869181841155 0.09844482633910115 0.06275606426490725 0.06427310015828455
1 0.020185782528165032 0.18402565901291548 0.031824313011266016 0.07430131802583095
1 0.06449807218246605 0.1509691181049732 0.052000420691397965 0.07020485141192578
2 0.48295490399835056 0.07259669483978579 0.06941524122451134 0.07851745658477527
1 0.4698471502374268 0.10500001788018165 0.0633016335443795 0.08302310015828458
1 0.3961967015702103 0.12237172281560431 0.06905152837152997 0.06601745658477531
1 0.019443984956305217 0.1317046410662268 0.03315949247815261 0.06653428213245363
1 0.07140965023742685 0.09340667069139796 0.04699467194503919 0.05913095909205777
1 0.011117007917558803 0.08696880258642474 0.018505959092057753 0.045812605172849484
1 0.6843081185006846 0.2322314222742436 0.11540970282385157 0.10327341567683304
1 0.5950554018867795 0.24992973614343947 0.10897784639736088 0.09684155925034225
1 0.016685046318218585 0.06371315901291548 0.030642246239076305 0.03367631802583095