1 0.116266769328723 0.8339161869306413 0.16729762607064966 0.2932837524470706
1 0.17669677186280577 0.5203373257680484 0.08990790339440444 0.14842263103285874
1 0.7027491699926529 0.8842721121544603 0.2654805960164204 0.23145577569107942
1 0.34642800976255733 0.4918824874709463 0.09301472267624522 0.14540675843752043
1 0.42340412110067993 0.42346235888515815 0.08663745764913067 0.1233135036281972
1 0.5557479467272325 0.6429713054344465 0.1481476502711466 0.22387898801910033
1 0.8928797871845079 0.7180383151379113 0.20773172852997773 0.26188990870767304
1 0.6308717083365016 0.3556920494439966 0.08173178903121965 0.08564981252120454
1 0.7846052415139889 0.3907540741235859 0.10845791549465282 0.11470239546082901
1 0.921509822994274 0.49789942992870123 0.1525988009350762 0.183417679126093
2 0.17350411505055577 0.3975446665122213 0.06473518657189174 0.11786211179556502
3 0.9190211481298471 0.3884153025240395 0.15933058996629618 0.2664484339354164