1 0.36304802061413133 0.7909049422480559 0.2250428996950003 0.3425550951740973
1 0.04670546694624974 0.3106296818957292 0.08063436379145843 0.10963087955902787
1 0.8914100631671869 0.7594290042714938 0.1909952080156252 0.35581750816812524
1 0.3615855845374303 0.3163952515186114 0.11079464247680573 0.13063436379145843
1 0.03364568854524295 0.1328858883927431 0.0547251740119445 0.06998649810013893
1 0.3833365640202082 0.15431347881718782 0.07351154160312508 0.0719854091943056
1 0.47009233482177065 0.12115744633211845 0.08008884992375016 0.08619337955902787
1 0.2895878704409721 0.08490755575517386 0.04978310087368065 0.05893989532659725
1 0.3640254791984375 0.04364808254066003 0.047893292553055564 0.04484102773541672
1 0.3609907449660069 0.0732810311538892 0.05745013050895835 0.052871733282500034
1 0.2779970602204861 0.045554115025729404 0.04484102773541672 0.04789329255305559
1 0.1263254574469444 0.04671395868121538 0.03502961664125 0.02892508700597225
1 0.8511039858479512 0.24102318996694513 0.11348323138263901 0.11195709897381949
1 0.932132514248958 0.42034897368628543 0.11915265634451373 0.1542537017473613