1 0.49765625 0.159375 0.03984375 0.0609375
1 0.7125 0.871875 0.14921875 0.21875
1 0.58359375 0.19296875 0.03984375 0.071875
1 0.73046875 0.3484375 0.08046875 0.13125
2 0.521875 0.19140625 0.04453125 0.0984375
1 0.56484375 0.1359375 0.03671875 0.0609375
1 0.71484375 0.128125 0.040625 0.06875
1 0.75234375 0.11796875 0.04609375 0.06484375
1 0.5734375 0.09453125 0.03203125 0.0515625
1 0.628125 0.11875 0.03828125 0.06640625
1 0.86953125 0.2484375 0.08046875 0.090625
3 0.51953125 0.0359375 0.034375 0.06875
3 0.45234375 0.48359375 0.16875 0.5109375