1 0.724172241632257 0.2244143053739242 0.0369953889641522 0.0508000870059722
1 0.8020006705105007 0.2652406335461812 0.042092324739800804 0.05872168977951393
1 0.8300128058566083 0.21907480157420206 0.03839411465389268 0.04771145459715278
1 0.16123282338100445 0.887829267951771 0.19272084577069998 0.19331750816812523
1 0.7455393085701416 0.2896762826725006 0.048915534825708915 0.06980466014423614
1 0.8254658259829963 0.32586966223152847 0.058536196291098366 0.0747103656913195
1 0.21526306761525324 0.519226044737257 0.11510045680654794 0.14157186379145834
1 0.919887533355371 0.26642388668031325 0.04661605042954129 0.055705792553055564
1 0.9053513998182858 0.3612817917905563 0.0601805834462283 0.07630923328249999
1 0.7709155240831169 0.4463263261754868 0.07695200361804452 0.09854790919430556
1 0.9200258107178483 0.5668414607685077 0.11065861827193721 0.1461502610179167
1 0.8075401780852743 0.6836087738387853 0.12183513568479185 0.18074346656499998
1 0.4432121687014785 0.20851132275701426 0.04012038896415202 0.050872822188333354
1 0.5983909916322571 0.22148671428388939 0.04028416327441171 0.05399782218833336
2 0.5013964829258297 0.20206260742628515 0.040857373360319825 0.06493532218833335