1 0.050344945000938265 0.9207573953294093 0.06039459897381953 0.11161020934118149
1 0.09142127383878537 0.771801727323364 0.15214830072118074 0.22827154535327185
1 0.17722887442812554 0.6309216413112738 0.09437086189159735 0.16199201734563573
1 0.5874449014979521 0.8973155165897762 0.1372857137152085 0.19373291335136286
1 0.42445328580663266 0.8445097846117298 0.1227881090418057 0.24198860001590852
1 0.20961018901701464 0.8806125586410012 0.16424825721819455 0.2112294960216353
1 0.4399834475663894 0.6388046772756389 0.10392769984750014 0.16991360534690864
1 0.5869513261754868 0.7418104039226854 0.11068684612402784 0.19186133068109007
1 0.24054387917777817 0.49733643463559235 0.10185605357097235 0.14802042401336307
1 0.28217225398715334 0.7078466732972744 0.1395028303564585 0.22187609468490824
2 0.29008797786725726 0.41001770062859266 0.08764808320625014 0.14160679201145393
2 0.028569249618750354 0.42165682399745463 0.04051851006798622 0.1301238520050907
1 0.5625844929692366 0.6014308519255489 0.08343336189159736 0.16186474801081766
2 0.11955596589941 0.3354187846515007 0.08855596656500012 0.11349997334499946
0 0.4671381742962849 0.26104275660409376 0.07006053970326391 0.12421929734245411