1 0.1277680518615089 0.7710488622821623 0.18075722116625165 0.2596404813887503
1 0.2749552889293852 0.8209311999572189 0.19264946740532798 0.29296240363849113
1 0.6753995021115711 0.20591209139460087 0.05847774122451135 0.0791823858558109
1 0.6033570175509773 0.18143432216417854 0.050483384798020656 0.07256851282028158
1 0.7106072278966762 0.15200799544737684 0.05016513605166182 0.061631012820281585
1 0.6122486327529566 0.25225624441391953 0.06022209765100221 0.08550516046291676
2 0.11339462945425131 0.5122175177826802 0.14033079796757125 0.21094611621110387
2 0.09865984270294417 0.3464640851938571 0.09935880548941863 0.1435017510334573
1 0.2173105543022844 0.3285210680303493 0.08415970282385157 0.10378427956950453
1 0.741245810966202 0.25513514950015276 0.06495506175762475 0.08728598428423426
1 0.40184467867546375 0.3316397216688405 0.07712009263643722 0.12998290653397532
1 0.7754676982715051 0.20822591624937575 0.07143238229073816 0.09538958271265771
1 0.3380837070469937 0.2645206881703945 0.057142561757624756 0.08692211124870504
1 0.7564496106496328 0.3778834447854231 0.0895746285298145 0.12900260339082212
1 0.8274082829903835 0.17074734098031613 0.05829588479802048 0.0729323858558109
1 0.42933684435229685 0.22026772807898126 0.0489663489046432 0.07405823821317573
2 0.689713088546309 0.4936860731976358 0.11331365690134447 0.1940839478903042
1 0.25917510853806175 0.18026765860088992 0.04704013605166182 0.06148546360606986
1 0.394300266297336 0.16074502481199365 0.03918217194503919 0.05955909057054058
1 0.9395743477175091 0.4294395984239142 0.09600648495630537 0.13554370181924558