3 0.06592079750535282 0.5203125 0.1148380191338229 0.45625
1 0.36643865690134436 0.1890625 0.07616534639736088 0.09375
1 0.38510975204506404 0.29375 0.10243834138279598 0.1375
1 0.18563155542291163 0.60703125 0.2027686134861197 0.25625
1 0.3688365120076869 0.67421875 0.17767768527287436 0.253125
1 0.41233383010002483 0.2359375 0.07929034639736088 0.09375
1 0.4708774189755383 0.3953125 0.10569973370266403 0.1421875
1 0.4751460671679011 0.19296875 0.06817098997087001 0.0875
1 0.5345725429530063 0.2484375 0.07290395407749273 0.0890625
3 0.46028193362352166 0.11171875 0.10275659012915472 0.1484375
1 0.5170236786089568 0.15546875 0.05039245658477522 0.0671875
1 0.5521943004748537 0.1828125 0.05999477711788863 0.075
3 0.8925608877010145 0.67109375 0.214878224597971 0.5390625