1 0.4905902505481542 0.2313289258424839 0.052946439925866076 0.08728716837349922
1 0.6355281728811892 0.7885407283180281 0.16156750489414157 0.33998650512049744
2 0.5693650365756708 0.351777204711092 0.09975200725639422 0.17733531570031094
1 0.5670783394782285 0.2827541889260764 0.06459326805616747 0.1082367052052021
1 0.8171006098118305 0.677776075517783 0.18651294119181044 0.33988008930724706
1 0.6194890660645835 0.19421460466873963 0.06097719473518968 0.09399219468185845
3 0.4902504885672546 0.08413540742663246 0.050694459163159955 0.11210515785015547
1 0.7228546574417286 0.08124343878490205 0.036121038474587405 0.05200211575678069
1 0.550052074502104 0.09779536000099866 0.033105165879249124 0.054945105233436986
1 0.6109796508183066 0.12404631783703668 0.039191474772256464 0.050621626280124364
1 0.7435714068087564 0.2053557729716516 0.06528274881887378 0.08332771046687401
1 0.5795858070789089 0.08151020734192785 0.031324411069925694 0.04860409997176514
3 0.4153074752355927 0.5040692048522664 0.19689491360181446 0.5478745998305907