1 0.9406895205032381 0.2703125 0.06640873920022691 0.0671875
1 0.6684201617028979 0.16953125 0.026200401451278842 0.034375
1 0.6341816703100543 0.91171875 0.1324553798517325 0.16875
1 0.47406262584501724 0.93515625 0.140466287293461 0.1296875
1 0.2858632213985135 0.9375 0.15124009618646844 0.125
1 0.13821689508231091 0.96015625 0.11215774881887368 0.0796875
1 0.6011260897326826 0.72578125 0.1090178798517325 0.16875
1 0.4651439497141491 0.746875 0.11036212504240908 0.1625
1 0.33288701042125507 0.78515625 0.12976688947037934 0.18125
1 0.18541429889584243 0.83515625 0.14059526206571754 0.178125
1 0.10497034154678106 0.76875 0.11957343393541646 0.1578125
1 0.47124263837407093 0.5859375 0.09904267912609299 0.1515625
1 0.35799115942546317 0.65390625 0.0952629146981228 0.1328125
1 0.22610624236508775 0.68046875 0.12022819836338669 0.1765625
1 0.3729861876484315 0.56875 0.08199902286549073 0.1109375
1 0.2796181335647475 0.5796875 0.08685021397248338 0.115625
1 0.37772576215053555 0.503125 0.0720238221398513 0.09375
1 0.30646832104354305 0.4984375 0.07191469473518967 0.090625
1 0.3990079959084668 0.44140625 0.05747024881887368 0.0796875
1 0.31948418701545933 0.44609375 0.05736112141421188 0.0765625
1 0.38659727594553367 0.39921875 0.04776786660488854 0.0703125
1 0.3259325944571879 0.40703125 0.05083830290255768 0.06875
1 0.3434549111547437 0.371875 0.04593254809323426 0.0625
1 0.3548090734057957 0.3390625 0.04587798439090331 0.0609375
3 0.3989038137871489 0.3265625 0.08325398801910042 0.146875
3 0.15053826877395754 0.55234375 0.2740129411918106 0.3296875
3 0.23140134445718794 0.40703125 0.12993058057737183 0.1859375
3 0.2741766322988031 0.334375 0.08772323320977708 0.140625
3 0.3188963660567343 0.27265625 0.10000497840045366 0.134375
3 0.4023809886520726 0.26953125 0.06264882213985139 0.09375
1 0.4991443720471841 0.19921875 0.024474210344286363 0.0296875
0 0.8861210715916972 0.29609375 0.07536707694917481 0.1
1 0.6543130216843644 0.190625 0.027872028855940555 0.0375
1 0.591369077582147 0.22265625 0.03590278366526398 0.04375
1 0.5411408990890261 0.19375 0.024474210344286186 0.0296875
1 0.5185764183263198 0.21875 0.026364092558271324 0.0390625
1 0.7608482530800429 0.28828125 0.05051092068857255 0.059375
1 0.9853943687354733 0.38203125 0.02921126252905353 0.065625