1 0.3984375 0.5203125 0.04921875 0.0609375
1 0.45234375 0.51875 0.046875 0.078125
1 0.33984375 0.571875 0.04765625 0.071875
1 0.41015625 0.55625 0.05234375 0.06640625
1 0.57578125 0.96015625 0.103125 0.0796875
3 0.23203125 0.81484375 0.25625 0.3703125
1 0.5015625 0.52890625 0.05390625 0.071875
1 0.51484375 0.4640625 0.05703125 0.05546875
1 0.484375 0.896875 0.13671875 0.1796875
1 0.53984375 0.75625 0.07578125 0.128125
1 0.51953125 0.6765625 0.07109375 0.109375
2 0.52265625 0.56328125 0.05078125 0.09453125
1 0.56953125 0.61953125 0.071875 0.0984375
1 0.66484375 0.60703125 0.06171875 0.11640625
1 0.6171875 0.553125 0.05 0.07578125
1 0.4234375 0.61875 0.09296875 0.09453125
1 0.634375 0.50078125 0.04140625 0.0609375
1 0.67578125 0.4484375 0.0375 0.05546875