1 0.8798009537361736 0.33609840341515723 0.06030230032431163 0.054161394480112965
1 0.44417395617510075 0.9075929427791248 0.14200804220663682 0.17117734496658024
1 0.2874563518730297 0.892365183443634 0.14653190097293473 0.16188416558343127
1 0.0998978506552137 0.85424539488715 0.1637194009729347 0.162184174511885
1 0.4861819983817375 0.7381611043053663 0.12029668344033873 0.18017051542127546
1 0.3514757617744181 0.7147390154245707 0.12194100405718977 0.18488528896022594
1 0.19498029992386504 0.7315288693196048 0.15360010714144487 0.20886825973923262
1 0.05696347159308098 0.7387528084419864 0.11392694318616196 0.2131193831160271
1 0.42052754505260104 0.5620173900191814 0.10911372158978576 0.16591710064862325
1 0.2872377581209701 0.5916793908299602 0.11355575973923263 0.15193642126547413
1 0.14751673904624668 0.5870891225660156 0.14249896590774283 0.19930234496658022
1 0.33702529829901196 0.5134901611224997 0.09593188311602727 0.12663641233702042
1 0.2443565572274657 0.49792543669004485 0.09902960957707689 0.12512845941492118
1 0.3669543060096497 0.45439185065191834 0.07828073295387146 0.09977390340856651
1 0.30176568263285514 0.43053733928783267 0.08146028003177212 0.10295345048646745
1 0.40676682833078404 0.41074126217815987 0.06553527110331832 0.08549321509696384
1 0.33297081818451435 0.38781800527830107 0.06389095048646727 0.08077844155801364
1 0.41382139772981913 0.36453841802235853 0.05432503571381488 0.06967730032431155
1 0.3546645860414218 0.35307481250247147 0.05602390340856669 0.07751707386326193
1 0.3840208494341024 0.32678900203189015 0.049637535713814976 0.06959547970746058
1 0.409470862826783 0.3005713754086847 0.04802048863591431 0.06644320616851021
3 0.45324813636573336 0.2982452163180752 0.09793075973923263 0.1516636858759707
3 0.1352226594976466 0.44916242857237004 0.2704453189952932 0.3860501428552599
3 0.26921800974252796 0.3264498571447402 0.13918305113509044 0.18831029788867956
3 0.334166899758414 0.2745503920477762 0.11191143912238158 0.14722164772652385
3 0.3989112382321725 0.2343696769508123 0.11333757142762994 0.13943642126547412
3 0.47688623376794564 0.24159975000329528 0.06723413879807012 0.0933329886359143
1 0.9716378518697344 0.39931937784761196 0.04325116801906326 0.061673885551659244
1 0.936045225246529 0.42493303247399467 0.057340941558013725 0.06348184740221222
0 0.3862981899364558 0.19632025203189019 0.08272277110331831 0.0857932240254177