1 0.68576880747618 0.17526797036867442 0.03940793364502539 0.06005683847375849
1 0.6979279190106943 0.23407990868027712 0.04726588544042354 0.0680057061685102
1 0.3614075942679045 0.5969933713449044 0.13397606596219108 0.2023182508107789
1 0.8284330304470128 0.23010724918263054 0.048773843285945875 0.05865797970746058
1 0.7859591841360049 0.27858961363097134 0.056704517953980724 0.07910684740221222
1 0.886286437062871 0.22408512012379314 0.048810204722264314 0.06490797970746058
1 0.3819256691088901 0.29341440381230843 0.07244769262201593 0.09969208279171564
1 0.8803768046475096 0.2997709127374669 0.0676511083130606 0.0808602621748646
1 0.7210921873574586 0.41575264853400745 0.0740738251355733 0.11065685633066594
2 0.8528325458669108 0.4680572625753111 0.08837267447164336 0.15152731818121906
1 0.9460108950065891 0.2993539013733812 0.0613647468767418 0.07450116801906326
2 0.36472959963065765 0.16028825811437955 0.058376102262936325 0.09788412094116258
1 0.9358768500234411 0.42965901013967916 0.09135222872636958 0.12658186525911966
1 0.49831880445111787 0.16340139569463363 0.04249657220870695 0.05386138555165916