1 0.41171875 0.4984375 0.05234375 0.06640625
1 0.46015625 0.49140625 0.05625 0.06640625
1 0.35390625 0.5546875 0.05078125 0.07421875
1 0.4296875 0.6140625 0.06953125 0.09453125
3 0.37578125 0.80703125 0.21640625 0.38515625
3 0.50078125 0.6015625 0.15703125 0.26875
1 0.578125 0.525 0.04609375 0.06875
1 0.60859375 0.48671875 0.040625 0.0609375
1 0.69296875 0.81171875 0.10625 0.1703125
1 0.4625 0.521875 0.07109375 0.071875
1 0.6359375 0.46875 0.03515625 0.05546875
3 0.58046875 0.4359375 0.084375 0.10390625
1 0.6578125 0.43984375 0.0375 0.05703125