1 0.22890625 0.92109375 0.15078125 0.15703125
1 0.78515625 0.86484375 0.24765625 0.2703125
1 0.35625 0.128125 0.05390625 0.05390625
2 0.0859375 0.45625 0.090625 0.2015625
1 0.3328125 0.38515625 0.09609375 0.13359375
1 0.46953125 0.11171875 0.05078125 0.05703125
1 0.43671875 0.134375 0.05546875 0.0609375
1 0.57421875 0.12421875 0.05625 0.05703125
1 0.42109375 0.3234375 0.08828125 0.11484375
1 0.20078125 0.3796875 0.07421875 0.11875
1 0.553125 0.14609375 0.05859375 0.0609375
1 0.26328125 0.27109375 0.06875 0.09609375
1 0.4859375 0.19609375 0.07421875 0.06640625
1 0.52109375 0.16953125 0.059375 0.0609375
1 0.11875 0.275 0.06796875 0.1109375
1 0.11484375 0.21015625 0.04921875 0.071875
1 0.23359375 0.165625 0.04609375 0.06640625
1 0.94453125 0.359375 0.11015625 0.1015625