1 0.79677758197589 0.24244456122695945 0.05500176051544976 0.06622498400699968
2 0.8556612590451115 0.23237867055223255 0.05195864767057934 0.06775112133990877
1 0.7519497608541339 0.28205250123332276 0.06018058344622812 0.07565452800763595
1 0.3586578635222388 0.4445376039545021 0.13491498982323477 0.16084768801718105
1 0.2017118227036359 0.4330744873090466 0.13417800542706687 0.14678518801718105
1 0.32011326266315615 0.33554441195895646 0.10309842378986112 0.11987724267981754
1 0.3305384283124169 0.236143848623502 0.07958568068726608 0.08837270401018138
1 0.7571053296010408 0.39534284190009555 0.08196705223856356 0.10401588534372674
1 0.8945334085247133 0.34762186254777816 0.07637879353213606 0.08677384134309048
1 0.864321365331261 0.48712071455286887 0.1013721494796016 0.11673406134627218
1 0.7355722455889859 0.5214513559039136 0.10531602103089917 0.13239542401336307
1 0.46278104025277605 0.20880809460536645 0.06848440637700648 0.0851204346753633
1 0.9845398535726162 0.4074048478676424 0.030920292854767696 0.10995680267345413
1 0.9631838319758901 0.5576957492043696 0.07363233604821992 0.13241360534690844
1 0.744631821571982 0.8285644219048681 0.18169481456303557 0.21916926535645373
1 0.9280208536841578 0.8225218652132782 0.1381152329258299 0.1921158693507266
1 0.5790301599950511 0.17462290392268537 0.04488977611928178 0.05205339600572696
1 0.483355811849502 0.13899503393541207 0.04513543758467122 0.056740896005727