1 0.7451744979710468 0.2045814818985047 0.04287839067472685 0.05986589600572696
1 0.12456890726450318 0.5055131086489554 0.1282533640197264 0.14678518801718105
1 0.30957806456877723 0.717393848623502 0.16044879336408951 0.22839881468808976
1 0.8035500719685015 0.2226496818905505 0.045985209341181485 0.05833975867281786
1 0.6928756539624563 0.26846271590550436 0.05241702267663584 0.07403748400699968
1 0.8551489346355924 0.2189246978835508 0.03975339067472703 0.059829533338636144
1 0.29039390193350306 0.48639838729313817 0.11737040802036276 0.15134541868236298
1 0.7749614479630926 0.2628206958943685 0.05087270401018138 0.07558180267345423
1 0.19841658195418393 0.3351455173058649 0.0933692866804539 0.10263519867918128
2 0.5120160052912291 0.30415640993000326 0.07480110001590852 0.11804202267663584
1 0.44594610996181994 0.27602286660568465 0.06509883601209036 0.08980793467536322
2 0.716047882598685 0.49238147390200454 0.1036169906906352 0.1777442866804538
1 0.3703381299729558 0.19488250194941142 0.04903748400699968 0.05212612133990877
2 0.45880119330841024 0.17823025660409378 0.039807934675363296 0.06451703333863615
1 0.5062210859723194 0.19798822593095772 0.04126134667409058 0.055160214672181594