2 0.2344400524080144 0.7931404250608185 0.2335862222834617 0.4029078731437833
1 0.4847421177810302 0.2026416483262389 0.06917724687674216 0.07383747579950314
1 0.7308091175846385 0.0715269619507389 0.03626475292686635 0.05645907825883121
1 0.5822983738311545 0.21926100088376277 0.06304542154477702 0.0941136143631847
1 0.5920688044511179 0.15123770872928505 0.044131795081343836 0.06587953005422928
1 0.6729592143866258 0.34685421487760515 0.07731699980360815 0.1301329275949013
1 0.7515983405554714 0.12374799210316408 0.04567611436318479 0.0627636204133089
1 0.6577074399897372 0.14851216364794112 0.04573065651766246 0.0721386204133089
1 0.889361440087933 0.21200599532461792 0.06925906010845857 0.08789997579950323
1 0.5970017441462675 0.10902293765204622 0.03786361436318479 0.06271816861791084
1 0.6478420814802851 0.09857125098195865 0.041043156517662285 0.07211134933607007
1 0.9545319221339522 0.28974920024327394 0.08817268657189174 0.11613406010845857
3 0.49070174717132964 0.11823483206946024 0.1353567587805987 0.16953177088084712